Key,Array
A105A034ZG9EHO,"[0.0, 0.0, 0.0, 0.0, 0.0, 0.0, 0.0, 0.0, 0.0, 0.0, 0.0, 0.0, 0.0, 0.0, 0.0, 0.0, 0.0, 0.0, 0.0, 0.0, 0.0, 0.0, 0.0, 0.0, 0.0, 0.0, 0.0, 0.0, 0.0, 0.0, 0.0, 0.0, 0.0, 0.0, 0.0, 0.0, 0.0, 0.0, 0.0, 0.0, 0.15593040190002172, 0.13906764944803848, 0.07206916357714185, 0.06463534271567481, 0.10570386531492275, 0.10600135260983516, 0.07457009381607432, 0.15002515843897313, 0.10023758961897433, 0.051705122635750375, 0.06710269234962284, 0.14429469695553315, 0.06722338150333396, 0.11861752837247305, 0.12113119357544838, 0.13275876445213924, 0.06238496584673787, 0.05277262684961092, 0.17338353131256923, 0.15616346231704517, 0.10929229990970932, 0.07028148201257226, 0.0558060841442898, 0.17462266780317182, 0.1283534010803416, 0.03472214208744417, 0.06305371143380789, 0.0824687930414526, 0.10819854895021645, 0.0649725082053529, 0.050429765414242, 0.1457342455295797, 0.06073056162323734, 0.05861286942025946, 0.15860165303510393, 0.12264598364125934, 0.10654477728578836, 0.1767585441258017, 0.14320892875222735, 0.028120014881679888]"
A10JB7YPWZGRF4,"[0.6397714018821716, 1.6610047817230225, -0.701347827911377, -0.701347827911377, 1.548989176750183, 0.0, 2.012866735458374, 0.0, 0.0, 3.146115779876709, 0.0, 0.3198857009410858, -0.701347827911377, 2.124882459640503, 2.124882459640503, -0.9253791570663452, 0.6397714018821716, -0.701347827911377, 0.7837632298469543, 0.0, 1.6610047817230225, -1.0212334394454956, -0.701347827911377, 0.0, 0.5277556777000427, 0.0, 0.0, 1.6610047817230225, -0.701347827911377, 0.0, -0.701347827911377, 2.9220845699310303, 0.3198857009410858, 0.0, -0.701347827911377, 0.6397714018821716, -0.701347827911377, 0.3198857009410858, 2.124882459640503, 0.7837632298469543, 0.05434317634881911, 0.10031872575456115, 0.12198664700335085, 0.148100028836136, 0.07814971947135552, 0.10647475035233502, 0.04234727910894143, 0.09389028470927442, 0.042202554339229995, 0.026735009136501384, 0.1616674653628386, 0.1105064042219924, 0.04887744899337367, 0.06064777889678273, 0.057636576267237186, 0.08259952820925452, 0.0718638361084249, 0.03689398462751266, 0.06364449126635147, 0.02000148310744991, 0.11613603567528306, 0.12877217474392239, 0.0319882420759453, 0.0477222403645683, 0.049683148665576056, 0.13534867688231153, 0.041076159381706924, 0.033942856621109616, 0.06439270318421714, 0.021510865929436726, 0.0324801390252739, 0.09511349200832761, 0.14579102858911092, 0.06831837762545674, 0.1641204366179958, 0.028034737774304763, 0.022889617467351697, 0.1473705142479996, 0.0246033045152053, 0.12451711321125546]"
A10M2MLE2R0L6K,"[3.764075756072998, 2.426199436187744, 1.6595587730407715, 0.8647207021713257, 2.0835037231445312, 0.0, 2.6909120082855225, 0.5518532991409302, 1.6587141752243042, 1.9153751134872437, 0.8647207021713257, 1.9549480676651, 2.211411952972412, 2.3795409202575684, 2.0835037231445312, 2.0835037231445312, 1.9153751134872437, 0.7199820280075073, 2.396371364593506, 0.0, 2.0835037231445312, 1.9153751134872437, 4.328358173370361, 1.3635218143463135, 4.481853008270264, 0.0, 0.6089043617248535, 3.921341896057129, 0.7199820280075073, 0.6089043617248535, 1.0977140665054321, 2.2282426357269287, 0.0, 0.25581637024879456, 1.1549218893051147, 2.396371364593506, 1.9153751134872437, 1.6595587730407715, 2.629521369934082, 2.0835037231445312, 0.05769379312387141, 0.07679567590191513, 0.13212217409519916, 0.14460101766398054, 0.10880385286356639, 0.09085414065003744, 0.03283849904425913, 0.10314910641981677, 0.0157020738005802, 0.007255914274420831, 0.042386651792232485, 0.04256985313095031, 0.06989680348618868, 0.11135774474454734, 0.05263855912574874, 0.047577149100491316, 0.06001120063744612, 0.03701471337832941, 0.10552553195577492, 0.005941919837686036, 0.11293563058608544, 0.09707365242672081, 0.03393793424317976, 0.11591369144519402, 0.13106241263184243, 0.026346845358998724, 0.05027059106169061, 0.11197143650247973, 0.10705268842414538, 0.01744968963263982, 0.13915535128031245, 0.05613918614337578, 0.03894449727178639, 0.04988566540742467, 0.13127583344263105, 0.056001272751317124, 0.05410081389899324, 0.01607367136762195, 0.009571436279915474, 0.10042663874999751]"
A10P0NAKKRYKTZ,"[2.9686365127563477, 1.4545260667800903, 1.448833703994751, 1.4545260667800903, 2.9686365127563477, 0.0, 8.685205459594727, 0.9276717901229858, 1.8496512174606323, 2.3765053749084473, 0.9276717901229858, 6.50001335144043, 1.4545260667800903, 2.9686365127563477, 6.505705833435059, 2.046656847000122, 5.913574695587158, 6.505705833435059, 2.9686365127563477, 0.0, 2.046656847000122, 0.9276717901229858, 2.9686365127563477, 0.0, 6.505705833435059, 0.0, 0.0, 0.5268542170524597, 2.9686365127563477, 0.0, 0.5268542170524597, 3.634025812149048, 0.5268542170524597, 0.9276717901229858, 1.448833703994751, 4.226156234741211, 1.4545260667800903, 0.5268542170524597, 8.685205459594727, 2.9686365127563477, 0.08073979971127263, 0.16615321821009063, 0.16396473351921537, 0.14251013998162598, 0.1711617413610088, 0.04229217564525042, 0.05982724272471898, 0.11656403402766471, 0.16859025738965408, 0.1688163559569191, 0.14180459711915924, 0.03716806342479459, 0.07207557133938178, 0.045678539047515024, 0.1318733306613625, 0.09482841277590595, 0.13356094463009854, 0.0575985878244099, 0.16697852409035704, 0.175771119787759, 0.07342338077910855, 0.13379586836755308, 0.07909999621108973, 0.04181377139813984, 0.1388630995912266, 0.07776958991355128, 0.1373969420761562, 0.05557641944294575, 0.036546665087886086, 0.16457162552591637, 0.041344083026538886, 0.13607296797462906, 0.08288781520065884, 0.09054475848399456, 0.09415694119326097, 0.1582290957712836, 0.10567151679128735, 0.13575308712405146, 0.09404813126770441, 0.16438128412675448]"
A10ZJZNO4DAVB,"[0.0, 0.0, 0.0, 0.0, 0.0, 0.0, 0.0, 2.5277817249298096, 0.0, 0.0, 0.0, 0.0, 0.0, 2.5277817249298096, 0.0, 0.0, 0.0, 0.0, 0.0, 0.0, 0.0, 5.055563449859619, 0.0, 0.0, 0.0, 0.0, 0.0, 2.5277817249298096, 0.0, 0.0, 0.0, 0.0, 0.0, 0.0, 0.0, 0.0, 0.0, 0.0, 2.5277817249298096, 0.0, 0.17433233291535644, 0.08450296278938701, 0.0606530286257044, 0.05236997674735167, 0.09099074405278494, 0.0990264617509185, 0.1250620584369347, 0.05621836001285842, 0.14180272541303812, 0.07665489536223781, 0.05399927717009998, 0.17012031435497757, 0.11090161846149166, 0.07798246265004935, 0.12990422912611185, 0.06873967662137347, 0.05804538914166572, 0.12052266725878014, 0.09204827410103016, 0.07538742601005934, 0.0790788312513103, 0.10348859173522963, 0.14034746269874646, 0.12722318195945256, 0.07796627376209832, 0.03729552788915773, 0.11110606363158652, 0.06801593155004099, 0.1249773894149626, 0.18400374238412454, 0.17850332356855036, 0.10078279492386504, 0.12403177432343411, 0.13048919332446546, 0.14364423027329334, 0.04738779058617428, 0.07945876486057052, 0.044279596996302746, 0.07719836505347728, 0.16216691793952248]"
A1118RD3AJD5KH,"[1.0946390628814697, 1.0946390628814697, 0.0, 0.5473195314407349, 1.0946390628814697, 0.0, 1.0946390628814697, 0.0, 1.0946390628814697, 1.0946390628814697, 0.5473195314407349, 0.5473195314407349, 1.0946390628814697, 1.0946390628814697, 1.0946390628814697, 1.0946390628814697, 1.0946390628814697, 0.5473195314407349, 1.0946390628814697, 1.0946390628814697, 1.0946390628814697, 1.0946390628814697, 0.5473195314407349, 0.0, 0.5473195314407349, 0.0, 0.0, 0.5473195314407349, 0.0, 0.5473195314407349, 0.0, 1.0946390628814697, 0.0, 0.0, 1.0946390628814697, 0.0, 0.5473195314407349, 1.0946390628814697, 1.0946390628814697, 1.0946390628814697, 0.14544500807212216, 0.05675444667720514, 0.04661686183141686, 0.07754829311828297, 0.06948427913586022, 0.09468658428202952, 0.036571096929297144, 0.10037794273529793, 0.10608051447462288, 0.030920748011323867, 0.1582481489869281, 0.16845030062613328, 0.04737423640224486, 0.020125903326825807, 0.08161166013809701, 0.0996623457271642, 0.1593356126222468, 0.03164898071002651, 0.11574790925438828, 0.09041499984268594, 0.15869610694897235, 0.040542364702656236, 0.05527545224229024, 0.15400448746248474, 0.1563985504640698, 0.08890523724395626, 0.02455479992053429, 0.027381174478303908, 0.09406596495202753, 0.05598523366518347, 0.1519833523343314, 0.06146258329487797, 0.15482189287433223, 0.03723764480906569, 0.15185670020062436, 0.06428124513523857, 0.04371349897012443, 0.04055598352555923, 0.1332121512540679, 0.05931939961736993]"
A115LE3GBAO8I6,"[3.040534019470215, 3.3354856967926025, 14.647539138793945, -0.9487089514732361, 3.040534019470215, 0.0, 14.50764274597168, 10.40195369720459, 0.0, 13.840828895568848, 0.1483730673789978, 3.3354856967926025, 4.290567398071289, 13.442487716674805, 13.737439155578613, 14.39756965637207, 3.3354856967926025, -0.8003358840942383, 4.290567398071289, 0.0, 4.290567398071289, 4.135821342468262, 4.142194747924805, 4.135821342468262, 13.442487716674805, 0.0, 0.0, 3.847242593765259, -0.03681483119726181, 10.216765403747559, -0.2885787785053253, 13.545877456665039, 0.0, 0.0, 10.365138053894043, 3.2905032634735107, 14.686147689819336, 3.4388766288757324, 13.552560806274414, 13.442487716674805, 0.12782557823666554, 0.16965584534607625, 0.10982293804492003, 0.08574525009427644, 0.15535231519107068, 0.130040136545304, 0.05463495983682397, 0.09558776118275317, 0.07323879872593787, 0.0992380157419534, 0.10456167448613543, 0.041124969486042856, 0.17438216429682038, 0.09788924800019858, 0.03144439313729881, 0.15325579335937284, 0.10086426104896085, 0.18015534199345534, 0.07111789371375267, 0.12338741652403604, 0.13893520738834797, 0.03645278541445148, 0.036261955738321396, 0.11940924491942535, 0.13076714595218294, 0.12279033377997432, 0.10356085149141381, 0.04935812787103618, 0.09995416504458615, 0.15504923879205243, 0.15563700359035812, 0.12837409990971455, 0.17590077175682217, 0.12250548404362793, 0.03915204768460534, 0.07182194570884567, 0.1412304084520766, 0.054699577409753675, 0.16036260361119556, 0.04280052147086122]"
A11AZPF8R6A1F8,"[14.596071243286133, 14.596071243286133, 5.510303020477295, 6.057624816894531, 14.596071243286133, 2.4814906120300293, 14.596071243286133, 0.547321617603302, 6.604277610778809, 12.114580154418945, 6.604277610778809, 6.057624816894531, 14.596071243286133, 14.596071243286133, 12.114580154418945, 14.596071243286133, 12.114580154418945, 6.057624816894531, 14.596071243286133, 6.604277610778809, 14.596071243286133, 9.633090019226074, 8.539114952087402, 2.4814906120300293, 8.539114952087402, 0.0, 0.547321617603302, 6.057624816894531, 3.0288124084472656, 6.057624816894531, 5.510303020477295, 14.596071243286133, 0.0, 0.0, 9.633090019226074, 3.0288124084472656, 3.5761337280273438, 12.114580154418945, 14.596071243286133, 14.596071243286133, 0.029429418535198062, 0.14579699377832175, 0.15834240775680222, 0.02476236791738835, 0.13936172160238577, 0.15502915829685104, 0.15963384154079904, 0.0860327889566702, 0.08693626218830369, 0.12506517432567327, 0.0849732265212742, 0.15960403821214458, 0.11753124507269545, 0.05872891996711782, 0.12284639839284105, 0.12946486437904736, 0.14795955582731884, 0.15307913205301324, 0.16065520547169748, 0.06060210809278432, 0.14573792192927765, 0.1651203554830945, 0.14827511720020106, 0.10810886049705092, 0.02143742752917391, 0.05996313167237122, 0.02631114645833796, 0.08784800687308805, 0.11620668650392423, 0.14655910497669183, 0.06896011580212973, 0.15591086135081347, 0.03475442589174, 0.08405918021908512, 0.0856384484216397, 0.07588723681869904, 0.10586935188940777, 0.02609726777701214, 0.1341779536138015, 0.1513653633120861]"
A11L1TI883AOSV,"[-1.6177650690078735, 0.040120307356119156, -0.0766405463218689, 0.5365581512451172, -0.9048409461975098, -0.0766405463218689, -0.9896466732025146, -1.4518280029296875, 1.0990217924118042, 0.7660343647003174, 0.5518490672111511, 0.05678452178835869, -0.2037191092967987, 0.6025840044021606, 0.014177572913467884, 0.42614373564720154, 0.014177572913467884, 0.17762792110443115, -3.4519052505493164, 1.0990217924118042, 0.7660343647003174, 1.0990217924118042, -3.2530109882354736, 0.0, -3.7343807220458984, 0.0, 0.4858231544494629, -0.9578770399093628, 0.7152994275093079, 0.776648998260498, -0.0766405463218689, -2.0380449295043945, 0.0, 0.0, -1.0553014278411865, -0.24009090662002563, 0.4391336739063263, 1.3284980058670044, -1.735194206237793, -0.8918511271476746, 0.05832664666946553, 0.12656066538302024, 0.14187163509233025, 0.16725126043787777, 0.10753827530506781, 0.08444042239992387, 0.08424853738842383, 0.12317725150958722, 0.08982977260034353, 0.13618328708906335, 0.07087322413357273, 0.10711227740136242, 0.034896206843066414, 0.07634292698970262, 0.09183167397775574, 0.08615102987537629, 0.03881515330461301, 0.16272569546945714, 0.10962432907850568, 0.039102221555264244, 0.11593672513071622, 0.06344079675116825, 0.12261168009388325, 0.024997982729625563, 0.14441254704494247, 0.04816271305241429, 0.08193274090546288, 0.07920507541833613, 0.10209975729319318, 0.1695784208550568, 0.09623562802804976, 0.030592560095892816, 0.08680254802904859, 0.16039371239578107, 0.16571942142626225, 0.023033051455711242, 0.16227171350968067, 0.16764561331153024, 0.13101354447397098, 0.15631691506139975]"
A11QGZ39A7ZF0X,"[12.017701148986816, 9.173330307006836, 7.608542442321777, 5.742439270019531, 11.507451057434082, 1.1293447017669678, 12.295565605163574, 0.5220671892166138, 3.1591506004333496, 6.677099227905273, 0.7400888204574585, 8.731670379638672, 8.0084810256958, 9.567106246948242, 10.105713844299316, 7.3783464431762695, 8.42586898803711, 4.264939785003662, 12.390209197998047, 0.3648776710033417, 9.781270027160645, 9.623355865478516, 12.396273612976074, 5.790154457092285, 10.370207786560059, 0.0, 0.0, 11.274197578430176, 2.6637227535247803, 2.9737963676452637, 3.6669161319732666, 9.701372146606445, 0.0, 0.0, 1.7562119960784912, 10.087986946105957, 7.784815311431885, 8.893780708312988, 11.263079643249512, 11.072381019592285, 0.07416891332855491, 0.11406350031485804, 0.07344908220144235, 0.0510285397314959, 0.07974005783328418, 0.09757901424619735, 0.024165138794990354, 0.15226042856947525, 0.10578168099269536, 0.14119824169977305, 0.030701439537488755, 0.15809597266980496, 0.06298179363522736, 0.02321769603806647, 0.03358229934714344, 0.14662701017373111, 0.07517074306169777, 0.0520277333524752, 0.17305589536761054, 0.07703469082613552, 0.13149494124324318, 0.004405819415470758, 0.047444550688139964, 0.012947552352259216, 0.14103924811645097, 0.08253534519275083, 0.09023375794062805, 0.12141665955800203, 0.018141119743286624, 0.10765851648063009, 0.15199697228163547, 0.13081276792482585, 0.10213609284215223, 0.1683096351126334, 0.045784269759566974, 0.15234239120670623, 0.035735457931053656, 0.12859081848761827, 0.02486514512209427, 0.0656103763518381]"
A1210QJT54O8T0,"[31.685379028320312, 31.574813842773438, 29.278507232666016, 24.941646575927734, 31.574813842773438, 4.856130123138428, 31.685379028320312, 14.661458969116211, 9.82669734954834, 18.806116104125977, 7.5435380935668945, 29.888185501098633, 31.574813842773438, 31.574813842773438, 30.74764633178711, 31.574813842773438, 30.63707733154297, 29.699344635009766, 30.63707733154297, 5.0004682540893555, 30.63707733154297, 17.175710678100586, 31.574813842773438, 14.529890060424805, 31.574813842773438, 0.0, 5.634648323059082, 30.63707733154297, 25.954952239990234, 1.3496912717819214, 13.743274688720703, 25.798505783081055, 0.9058055281639099, 0.10217814892530441, 25.131925582885742, 18.113283157348633, 28.608306884765625, 17.43796730041504, 31.574813842773438, 31.574813842773438, 0.17633961235425788, 0.058059361668362806, 0.089179130903335, 0.06495187333359843, 0.16498095533607554, 0.15812706849977048, 0.16254814996450903, 0.09251462105176769, 0.13961623291666286, 0.09658703703472339, 0.09270014061774154, 0.043849051699620556, 0.14396983067671915, 0.16336855088932542, 0.13970491961842324, 0.15438624273369614, 0.13659814390659736, 0.16659354749483565, 0.05354756232800737, 0.036992542245269294, 0.16045265891702945, 0.08417091323016077, 0.10907538616031767, 0.13992283250244822, 0.16858964034011717, 0.07705137341958564, 0.15096319659371354, 0.09102322820334413, 0.1254778622416437, 0.15921466004298812, 0.12827652025995634, 0.17498550317057893, 0.046756362918814354, 0.09216879559968427, 0.09871032251832978, 0.13242592570492207, 0.1381990454797729, 0.10701305437610412, 0.07480176962583654, 0.16986803144457682]"
A121C9UWQFW5W6,"[6.571192264556885, 6.571192264556885, 6.571192264556885, 6.571192264556885, 6.571192264556885, 2.022202253341675, 6.571192264556885, 8.59339427947998, 6.571192264556885, 6.571192264556885, 0.0, 2.022202253341675, 6.571192264556885, 8.59339427947998, 8.59339427947998, 6.571192264556885, 8.59339427947998, 0.0, 6.571192264556885, 0.0, 6.571192264556885, 10.615596771240234, 6.571192264556885, 0.0, 6.571192264556885, 0.0, 0.0, 8.59339427947998, 6.571192264556885, 8.59339427947998, 6.571192264556885, 6.571192264556885, 0.0, 0.0, 6.571192264556885, 8.59339427947998, 2.022202253341675, 0.0, 8.59339427947998, 6.571192264556885, 0.031739880726238616, 0.09618668530087356, 0.03348937423589173, 0.11947691130384895, 0.03508350773345916, 0.1694076720082644, 0.08141479627167, 0.08557440996550454, 0.03530605741632062, 0.1027692913776803, 0.08317322904118642, 0.04547938798300655, 0.07292705382610913, 0.15199203531589844, 0.08178773151419201, 0.11581477038013127, 0.17489516597426785, 0.03428663810923637, 0.12615362397798535, 0.14710384207790722, 0.031126828460759377, 0.16109951996306357, 0.14293631459425063, 0.0498672299993154, 0.06660588371499415, 0.051247099315157287, 0.10565631116013997, 0.02638085152310762, 0.10311075858126839, 0.08259185330334187, 0.10213865121204649, 0.08051260443396306, 0.11108328588922017, 0.08316707891876682, 0.0437569131792712, 0.09215248218914603, 0.06992069959349986, 0.15991611047417112, 0.14821100575584822, 0.07803074588726047]"
A125PSVY71Q7KZ,"[3.1119003295898438, 3.3646419048309326, 2.6348788738250732, 0.2242797613143921, 3.2801966667175293, -0.45380643010139465, 2.6580936908721924, -0.25274163484573364, 0.7297630906105042, 3.785679817199707, -0.25274163484573364, 2.826390266418457, 3.6173837184906006, 3.2801966667175293, 3.5329384803771973, 2.6580936908721924, 3.5329384803771973, 0.4770214259624481, 3.5329384803771973, 0.7297630906105042, 5.826323986053467, 6.841597080230713, 2.826390266418457, 3.3086585998535156, 3.5329384803771973, 0.0, -0.25274163484573364, 3.5329384803771973, -0.7582250237464905, 0.4770214259624481, -0.25274163484573364, 2.826390266418457, 0.0, 0.0, -0.028461899608373642, 2.55043363571167, 3.785679817199707, 3.2801966667175293, 3.2801966667175293, 3.3646419048309326, 0.10331081301966007, 0.06025720893518641, 0.07842297616319353, 0.061027154231028335, 0.09700570649473815, 0.09553058228946497, 0.048336219584821, 0.034562823300163734, 0.06759951259442445, 0.08262104325662822, 0.13254251271542955, 0.09606630475920391, 0.08284758906071477, 0.16993633103308173, 0.07231861071270532, 0.06276223370537791, 0.09225811059390032, 0.08977270264730974, 0.12452897592817593, 0.06056109280265535, 0.09618115797796506, 0.10699302074537385, 0.120038243306246, 0.1742367057210377, 0.13200502679305456, 0.0354411980420608, 0.13630931938178914, 0.059541578402405156, 0.10703487278105873, 0.10372480512495508, 0.14698739856069684, 0.14541991988370565, 0.08119906340657584, 0.16316564898037303, 0.06152100595224309, 0.10021542588865893, 0.05417502086746817, 0.09781518532079093, 0.10692400290738724, 0.08653765780576174]"
A125TMC44CJBKK,"[6.69815731048584, 6.69815731048584, 0.0, 4.270313739776611, 6.69815731048584, 4.270313739776611, 8.540627479553223, 2.4278435707092285, 0.0, 6.69815731048584, 2.4278435707092285, 2.4278435707092285, 1.8424701690673828, 6.69815731048584, 4.270313739776611, 8.540627479553223, 2.4278435707092285, 4.270313739776611, 8.540627479553223, 0.0, 1.8424701690673828, 4.270313739776611, 4.270313739776611, 0.0, 1.8424701690673828, 0.0, 0.0, 4.270313739776611, 0.0, 4.270313739776611, 4.270313739776611, 8.540627479553223, 0.0, 0.0, 4.270313739776611, 6.112783432006836, 2.4278435707092285, 0.0, 8.540627479553223, 6.69815731048584, 0.10105753042343628, 0.15194140376486212, 0.0970573774612122, 0.08903825666019087, 0.10400871754906903, 0.13247415352466665, 0.07464159907131673, 0.04167757755245565, 0.09137291398433142, 0.12795906150005626, 0.11735265933760099, 0.0870643805150671, 0.09995352622756169, 0.11300093034055439, 0.12981147480268965, 0.07587618672117256, 0.09273560959367794, 0.1693134771926871, 0.06901001883391984, 0.030525030211491475, 0.13745752919450382, 0.11568256680776373, 0.023929175577271533, 0.04408103203275157, 0.09705193732519944, 0.13834410545616665, 0.14892072692861197, 0.0768771253110816, 0.06441436496609367, 0.08617433663596324, 0.09263296483755544, 0.038131172144933216, 0.13753032464825216, 0.11729412025105936, 0.06493997193195808, 0.06749021321500003, 0.13070595015983266, 0.07441688905312194, 0.13223884544532385, 0.0790226481851621]"
A12B5Y225ADJWE,"[4.74516487121582, 4.74516487121582, 1.8742790222167969, 0.2404654324054718, 7.172759056091309, 0.0, 4.9479899406433105, 4.542339324951172, 0.2404654324054718, 4.542339324951172, 2.668060064315796, 4.301873207092285, 4.542339324951172, 8.844212532043457, 2.3175699710845947, 6.213791847229004, 5.095654487609863, 2.8708853721618652, 7.172759056091309, 0.0, 2.1147444248199463, 2.3175699710845947, 2.8708853721618652, 0.2028254270553589, 2.1147444248199463, 0.0, 0.0, 1.8742790222167969, 0.2404654324054718, 1.8742790222167969, 1.8742790222167969, 4.782804489135742, 0.0, 0.2404654324054718, 0.0, 2.1147444248199463, 4.542339324951172, 0.0, 7.172759056091309, 4.74516487121582, 0.13485456185645234, 0.04859876689514516, 0.022995798428296053, 0.09736996815860124, 0.14329578372939014, 0.1128713429659408, 0.07787432853451812, 0.152014739736949, 0.13659686038246824, 0.07625767962928395, 0.022586585623493586, 0.07347051682971799, 0.15669496767099592, 0.05382993278367848, 0.08292223485005232, 0.058475627668997526, 0.12768958662784957, 0.07378858798756, 0.1441447657782392, 0.11744236739101167, 0.06968578873355356, 0.1517267882652534, 0.11530747072981268, 0.0565176232565353, 0.034096326566136155, 0.049870877842450936, 0.14081795413997042, 0.02867670257813788, 0.08959500508474695, 0.09749589102654019, 0.15023622392621383, 0.16300077458548368, 0.12281851280140091, 0.04892457414934665, 0.14899565115492971, 0.09253206153745903, 0.12830728815371822, 0.13245676686982527, 0.12145169891009244, 0.12189736365038159]"
A12BLGAAZBUU96,"[2.778593063354492, 2.0687050819396973, 0.0, 0.547321081161499, 2.9106807708740234, 0.0, 2.9106807708740234, 1.5213842391967773, 0.547321081161499, 1.9366174936294556, 0.0, 2.0687050819396973, 0.547321081161499, 1.5213842391967773, 1.9366174936294556, 2.9106807708740234, 1.9366174936294556, 1.389296531677246, 2.778593063354492, 0.547321081161499, 2.778593063354492, 2.9106807708740234, 2.778593063354492, 0.0, 1.9366174936294556, 0.0, 0.0, 2.9106807708740234, 0.8419752717018127, 0.547321081161499, 0.0, 2.0687050819396973, 0.0, 0.0, 0.547321081161499, 0.13208766281604767, 1.9366174936294556, 0.547321081161499, 2.9106807708740234, 2.9106807708740234, 0.10127503444188195, 0.11947435150218759, 0.08498956073346926, 0.027071825504061172, 0.12550412391641974, 0.07723234286715816, 0.10008010433486514, 0.13638077005794377, 0.1658884120047608, 0.09298201839443383, 0.12112494152291105, 0.0850092762913124, 0.04664881957026327, 0.025403305722116232, 0.09670895320467457, 0.05367582235027909, 0.14200148719311484, 0.06059406359667869, 0.15605777008475152, 0.10127269083698597, 0.02971043093501623, 0.07389881570207334, 0.04999738992232615, 0.15306055451481335, 0.07243169277829876, 0.12472145983322001, 0.10215899549985569, 0.06069873948799914, 0.08208447488414165, 0.15853929292195398, 0.12988160673693874, 0.12593851149228352, 0.029242436342299827, 0.09267957341807578, 0.04729634441699397, 0.07806086981626427, 0.06488884149449131, 0.0704203571750399, 0.15777936591105893, 0.14474991745978186]"
A12HTKLZWLEAF5,"[-1.744537353515625, -2.33060359954834, -0.8722686767578125, -0.8722686767578125, -1.744537353515625, 0.0, -1.744537353515625, -1.4583349227905273, 0.0, -0.8722686767578125, 0.0, -1.4583349227905273, 0.0, 0.5860663652420044, -1.4583349227905273, -1.744537353515625, -1.1584709882736206, 0.5860663652420044, -1.744537353515625, 0.0, -1.744537353515625, -0.8722686767578125, -2.33060359954834, 0.5860663652420044, -0.8722686767578125, 0.0, 0.0, -2.33060359954834, 0.0, -0.8722686767578125, -0.8722686767578125, -1.744537353515625, 0.0, 0.0, 0.0, 0.0, -0.8722686767578125, 0.0, -1.744537353515625, -0.8722686767578125, 0.15591088043700013, 0.06682144168100737, 0.13639193340473266, 0.1311348057920118, 0.10839660361893819, 0.11922763083814596, 0.08207924733330879, 0.04733779551231764, 0.12336872700985035, 0.09919265628104193, 0.047953730061262405, 0.13895139784102448, 0.04183142424451733, 0.10529305149559806, 0.12179351062849629, 0.04488779112166188, 0.06314552281349138, 0.08925106735060097, 0.08141369594315555, 0.09259642348532983, 0.0800217993432319, 0.13107766991288006, 0.1582022445461575, 0.12273564710550738, 0.12074200879511715, 0.043493435321416155, 0.12804769220739604, 0.14224609975799607, 0.07085663247278705, 0.16849219511756267, 0.1558685494018263, 0.02763353067078186, 0.04497123682158497, 0.17134371978000246, 0.03500124048125183, 0.0631025591197097, 0.16895980521909276, 0.06099864671440974, 0.12122567650219981, 0.07224070991305576]"
A12HWYJ6G58FGV,"[1.0997236967086792, 1.0997236967086792, 0.9896522760391235, 1.2000192403793335, 1.3100905418395996, 1.2000192403793335, 1.0997236967086792, 0.0, 1.2000192403793335, 1.3100905418395996, 1.3100905418395996, 1.3100905418395996, 1.0997236967086792, 1.3100905418395996, 1.3100905418395996, 1.0997236967086792, 1.3100905418395996, 1.3100905418395996, 1.3100905418395996, 1.2000192403793335, 1.3100905418395996, 1.2000192403793335, 1.2000192403793335, 0.0, 1.3100905418395996, 0.0, 1.2000192403793335, 1.2000192403793335, 1.3100905418395996, 0.0, 1.2000192403793335, 1.3100905418395996, 0.0, 0.0, 1.3100905418395996, 1.2000192403793335, 1.3100905418395996, 1.3100905418395996, 1.3100905418395996, 1.0997236967086792, 0.044501720490567935, 0.04074469095793461, 0.038870222528639, 0.09529071205193644, 0.17549618712615658, 0.16315620793772131, 0.14460179687905003, 0.15972237909243997, 0.10560330212318618, 0.04798913180991146, 0.0923308540951787, 0.12608768270107693, 0.15905369096909155, 0.058744451180017546, 0.13413929153197404, 0.13453779952636208, 0.1343520533902213, 0.11108599112044562, 0.17956935878639446, 0.1424843661683589, 0.04516342380460805, 0.03626673395247811, 0.13670974102217137, 0.05110335934496026, 0.07550838630583018, 0.06151986907018997, 0.12627489513228735, 0.1380314040062982, 0.06656092599497293, 0.12363215851395806, 0.16432434770474127, 0.1262284476340912, 0.09344474197826091, 0.08811788128215504, 0.05284015151891882, 0.17165091788374692, 0.12401289963644903, 0.03887301282600678, 0.0845044596669671, 0.10966011676414429]"
A12I397MEWA1VB,"[2.1817896366119385, 1.0908948183059692, 1.0908948183059692, 1.0908948183059692, 1.0908948183059692, 0.0, 1.0908948183059692, 2.1817896366119385, 0.0, 2.1817896366119385, 1.0908948183059692, 1.0908948183059692, 1.0908948183059692, 1.0908948183059692, 2.1817896366119385, 1.0908948183059692, 1.0908948183059692, 1.0908948183059692, 1.0908948183059692, 1.0908948183059692, 1.0908948183059692, 2.1817896366119385, 1.0908948183059692, 0.0, 1.0908948183059692, 0.0, 1.0908948183059692, 1.0908948183059692, 1.0908948183059692, 1.0908948183059692, 1.0908948183059692, 1.0908948183059692, 0.0, 0.0, 1.0908948183059692, 1.0908948183059692, 1.0908948183059692, 1.0908948183059692, 2.1817896366119385, 1.0908948183059692, 0.08242127144948255, 0.12922506873513986, 0.1611236653042768, 0.06045665155195459, 0.14695571274186833, 0.022109752851771382, 0.14361459181247058, 0.11761505761891762, 0.1638745538408961, 0.04898688844871359, 0.15278130373450288, 0.11469486220699898, 0.0639384167697341, 0.15768149794453015, 0.050378045429813285, 0.049438984702764206, 0.1383771480028217, 0.04991981745690946, 0.05081425606075996, 0.04828087749647778, 0.11557103533377822, 0.14566326179062575, 0.12735387148568852, 0.1284079388462516, 0.06677177489006252, 0.08329312471011557, 0.025720389385511726, 0.04171622549659657, 0.10512734002934274, 0.15950295958403468, 0.041707651717825124, 0.09260811651200526, 0.16007939336769006, 0.1095341969779517, 0.1427617654439788, 0.13377883888481046, 0.14034326398886682, 0.10147044971770709, 0.1587907903595538, 0.03238264673570025]"
A12X146LZM6KM0,"[1.4595240354537964, 0.7297620177268982, 0.7297620177268982, 0.7297620177268982, 1.4595240354537964, 0.0, 1.4595240354537964, 0.0, 0.7297620177268982, 1.4595240354537964, 0.7297620177268982, 1.4595240354537964, 1.4595240354537964, 1.4595240354537964, 1.4595240354537964, 1.4595240354537964, 1.4595240354537964, 0.7297620177268982, 1.4595240354537964, 0.7297620177268982, 1.4595240354537964, 1.4595240354537964, 1.4595240354537964, 0.0, 1.4595240354537964, 0.7297620177268982, 0.0, 1.4595240354537964, 0.0, 0.7297620177268982, 0.7297620177268982, 1.4595240354537964, 0.0, 0.0, 0.7297620177268982, 0.7297620177268982, 1.4595240354537964, 1.4595240354537964, 1.4595240354537964, 1.4595240354537964, 0.09894547024956882, 0.15182177760763912, 0.12323971694440801, 0.049632934096234156, 0.08923453659214291, 0.12505967631236606, 0.17019832229607476, 0.03935982094551054, 0.0398321015010067, 0.13437558831791868, 0.03189079004411969, 0.0330272407348244, 0.08141034271821852, 0.08097594605272726, 0.10392887823456323, 0.12018104553937138, 0.1653837088414999, 0.08731070372076856, 0.07819484992342143, 0.06479193532116229, 0.07224777074574519, 0.13144120621039693, 0.11091299301481022, 0.13823214699970326, 0.08039237865525874, 0.12475230012594055, 0.06236708269491132, 0.06498766942669923, 0.15487506955307623, 0.16652962282334866, 0.05297345744496703, 0.10711699089863586, 0.12387311005031315, 0.04068505922959936, 0.03728105503112029, 0.12889599620014464, 0.060884501405338354, 0.1405564554601727, 0.07123246009054607, 0.1606885485376773]"
A12X3J7IITW1J6,"[6.816860198974609, 5.409889221191406, 4.616804599761963, 0.6021175980567932, 5.409889221191406, 3.0686874389648438, 5.409889221191406, 0.31511032581329346, 3.13547420501709, 4.873517990112305, 1.2563947439193726, 5.409889221191406, 2.5045478343963623, 4.986042022705078, 2.9283952713012695, 5.112264156341553, 5.412227630615234, 2.6782891750335693, 6.864377975463867, 1.1903507709503174, 4.382884979248047, 3.0879549980163574, 7.224519729614258, 2.4339747428894043, 7.588189601898193, 0.5363706350326538, 1.1903507709503174, 6.924556732177734, 0.32301777601242065, -0.22326502203941345, 4.3643598556518555, 4.986042022705078, 0.5363706350326538, 0.0, 2.8520307540893555, 5.346183776855469, 2.8540353775024414, 1.8848333358764648, 7.2882256507873535, 5.286005020141602, 0.08180797718965904, 0.08391393050026995, 0.0661387016478917, 0.11305725548669482, 0.13505420593731862, 0.07121507808667761, 0.16010630168620613, 0.13981390653045472, 0.13836723283690383, 0.0258607876247501, 0.03948980156777567, 0.13039709883471898, 0.027045549349728394, 0.029651509572435803, 0.07170098558578367, 0.02322526034715, 0.06048171623456239, 0.07132114106054596, 0.1695062524053965, 0.04959015485268675, 0.10572883753433196, 0.08287032789077352, 0.1463190392034628, 0.05190824394355471, 0.030866761711415443, 0.07808229459490758, 0.039792526077585585, 0.05145499898869736, 0.08001346525450463, 0.0665677935898512, 0.09351362121660951, 0.1047235856774702, 0.16804968480617696, 0.07186017064620405, 0.09587711088668875, 0.03712494656262685, 0.14504371232945126, 0.17465991440089476, 0.1522661861517481, 0.12004274492471169]"
A132O42MLTHYSX,"[14.964861869812012, 11.696892738342285, 15.796258926391602, 15.796258926391602, 15.262227058410645, 0.5565021634101868, 14.964861869812012, -1.0292052030563354, 12.169595718383789, -0.4727030396461487, 0.0, 3.1897385120391846, 15.796258926391602, 15.796258926391602, 15.359333992004395, 15.359333992004395, -0.4727030396461487, 0.16203011572360992, 15.796258926391602, 0.0, 15.359333992004395, 11.140390396118164, 15.262227058410645, 0.0, 15.157694816589355, 0.0, 0.0, 15.746065139770508, 4.121836185455322, 15.796258926391602, 0.4593946933746338, 15.359333992004395, 0.0, 0.0, 15.796258926391602, 15.796258926391602, -1.4236772060394287, 15.796258926391602, 15.656698226928711, 15.796258926391602, 0.16080600037084078, 0.043919839042106286, 0.11466327930151402, 0.058409681885944593, 0.04495540477398386, 0.1534038528306797, 0.12968650319019437, 0.1500846342481151, 0.13071241657311589, 0.05972538678838353, 0.055560735206186374, 0.1266208280621493, 0.14619650665547354, 0.10045108021477825, 0.07202986065940978, 0.14202916560812423, 0.020330791089132074, 0.05405275848043128, 0.09266758433057008, 0.12101418221653501, 0.08343401291766202, 0.04886355597091241, 0.1330976841879971, 0.048339068049252434, 0.024974615858357366, 0.09658286796415273, 0.059938125395562036, 0.07111363163494107, 0.050648882685536016, 0.09952547611984912, 0.06457635729712052, 0.060331778379117545, 0.07199963974032503, 0.16494962402422222, 0.16443445633109793, 0.09439861980831031, 0.05626180794450918, 0.11440265330358207, 0.10761123130112121, 0.11957105104458456]"
A13B2J5IBGS8Y2,"[4.135781288146973, 4.135781288146973, 4.135781288146973, 0.0, 4.135781288146973, 0.0, 4.135781288146973, 0.0, 0.0, 4.135781288146973, 0.0, 4.135781288146973, 4.135781288146973, 4.135781288146973, 4.135781288146973, 4.135781288146973, 4.135781288146973, 0.0, 4.135781288146973, 0.0, 4.135781288146973, 8.271562576293945, 4.135781288146973, 4.135781288146973, 4.135781288146973, 0.0, 0.0, 4.135781288146973, 0.0, 0.0, 0.0, 4.135781288146973, 0.0, 0.0, 0.0, 4.135781288146973, 4.135781288146973, 4.135781288146973, 4.135781288146973, 4.135781288146973, 0.06435155487814849, 0.11104493887836489, 0.11035787424426585, 0.14230327530313802, 0.16796490081044227, 0.08725106577524228, 0.08839336253540368, 0.04013965753500844, 0.07298775599057297, 0.038251690490248645, 0.057558821084735215, 0.08611828057384106, 0.1087670464490552, 0.13964174469195317, 0.10200364545656891, 0.07658841196242218, 0.1321887173754917, 0.09967287750523864, 0.17791919543887605, 0.13481455777080342, 0.12513270995967635, 0.1664380907405673, 0.04374136758149117, 0.05521842956324614, 0.14098665083898645, 0.16611151844646227, 0.0734062297088142, 0.1457952882774931, 0.10221825219071277, 0.14020221440073338, 0.04144359595342916, 0.03381047875203529, 0.11066912936695317, 0.11863539852423945, 0.15683448645190237, 0.1166060067895776, 0.1258811621854421, 0.17940309456500977, 0.15009667414674915, 0.11330041913235045]"
A13PKMKQ0177SH,"[0.0, 0.0, 0.0, 0.0, 0.0, 0.0, 0.0, -0.9213424921035767, 0.0, -0.9213424921035767, 0.0, 0.0, 0.0, -0.9213424921035767, 0.0, 0.0, 0.0, -0.9213424921035767, 0.0, 0.0, 0.0, 0.0, -0.9213424921035767, 0.0, 0.0, 0.0, 0.0, 0.0, 0.0, 0.0, 0.0, 0.0, 0.0, 0.0, 0.0, 0.0, 0.0, 0.0, 0.0, 0.0, 0.0906298640603053, 0.10568469203140086, 0.0926267032014274, 0.08084888544488783, 0.07410735779544704, 0.058017186860379, 0.10256136265753643, 0.0992736311304493, 0.150068225968844, 0.06705546420851177, 0.08950567107396833, 0.120059262318698, 0.08028031501438525, 0.09933244450185111, 0.07620311237162526, 0.13709070578379992, 0.12858251847189855, 0.06433827468276614, 0.11700819499627232, 0.043226170177822223, 0.13811538273517437, 0.12177064016647696, 0.059970399470663766, 0.11780581935304935, 0.08510550109086268, 0.0726290648330583, 0.08579891049101852, 0.027509330871375207, 0.10945407970211966, 0.028665682924433528, 0.11391811378937934, 0.1017025287013998, 0.1339302057734084, 0.06834971306067884, 0.11528402928204343, 0.09358429493150194, 0.14883002060182635, 0.015005089354395509, 0.09480273717841357, 0.15686464376728618]"
A149WHPACMTSLO,"[-0.03106018155813217, -0.015530090779066086, 0.0, 0.0, -0.015530090779066086, 0.0, -0.03106018155813217, -0.015530090779066086, 0.0, -0.015530090779066086, 0.0, 0.0, 0.0, -0.015530090779066086, -0.015530090779066086, 0.17930757999420166, -0.015530090779066086, -0.015530090779066086, 0.0, -0.015530090779066086, -0.015530090779066086, 0.17930757999420166, 0.0, 0.0, -0.015530090779066086, 0.0, 0.0, -0.015530090779066086, 0.0, 0.0, -0.015530090779066086, 0.16377748548984528, 0.0, 0.0, 0.0, 0.0, -0.015530090779066086, 0.0, -0.015530090779066086, -0.015530090779066086, 0.058939559526744636, 0.13421255384395317, 0.06421248952626286, 0.058349774728916934, 0.11722880334753745, 0.04955479526130109, 0.17361687138811377, 0.11028561443594019, 0.10278238794764885, 0.12040161508899108, 0.05638524795960898, 0.053811014149159724, 0.06558098370430636, 0.03474665032084567, 0.1299532081087925, 0.17296243850294962, 0.14031348863074278, 0.08923254546274012, 0.1645726850520971, 0.1281630804815628, 0.16962107540856594, 0.0705929083544101, 0.09549271095071477, 0.13229233957951553, 0.15244730671614223, 0.16058514888683054, 0.05436672181999535, 0.18041046640388186, 0.17006236699107058, 0.06110401141477271, 0.1375994929364207, 0.08529560622462905, 0.15999208147701577, 0.0949410668751707, 0.04590327093364515, 0.16320121972918475, 0.10771798247107375, 0.11447293080762083, 0.051962985523540416, 0.07853778535977941]"
A14BV6AW987ZDN,"[0.6539757251739502, 0.6539757251739502, 0.6539757251739502, 1.5332567691802979, 0.6539757251739502, 0.6539757251739502, 0.6539757251739502, 0.0, 0.6539757251739502, 0.6539757251739502, 0.6539757251739502, 0.6539757251739502, 0.6539757251739502, 1.5332567691802979, 0.6539757251739502, 0.6539757251739502, 0.6539757251739502, 0.6539757251739502, 0.6539757251739502, 1.5332567691802979, 0.6539757251739502, 1.5332567691802979, 0.6539757251739502, 0.0, 0.6539757251739502, 0.0, 0.6539757251739502, 0.6539757251739502, 0.6539757251739502, 0.8792810440063477, 0.6539757251739502, 0.6539757251739502, 0.0, 0.0, 0.6539757251739502, 0.6539757251739502, 1.5332567691802979, 0.6539757251739502, 0.6539757251739502, 0.6539757251739502, 0.14499345098535651, 0.09365571984098318, 0.1348342730602565, 0.026959683710292393, 0.1565758082359016, 0.02953876327708421, 0.09316883454941079, 0.044962919492414245, 0.05244620836633574, 0.02367066983411297, 0.11867749227608175, 0.1655422935198703, 0.07118712243186662, 0.03214195709530789, 0.0495687594749947, 0.08265414488963206, 0.09710788379782556, 0.165293987753934, 0.1529739071479428, 0.12884953064617846, 0.019346310786987, 0.12137846587855125, 0.030514375904355868, 0.15269138533773882, 0.13464473657213524, 0.1291230764847035, 0.16387051497107166, 0.12191395958852778, 0.02840755648220209, 0.0350370208143089, 0.11880062523663613, 0.09886513486562822, 0.14640119256552397, 0.04760109735042595, 0.14177507826919397, 0.04562284251281541, 0.08452904933538483, 0.0631314969040041, 0.15288360475241305, 0.08599583191674508]"
A14QBW6X0Q1YSD,"[19.799406051635742, 11.05445384979248, 19.799406051635742, 17.18029022216797, 13.120224952697754, -0.20913124084472656, 11.532758712768555, 0.0, 19.599037170410156, 7.758645057678223, 3.308629274368286, 5.307775497436523, 19.799406051635742, 11.433612823486328, 12.087883949279785, 19.799406051635742, 6.137667655944824, 7.569857597351074, 19.799406051635742, 0.7297566533088684, 19.799406051635742, 14.127124786376953, 19.799406051635742, 3.9293901920318604, 19.799406051635742, 3.308629274368286, 0.0, 19.799406051635742, 6.8401007652282715, 19.799406051635742, 0.9233947992324829, 19.799406051635742, 0.0, 0.0, 17.944549560546875, 10.946497917175293, 5.726037979125977, 19.799406051635742, 19.799406051635742, 19.799406051635742, 0.0345718822836196, 0.12610293052759816, 0.07254192944357364, 0.17112062693186114, 0.17775474719737025, 0.07351046023567032, 0.1191778602757389, 0.03219684170617405, 0.1691766708909262, 0.09005725729686147, 0.1202311562544108, 0.0965461447193699, 0.07216906835659369, 0.07415087541532094, 0.13603942817904013, 0.1348463394898103, 0.06999786308637022, 0.0479873280399453, 0.12745383311077102, 0.17370780018236884, 0.16725602526641561, 0.06064949079542056, 0.08134529777294866, 0.12257202077128393, 0.11953715401706017, 0.09626351238213998, 0.10264499239656275, 0.02818075103648325, 0.17612331644235646, 0.04667438932520366, 0.15588917524893314, 0.12627739455986992, 0.04177173457814425, 0.05135077049125117, 0.08667576300674344, 0.08482020604019817, 0.1749821359396018, 0.1053341496630245, 0.03761964373172863, 0.07855627195323711]"
A14R11HV2H7AVW,"[1.743938684463501, 1.743938684463501, 1.743938684463501, 1.743938684463501, 1.743938684463501, 0.8719693422317505, 1.743938684463501, 0.8719693422317505, 0.8719693422317505, 1.743938684463501, 1.743938684463501, 1.743938684463501, 1.743938684463501, 1.743938684463501, 1.743938684463501, 1.743938684463501, 1.743938684463501, 1.743938684463501, 1.743938684463501, 0.8719693422317505, 1.743938684463501, 1.743938684463501, 1.743938684463501, 0.0, 1.743938684463501, 0.0, 1.743938684463501, 1.743938684463501, 1.743938684463501, 0.8719693422317505, 1.743938684463501, 1.743938684463501, 0.0, 0.0, 1.743938684463501, 1.743938684463501, 1.743938684463501, 1.743938684463501, 1.743938684463501, 1.743938684463501, 0.15771210697555457, 0.09902158458614924, 0.03224302769895232, 0.14052554199241651, 0.1287243652738965, 0.14691302864906686, 0.08853734948233956, 0.09321530058609712, 0.033742074300951844, 0.025317674630688163, 0.08706547782272935, 0.06413201956318067, 0.11292262783485012, 0.10046277009230449, 0.13697657151918627, 0.1330422865900512, 0.15164387563168852, 0.08546107542837461, 0.1573066855800976, 0.02964090284911773, 0.10728738530093838, 0.09647004992888707, 0.10411390556228707, 0.046602200388383794, 0.17066844181273272, 0.1663887392893576, 0.10914304285075957, 0.12139635712748832, 0.16406488585420262, 0.10070065852495781, 0.14430239165267428, 0.16987110860891774, 0.03296806165102402, 0.07553042331183754, 0.10707727315388003, 0.15034545700854088, 0.1279896680002318, 0.13203770587631192, 0.0896496281312947, 0.07700244075642575]"
A14SJT4M0BP298,"[1.8171021938323975, 1.8171021938323975, 1.0873409509658813, 1.8171021938323975, 1.8171021938323975, 0.0, 1.8171021938323975, 1.0873409509658813, 0.7297613620758057, 2.1746819019317627, 1.0873409509658813, 1.8171021938323975, 1.8171021938323975, 1.8171021938323975, 1.8171021938323975, 1.8171021938323975, 1.8171021938323975, 1.8171021938323975, 1.8171021938323975, 0.7297613620758057, 1.8171021938323975, 1.8171021938323975, 1.8171021938323975, 0.0, 1.8171021938323975, 0.0, 1.0873409509658813, 1.8171021938323975, 1.0873409509658813, 1.8171021938323975, 1.0873409509658813, 1.8171021938323975, 0.0, 0.0, 1.8171021938323975, 1.0873409509658813, 1.8171021938323975, 1.8171021938323975, 2.1746819019317627, 1.8171021938323975, 0.15972352235990234, 0.1691969096370614, 0.034143902801143426, 0.1377485170929732, 0.09788801312658962, 0.1387467271014235, 0.15616783019840005, 0.06496372050080489, 0.047421193333804804, 0.1693532133617606, 0.027765148076204765, 0.1657214184189236, 0.11111348229000603, 0.1117765801183165, 0.12924862850570062, 0.07132043538593848, 0.12149824843853821, 0.05756185448995017, 0.05257553133586968, 0.06816332318601102, 0.08785618463794423, 0.09319771751918632, 0.09811604400975926, 0.0804256962061403, 0.03479611462577554, 0.04304948077801381, 0.030190883284308846, 0.06041045729156931, 0.10596458026398368, 0.08317465956589977, 0.15323697232017544, 0.15772974323521088, 0.09506324262190918, 0.09782702853923218, 0.09234205868538038, 0.0938860815355722, 0.13812990934914082, 0.10859490776208573, 0.12085928061628583, 0.16863724160757682]"
A14Y0FPHPBKBAF,"[19.799406051635742, 19.799406051635742, 12.121591567993164, 16.731239318847656, 19.799406051635742, 1.4303090572357178, 19.799406051635742, 14.634432792663574, 8.43172550201416, 19.799406051635742, 2.995155096054077, 19.799406051635742, 19.799406051635742, 19.799406051635742, 19.799406051635742, 19.799406051635742, 16.365644454956055, 10.551201820373535, 19.799406051635742, 3.202751636505127, 19.799406051635742, 13.136905670166016, 19.799406051635742, 4.617122173309326, 16.132061004638672, 1.4303090572357178, 1.4303090572357178, 19.799406051635742, 16.111221313476562, 9.950092315673828, 14.2828950881958, 19.799406051635742, 1.4303090572357178, 0.0, 11.426880836486816, 12.794772148132324, 13.82607364654541, 7.954411029815674, 19.799406051635742, 15.780522346496582, 0.17472674076274716, 0.0965189183876604, 0.15541413433483933, 0.11109335999985515, 0.10092442875545103, 0.1569367267610229, 0.09013457549918924, 0.10572313891390425, 0.08863072075619205, 0.057280573389498254, 0.04500854577771804, 0.09835668580899207, 0.03673661206500935, 0.15518234173051038, 0.15207580013964492, 0.12590322480288926, 0.058449890735842, 0.1367324778249513, 0.045594715732195736, 0.11801296854720511, 0.1388447629179141, 0.04633401523702821, 0.12826320053274573, 0.07228951749012948, 0.14825506989408382, 0.10905172433436383, 0.043627146363595465, 0.12146662550666197, 0.06302722094757615, 0.0420188206449756, 0.040901128925626834, 0.039786265416270686, 0.1582856371368495, 0.03532684465373973, 0.04430850635659929, 0.08674300107564097, 0.042758707473290934, 0.16946046681279406, 0.11196129293402086, 0.03824152812716189]"
A14YENXHLKG9WL,"[4.209734916687012, 8.961151123046875, 4.7514166831970215, -0.5416818857192993, 8.961151123046875, 0.0, 8.961151123046875, 4.209734916687012, -0.5416818857192993, 4.209734916687012, 0.0, 4.209734916687012, 0.0, 8.961151123046875, 4.7514166831970215, 8.961151123046875, 4.7514166831970215, 4.7514166831970215, 3.668052911758423, 0.0, 8.961151123046875, 4.209734916687012, 4.209734916687012, 0.0, 4.209734916687012, 0.0, 0.0, 4.7514166831970215, 0.0, 0.0, 0.0, 4.209734916687012, 0.0, 0.0, -0.5416818857192993, -0.5416818857192993, 4.209734916687012, 4.7514166831970215, 8.961151123046875, 3.668052911758423, 0.07775064017059004, 0.05281877518414207, 0.15132335437904243, 0.016753915400981038, 0.07572321231370804, 0.02554916124130722, 0.031194725247867115, 0.014769192534696317, 0.16428736566529475, 0.04601118271216779, 0.14788881636433435, 0.07720735309222186, 0.07281635379422799, 0.10440192189800088, 0.13276423615582966, 0.033260731728551506, 0.045029298605245106, 0.12283520458442176, 0.06933885479031947, 0.1385168365841182, 0.08194952706118885, 0.14730064181195723, 0.09303943163388108, 0.09411450999280714, 0.032180600038769595, 0.021878254499377314, 0.11532131856659777, 0.13488632961678299, 0.08724566175762805, 0.11100436699582136, 0.14994052365419122, 0.10746949944191349, 0.08438836081543775, 0.044250449956622015, 0.0161199829083583, 0.026328691213009417, 0.08163825224587618, 0.0244354166251695, 0.1003747837898642, 0.1336732221040664]"
A150XCEZV6KF5G,"[14.849550247192383, 14.704839706420898, 13.768577575683594, 6.026912212371826, 14.849550247192383, 1.8424577713012695, 14.849550247192383, 9.677377700805664, 1.8424577713012695, 14.849550247192383, 4.417183876037598, 14.219482421875, 14.849550247192383, 14.849550247192383, 14.849550247192383, 14.849550247192383, 9.865484237670898, 7.962625503540039, 14.849550247192383, 0.0, 14.849550247192383, 14.57991886138916, 10.444097518920898, 2.481471061706543, 14.849550247192383, 0.0, 4.417183876037598, 14.849550247192383, 9.31972599029541, 11.519835472106934, 12.644207000732422, 14.849550247192383, 1.124370813369751, 0.0, 7.384012699127197, 14.849550247192383, 13.283218383789062, 8.023025512695312, 14.849550247192383, 14.849550247192383, 0.16581666052078292, 0.05360311339746562, 0.08854533916872388, 0.06899988038640632, 0.15138364464932075, 0.03580226782834205, 0.12749805773993592, 0.027884562846464005, 0.11884796918800568, 0.050754370210929114, 0.026953358371912546, 0.03847429303822377, 0.1158113973671241, 0.038180939002779586, 0.05080681538478248, 0.06764435447675433, 0.1119755973701063, 0.030766582979225833, 0.026166372860205584, 0.04687411912398216, 0.05346534716431542, 0.08575239720908617, 0.15264667721101852, 0.13089232820344243, 0.1279564101559232, 0.03705771996402258, 0.02933207876352136, 0.15877731303006654, 0.10480820594967781, 0.09070958800298246, 0.03070834400230373, 0.06819395635836763, 0.10166085994477984, 0.1592654450481621, 0.026465138344775468, 0.156302457924548, 0.0353573094191654, 0.09788981574419901, 0.13517219868703167, 0.1704012132898483]"
A153D6FAV4L389,"[0.571216881275177, 0.571216881275177, 1.1575802564620972, 1.1575802564620972, 0.571216881275177, 1.7439438104629517, 0.571216881275177, -1.1727269887924194, 1.7439438104629517, 0.571216881275177, 1.1575802564620972, 0.571216881275177, 1.1575802564620972, 1.1575802564620972, 0.571216881275177, 0.571216881275177, 0.571216881275177, 1.1575802564620972, 0.571216881275177, 1.7439438104629517, 0.571216881275177, 0.571216881275177, 0.571216881275177, 0.0, 0.571216881275177, 0.0, 1.1575802564620972, 0.571216881275177, 1.1575802564620972, -0.5863634943962097, 1.1575802564620972, 0.571216881275177, 0.0, 0.0, 1.1575802564620972, 1.1575802564620972, 0.571216881275177, 1.1575802564620972, 0.571216881275177, 0.571216881275177, 0.026914038598906273, 0.13357514948144483, 0.10053700058857974, 0.12742981107458118, 0.17075237086372522, 0.11907534560716848, 0.040125430958280243, 0.1560910561796105, 0.12381221690738015, 0.17204569324764352, 0.16833922318626993, 0.03720248043085631, 0.1383337445115809, 0.15953167244320796, 0.06993946381848637, 0.10438387545055967, 0.08445614422483796, 0.16786219468480754, 0.16175305356977399, 0.13459874363536886, 0.04620725769050373, 0.11046494863360079, 0.09277968503818387, 0.09506707315102955, 0.17107304480589025, 0.0885582069312968, 0.08642725971980243, 0.101783373315093, 0.14708723780090852, 0.11437034893743792, 0.10967068091539549, 0.029993863306269356, 0.04566275789979894, 0.09859501517123348, 0.04670855674733775, 0.07871417269821696, 0.03463550317698015, 0.16707145217820824, 0.12368481553456259, 0.12699404265536446]"
A154MPHVRSZVQN,"[14.510051727294922, 8.631739616394043, 2.3058338165283203, -0.5439292192459106, 8.456147193908691, -0.3543781340122223, 8.442188262939453, 4.493058681488037, 0.0, 8.631739616394043, 4.493058681488037, 6.430556774139404, 7.82657527923584, 14.141716003417969, 8.442188262939453, 6.430556774139404, 9.000076293945312, 4.138680934906006, 12.130083084106445, 0.0, 14.141716003417969, 2.2918753623962402, 6.430556774139404, 2.481426477432251, 8.810524940490723, 0.0, 0.0, 9.648655891418457, 3.949129581451416, -0.3543781340122223, 5.713484764099121, 14.510051727294922, 4.493058681488037, 0.0, 5.509974479675293, 4.671844005584717, 2.481426477432251, 6.430556774139404, 8.810524940490723, 6.620107650756836, 0.11278484974506559, 0.0517406576866744, 0.09439705654297656, 0.14627020654881676, 0.1305046913356239, 0.027665415889344562, 0.1290362503484418, 0.03307153195416906, 0.055210429203509034, 0.14555270117387856, 0.07737800550721212, 0.09380680053360155, 0.160073968794192, 0.1277115686881315, 0.029975285059935342, 0.11069006397036449, 0.1077077294884801, 0.046466763711852974, 0.0692912257692255, 0.101218030342514, 0.08971653720310946, 0.053478444455758466, 0.1392817163674844, 0.15715818646041885, 0.14551167767405176, 0.10928890581477713, 0.16306154345175952, 0.15207462683407783, 0.03639994032791576, 0.11355009697307505, 0.10245016047647211, 0.15340051821216544, 0.1608948275647758, 0.1471105428756229, 0.057440196342319616, 0.05256247763258607, 0.1087736735528234, 0.022331253253424208, 0.15675948335673923, 0.11518451249302152]"
A156IOMOA59X7N,"[0.0, 0.0, 0.0, 0.0, 0.0, 0.0, 0.0, 0.0, 0.0, 0.0, 0.0, 0.0, 0.0, 0.0, 0.0, 0.0, 0.0, 0.0, 0.0, 0.0, 0.0, 0.0, 0.0, 0.0, 0.0, 0.0, 0.0, 0.0, 0.0, 0.0, 0.0, 0.0, 0.0, 0.0, 0.0, 0.0, 0.0, 0.0, 0.0, 0.0, 0.09719826529442895, 0.16813247876920742, 0.17690057747508922, 0.06438994117090406, 0.13573128789079772, 0.12813832611227988, 0.06243638222613836, 0.1193443683326547, 0.14694069417934372, 0.1442797270445685, 0.05197099556458358, 0.1709467857538429, 0.03212206720227677, 0.1268792428551436, 0.08703008030520261, 0.044496292628718806, 0.05162585794187647, 0.07218165937811692, 0.1499819154290746, 0.09705990050274144, 0.13325843045635022, 0.06520025494320533, 0.11784925328657898, 0.09611570145427147, 0.14768810655030587, 0.11600104113924464, 0.12114189517600224, 0.14960539350272353, 0.14740975512929527, 0.06624988376296602, 0.17418092399524296, 0.08895697448977867, 0.11316580696375936, 0.05503967893585849, 0.06452159185871353, 0.054029109533149246, 0.16021534158748382, 0.13176724751201407, 0.12554571865176914, 0.10059354185130641]"
A1577W1CXJ2WI9,"[4.135826110839844, 4.135826110839844, 4.135826110839844, 0.0, 4.135826110839844, 0.0, 4.135826110839844, 0.0, 0.0, 4.135826110839844, 0.0, 4.135826110839844, 4.135826110839844, 4.135826110839844, 4.135826110839844, 4.135826110839844, 4.135826110839844, 0.0, 4.135826110839844, 0.0, 4.135826110839844, 4.135826110839844, 4.135826110839844, 4.135826110839844, 4.135826110839844, 0.0, 0.0, 4.135826110839844, 0.0, 0.0, 0.0, 4.135826110839844, 0.0, 0.0, 0.0, 4.135826110839844, 4.135826110839844, 4.135826110839844, 4.135826110839844, 4.135826110839844, 0.13548363784094303, 0.0988259831837063, 0.04058774521721965, 0.06472103783374011, 0.12777577985926183, 0.05855213853416753, 0.08833534173257213, 0.17150441307511932, 0.15253537656297947, 0.042042201093112734, 0.09913952501750621, 0.05252804098537557, 0.08962603147363007, 0.12061963911213057, 0.15533586659513632, 0.10053057916093201, 0.17801594895583034, 0.16312463557246448, 0.030603589320653154, 0.054450139561677685, 0.05923873394123162, 0.07804578778263184, 0.16293127830078213, 0.1751869208034462, 0.04668470348471674, 0.16919052954231228, 0.17497711406321792, 0.14057854086982216, 0.07483946640931956, 0.09814538723600927, 0.07141010189498734, 0.14165541885529578, 0.11515315589253727, 0.03465575935086989, 0.07980351818273324, 0.08897596261340648, 0.10358205047502059, 0.16795442321261478, 0.14438408998887184, 0.17120545134145912]"
A157AUOFPJQ46Q,"[3.0310921669006348, -0.5606003999710083, -0.1636974811553955, 0.8928762078285217, 0.6637502908706665, 0.01984328031539917, 3.1071572303771973, 0.833553671836853, 0.20124076306819916, 1.3124388456344604, 1.1490176916122437, 3.0652918815612793, 0.7238438129425049, 0.07046663761138916, 4.897075176239014, -0.35320234298706055, 2.981288433074951, 4.09902811050415, 0.07046663761138916, 2.069227457046509, 0.9713940620422363, 0.5364269018173218, 1.0569801330566406, 0.0, 4.538333892822266, 0.3389728367328644, 0.7332748174667358, -0.727911651134491, -0.3597344160079956, 0.32913488149642944, -1.708904504776001, -0.21237140893936157, 0.5418171882629395, 0.18233449757099152, 1.066602349281311, -0.8505033850669861, -0.2884295582771301, 1.5768768787384033, 4.994407653808594, 0.1320132613182068, 0.08091217147298914, 0.14381818380075945, 0.0610807052728891, 0.01836690623966134, 0.1552278893592183, 0.1295465819736424, 0.03944662006421653, 0.05401238069716259, 0.05839353607401274, 0.05866760573436453, 0.014395516654319394, 0.13547829932644678, 0.029840810404845784, 0.10009452572255426, 0.014871582698789031, 0.01765570889119437, 0.07664788133212841, 0.062594654730581, 0.0477198956723083, 0.06552613230114653, 0.025040229479802216, 0.02312814236135627, 0.15383960765989466, 0.126391250040679, 0.09556117757580142, 0.10132320884546057, 0.1408509664931392, 0.13282655267052926, 0.11210093347223468, 0.0998627086015884, 0.016196396755609358, 0.12991224463654624, 0.1468382048888913, 0.0900775171998436, 0.05676835587109343, 0.08143188679742802, 0.10304551389556897, 0.13776890492128208, 0.05476883909307005, 0.10299753455486671]"
A15IDG691XH2XI,"[6.270180702209473, 3.499971866607666, 2.7702088356018066, 0.7297630310058594, 6.270180702209473, 0.0, 3.499971866607666, 0.0, 0.7297630310058594, 3.499971866607666, 0.0, 6.270180702209473, 3.499971866607666, 3.499971866607666, 3.499971866607666, 3.499971866607666, 3.499971866607666, 0.7297630310058594, 3.499971866607666, 0.7297630310058594, 3.499971866607666, 3.499971866607666, 3.499971866607666, 2.7702088356018066, 6.270180702209473, 0.0, 2.7702088356018066, 3.499971866607666, 2.7702088356018066, 3.499971866607666, 0.0, 3.499971866607666, 0.0, 0.0, 0.7297630310058594, 2.7702088356018066, 3.499971866607666, 3.499971866607666, 3.499971866607666, 3.499971866607666, 0.07629046009196443, 0.045712046950384846, 0.13747997350830243, 0.12650574060645323, 0.16986325694455717, 0.15043079572544013, 0.16365216489528459, 0.031318645240041014, 0.11700546847469796, 0.034890084850675684, 0.10513304644846977, 0.03605865400329269, 0.09545067837648384, 0.15672256360840825, 0.16261097084212678, 0.08400341733160455, 0.027521773183881073, 0.08554893649412214, 0.08175871243078162, 0.1147953325823824, 0.12385032823376892, 0.06663904783814825, 0.0324736111893296, 0.13774412163560382, 0.04185303669879373, 0.14230103505143207, 0.052785550825790145, 0.10476393416196678, 0.13829699498309303, 0.16581790404981778, 0.13590018862788833, 0.08742578547031676, 0.16119025697771378, 0.09030609574094316, 0.03860139621206321, 0.12966584441675388, 0.055945629743990796, 0.17128670929653822, 0.08790440820286029, 0.07585176029232128]"
A15IKO3Q6RSA1V,"[1.8244075775146484, 1.8244075775146484, 0.9122037887573242, 1.8244075775146484, 1.8244075775146484, 0.0, 1.8244075775146484, 0.9122037887573242, 0.9122037887573242, 1.8244075775146484, 0.9122037887573242, 1.8244075775146484, 1.8244075775146484, 1.8244075775146484, 1.8244075775146484, 1.8244075775146484, 1.8244075775146484, 1.8244075775146484, 1.8244075775146484, 0.9122037887573242, 1.8244075775146484, 1.8244075775146484, 1.8244075775146484, 0.0, 1.8244075775146484, 0.0, 0.9122037887573242, 1.8244075775146484, 0.9122037887573242, 1.8244075775146484, 0.9122037887573242, 1.8244075775146484, 0.0, 0.0, 1.8244075775146484, 0.9122037887573242, 1.8244075775146484, 1.8244075775146484, 1.8244075775146484, 1.8244075775146484, 0.09758911483330002, 0.18246702734393855, 0.12193436788336107, 0.16550383029904173, 0.07700360000206484, 0.13394103338857768, 0.10982583936902568, 0.0903811611704895, 0.09910339733562865, 0.12981446634417618, 0.04573757976719279, 0.12020605617239576, 0.10965672755579295, 0.07457755388833434, 0.04056236280516352, 0.17792777073562596, 0.09743188680615426, 0.06238105305835305, 0.08205848890389716, 0.15666484263453878, 0.07994892169235002, 0.16667613847089283, 0.14229859386955945, 0.05380848218667694, 0.15072106751371395, 0.061501369459627434, 0.06392287860990616, 0.04060286234980322, 0.1086189362941953, 0.09117123929064716, 0.17133549142667492, 0.1436483964098251, 0.1195228841268939, 0.10298816758320535, 0.12815498118088992, 0.08039663874206945, 0.13791002950739545, 0.05936826982366375, 0.08656206654716736, 0.09103711478090831]"
A15NM9DLEOB4XI,"[2.681793212890625, 2.2493057250976562, 1.7878621816635132, 2.2493057250976562, 2.2493057250976562, 0.8939310908317566, 2.2493057250976562, 1.7878621816635132, 0.8939310908317566, 0.8939310908317566, 1.7878621816635132, 1.7878621816635132, 1.7878621816635132, 2.681793212890625, 1.7878621816635132, 2.681793212890625, 0.8939310908317566, 1.8168184757232666, 2.681793212890625, 0.8939310908317566, 2.2493057250976562, 0.8939310908317566, 2.2493057250976562, 0.0, 2.681793212890625, 0.8939310908317566, 0.8939310908317566, 1.355374813079834, 1.355374813079834, 2.681793212890625, 2.2493057250976562, 2.681793212890625, 0.8939310908317566, 0.0, 2.681793212890625, 1.7878621816635132, 0.0, 0.8939310908317566, 1.8168184757232666, 2.2493057250976562, 0.04730982271143038, 0.04917715240232906, 0.07727252995565193, 0.09556144110962143, 0.057315477519984406, 0.1761634953671758, 0.08510740468701626, 0.1604938505229632, 0.12941468378909965, 0.04859361024137267, 0.1478377731795069, 0.10409468590578116, 0.03769143972515622, 0.044304478529633255, 0.13877224368790753, 0.03990337905311679, 0.07788707487961895, 0.16393388814280005, 0.15381973916039687, 0.16041342266050174, 0.042566416870003565, 0.08994245221251096, 0.08130842686445253, 0.09154881224121372, 0.08628043290915488, 0.11898555098374868, 0.1281129676085981, 0.14156603371734422, 0.05562967804776331, 0.1544933024932954, 0.05849942361829217, 0.0814821462973569, 0.182483841883223, 0.05396259791273729, 0.051146838890819356, 0.1193631892593766, 0.17958311393849738, 0.13640698796881828, 0.17842224061050044, 0.11793426602567682]"
A15T9G38F589KM,"[-0.8105806112289429, -0.8975390791893005, -0.4669026732444763, -0.12578225135803223, -0.40932607650756836, 0.3488202691078186, -0.4743174910545349, -0.6850386261940002, 0.1190042793750763, -0.8374050259590149, 0.3110859990119934, -0.7063201069831848, -1.0807775259017944, -0.36244046688079834, -0.643999457359314, -0.40932607650756836, -0.5604954957962036, -0.5823149681091309, -0.13262450695037842, 0.2849491238594055, -0.3460913300514221, 0.2871358096599579, 0.9790346622467041, 0.0, 0.3287659287452698, 0.0, 0.2849491238594055, -0.6390499472618103, -0.9303102493286133, -0.7034499645233154, -0.9238535165786743, -0.8990894556045532, 0.0, 0.0, -0.45249778032302856, -0.22354471683502197, 0.039033740758895874, -0.3945505917072296, -0.23964416980743408, -0.2473602294921875, 0.0188222633492889, 0.11308418979160578, 0.07570797114118791, 0.06900264973926466, 0.1064783721800678, 0.14580280757081085, 0.09663699931182368, 0.15101489392356832, 0.07972328483588503, 0.11082101394489012, 0.11923613028650429, 0.11217851784466008, 0.14923769826341837, 0.1000771512845725, 0.10272035469305626, 0.14395142367208022, 0.1076213305399043, 0.15145248331244213, 0.03424831777510749, 0.13332043743133806, 0.13509972874966059, 0.09955446534762263, 0.06044489544515482, 0.0709777743469409, 0.0404349582620205, 0.12379229223375954, 0.034366191889679695, 0.10187723921789135, 0.0665270670369756, 0.019044991533393445, 0.1439977565212546, 0.1134386519472131, 0.1234768440043683, 0.09083253540314745, 0.020170728695501607, 0.05889753470527537, 0.12431520815747799, 0.14389091407214202, 0.06796235520011443, 0.05113998233432655]"
A15TMUEDCVMOBF,"[3.0480644702911377, 3.3249354362487793, 2.407193422317505, 2.478137254714966, 3.3249354362487793, 1.4051427841186523, 7.2463788986206055, 1.5667436122894287, 0.21977399289608002, 1.6429219245910645, 1.145646095275879, 6.969507694244385, 2.085996627807617, 2.846741199493408, 6.007440090179443, 2.085996627807617, 6.6746320724487305, 6.284310340881348, 3.0480644702911377, 1.6249167919158936, 3.3249354362487793, -0.039722662419080734, 3.030059337615967, 0.0, 6.6746320724487305, 1.4051427841186523, 1.145646095275879, 2.489089012145996, 2.269315004348755, 1.3654201030731201, 2.1430931091308594, 3.0480644702911377, 1.830843448638916, 0.0, 2.7531888484954834, 2.1077139377593994, 1.6429219245910645, 0.3859780430793762, 7.2463788986206055, 1.7404465675354004, 0.12081485843531876, 0.1592072673237681, 0.06638050511250894, 0.04275177829226099, 0.06297882896087194, 0.11256164087876847, 0.09373725196361003, 0.1298375174541116, 0.07787470770208617, 0.0415673308732602, 0.09747653005366258, 0.06271333140877569, 0.10356343196725135, 0.1178606366233566, 0.07427407413086429, 0.0709899633904762, 0.05951980423679678, 0.06274550416151863, 0.16095786517173158, 0.05484885910427858, 0.036471865397812074, 0.06143752274628018, 0.044244950534895106, 0.13924949261949573, 0.12653542628291028, 0.12162742610494653, 0.06901354299017928, 0.1202799841581118, 0.11016707946422107, 0.1370794345561574, 0.06527721302104524, 0.0829148814275607, 0.16445141683590578, 0.16306162301792623, 0.09929691320223102, 0.10868625223944685, 0.10399283515090325, 0.14427436138773386, 0.05199775079115705, 0.13824305548928564]"
A15ZAILX1XGI0A,"[4.4115495681762695, 3.4768500328063965, 4.1540069580078125, 1.6437337398529053, 4.332797050476074, 2.1421008110046387, 3.655640125274658, 1.464943766593933, 0.0, 2.0906591415405273, 1.464943766593933, 3.4768500328063965, 3.834429979324341, 3.9131827354431152, 3.4768500328063965, 4.1540069580078125, 3.655640125274658, 1.6437337398529053, 4.332797050476074, 1.464943766593933, 3.655640125274658, 2.011906385421753, 4.511586666107178, 2.011906385421753, 3.4768500328063965, 1.464943766593933, 1.464943766593933, 3.4768500328063965, 1.464943766593933, 1.963310956954956, 2.3208906650543213, 3.4768500328063965, 1.464943766593933, 0.0, 1.6437337398529053, 3.4768500328063965, 2.689063310623169, 2.689063310623169, 4.232759475708008, 3.97521710395813, 0.13924677914996197, 0.04109487174782597, 0.12145548367682393, 0.03791553728799291, 0.01987307575708693, 0.09341966435911372, 0.04453870121741711, 0.021211430239429153, 0.011078236971864336, 0.06243294056697295, 0.11796052173416542, 0.08188083114122803, 0.06843755172659885, 0.07620081101418154, 0.11668680682527979, 0.058735595991832194, 0.13794071213945228, 0.041174797540821644, 0.07095458458815014, 0.024331434780472574, 0.04594706861899012, 0.10504661275517786, 0.04456441747574004, 0.08538322480353013, 0.15268689805828695, 0.1486852950412181, 0.020336943213148773, 0.08377503030029926, 0.1373219590220896, 0.07147805981988219, 0.025576087672986764, 0.04007159066514127, 0.14500280279195465, 0.10336152142901583, 0.05328290072474906, 0.045519627713075675, 0.14327987885967222, 0.023728923104496816, 0.010582817766116664, 0.05321967541874195]"
A165FHUTQU6L2Z,"[0.9058746099472046, 0.9058746099472046, 0.0, 0.8178164958953857, 0.9058746099472046, 0.0, 0.9058746099472046, 0.0, 0.8178164958953857, 0.9058746099472046, 0.08805807679891586, 0.9058746099472046, 0.9058746099472046, 0.9058746099472046, 0.9058746099472046, 0.9058746099472046, 0.9058746099472046, 0.9058746099472046, 0.9058746099472046, 0.8178164958953857, 0.9058746099472046, 0.8178164958953857, 0.8178164958953857, 0.0, 0.9058746099472046, 0.0, 0.0, 0.8178164958953857, 0.08805807679891586, 0.8178164958953857, 0.0, 0.9058746099472046, 0.0, 0.0, 0.9058746099472046, 0.0, 0.9058746099472046, 0.9058746099472046, 0.9058746099472046, 0.9058746099472046, 0.10238878745779006, 0.06093633782990541, 0.034393560135193464, 0.09558871665562312, 0.058440583264116816, 0.10623993145485401, 0.04173280665977859, 0.0921679219294281, 0.039583994207331746, 0.09867945609745071, 0.15384558071870852, 0.11083134138871588, 0.06830018909921609, 0.09833230845116558, 0.028726780027836046, 0.12902820849566052, 0.08030406923440062, 0.15144528914183608, 0.07213633114426078, 0.1638981473740259, 0.08057566501472903, 0.0850968946865257, 0.1093393418616001, 0.048616067014915026, 0.1468647893730332, 0.14356505336098238, 0.11303928008987288, 0.04277575642400513, 0.06334891119822572, 0.12688887578856886, 0.12130126186775861, 0.0633313482522341, 0.046499279290225654, 0.11479823919143682, 0.14374504141289252, 0.07956450373064933, 0.1630000419880526, 0.13273536923849402, 0.14678347321647997, 0.10604984245264709]"
A173YMJ9XFVRSY,"[8.237680435180664, 9.293425559997559, 3.7060365676879883, 6.494791507720947, 7.113034248352051, 1.2747386693954468, 9.017906188964844, 3.08321475982666, 6.55525016784668, 7.030521392822266, 2.982558012008667, 7.030521392822266, 8.769628524780273, 8.162008285522461, 3.307917594909668, 7.92431116104126, 6.737551689147949, 5.267767906188965, 7.707779407501221, 2.443453311920166, 6.941194534301758, 5.970966815948486, 7.841797828674316, 1.6380962133407593, 10.187215805053711, 0.0, 1.2334046363830566, 6.89650297164917, 4.954050064086914, 3.8446598052978516, 6.57466459274292, 9.017906188964844, 0.0, 0.0, 8.072652816772461, 8.21561050415039, 6.2639360427856445, 6.2639360427856445, 6.941166400909424, 6.89650297164917, 0.04171428349653591, 0.04414172770113699, 0.12933821523817052, 0.03221156283955743, 0.10733563640331203, 0.11216395580832225, 0.04929071918226622, 0.056610261614138374, 0.13326507747150662, 0.06335574599489152, 0.03709829379288629, 0.061046273518214705, 0.10109973434086095, 0.06047063265727206, 0.07818327611430567, 0.15705752743549967, 0.09729514498183019, 0.0398625351922439, 0.14513550079087045, 0.07048788054325686, 0.1441053214120302, 0.020084554832880894, 0.123758547488488, 0.0670210301368672, 0.12276273758813168, 0.11040785707599476, 0.12314575248994025, 0.07679762833278769, 0.15509458105558782, 0.04238198101203031, 0.16233307040978284, 0.11443890458963278, 0.08517758199058893, 0.08818523386271804, 0.052179253794042486, 0.06027647996969461, 0.0494730383217118, 0.11734450154251268, 0.05369928428184474, 0.1639925393438196]"
A177B2VPWX4P55,"[19.438961029052734, 16.65760040283203, 14.309303283691406, 10.412043571472168, 19.228992462158203, 3.0186948776245117, 18.690753936767578, 4.103182792663574, 3.5583102703094482, 18.188745498657227, 13.792743682861328, 14.999698638916016, 15.91491413116455, 17.228734970092773, 15.620896339416504, 16.661144256591797, 16.77454376220703, 8.008728981018066, 17.228734970092773, 1.863702416419983, 18.326004028320312, 15.476561546325684, 15.595355033874512, 1.040246605873108, 17.734554290771484, 9.899787902832031, 2.269395589828491, 13.155656814575195, 6.5142903327941895, 2.2338461875915527, 14.195903778076172, 19.100841522216797, 0.8113865852355957, 0.3206470310688019, 9.574820518493652, 13.476304054260254, 15.400581359863281, 13.47209644317627, 20.809062957763672, 17.409351348876953, 0.1648296900720668, 0.07562739231121118, 0.034895344867022934, 0.18018259907638506, 0.07089839370021654, 0.18054924587398768, 0.14464942393207048, 0.11362841728411821, 0.1478503642389491, 0.08366950419529849, 0.07302252323077162, 0.13571754211609946, 0.0737807265535744, 0.08986995256579114, 0.08388899633053322, 0.15194723980034205, 0.07928891042804868, 0.1656655870983041, 0.14732870109785828, 0.16468753713632028, 0.1153153884269822, 0.03698970683286868, 0.09061724170696471, 0.11372659198799011, 0.04826745678787199, 0.09172721150561265, 0.1824566827434001, 0.05157500526821639, 0.16969528441789453, 0.16725285808176424, 0.18218539642210377, 0.13856162888402143, 0.10808490772937808, 0.10469978511607358, 0.10358006605228146, 0.060865121238448755, 0.04963465983124209, 0.15419217368110505, 0.1798454678989191, 0.07713091303220977]"
A17B1H60A6A96P,"[-1.4582840204238892, -1.4582840204238892, 0.0, 0.0, -1.4582840204238892, 0.0, -1.4582840204238892, -1.4582840204238892, 0.0, -1.4582840204238892, 0.0, -1.4582840204238892, 0.0, 0.0, -1.4582840204238892, -1.4582840204238892, -1.4582840204238892, 0.0, -1.4582840204238892, 0.0, -1.4582840204238892, -1.4582840204238892, -1.4582840204238892, 0.0, -1.4582840204238892, 0.0, 0.0, -1.4582840204238892, 0.0, 0.0, 0.0, -1.4582840204238892, 0.0, 0.0, 0.0, 0.0, -1.4582840204238892, 0.0, -1.4582840204238892, -1.4582840204238892, 0.08021890699114745, 0.05693462031477636, 0.15002898601709957, 0.07636112386198556, 0.09298493618659101, 0.16856189942709157, 0.12661318706344915, 0.03391913346638021, 0.09469475336331325, 0.1608516207904564, 0.16945551179888443, 0.17729210623099007, 0.028799724113442227, 0.11843804782220571, 0.049529714926430594, 0.12004636294733038, 0.17155459005892812, 0.08436945469715124, 0.15080373860933535, 0.12676837168262664, 0.10762469553938503, 0.141432651273935, 0.14552120192936918, 0.05229977074560925, 0.03444781772718049, 0.07165021442622208, 0.08504072481993401, 0.037891063584256625, 0.0824255365974045, 0.1562813101008541, 0.03727916354597348, 0.15167056924332933, 0.03459206888533187, 0.07276273795937804, 0.06676491767248811, 0.1467463216247565, 0.14899663808562044, 0.08711421124286815, 0.10608582868331191, 0.07812046378048697]"
A17ZAS11CK1HG8,"[19.799577713012695, 19.799577713012695, 6.705374717712402, 17.574054718017578, 19.799577713012695, 0.0, 19.799577713012695, 0.0, 14.265398025512695, 19.799577713012695, 9.712484359741211, 19.799577713012695, 19.799577713012695, 19.799577713012695, 19.799577713012695, 19.799577713012695, 19.799577713012695, 19.799577713012695, 19.799577713012695, 14.265398025512695, 19.799577713012695, 17.6621150970459, 19.799577713012695, 3.396716594696045, 19.799577713012695, 0.0, 0.0, 19.799577713012695, 13.021142959594727, 14.265398025512695, 3.3086578845977783, 19.799577713012695, 3.3086578845977783, 0.0, 19.799577713012695, 6.705374717712402, 19.799577713012695, 19.799577713012695, 19.799577713012695, 19.799577713012695, 0.16501710209604445, 0.04187748671064193, 0.06107766736990863, 0.12042326009334817, 0.12948863131909302, 0.13156713192081979, 0.05977909005662698, 0.15240557840647537, 0.1179629359501963, 0.11912601486250292, 0.06670314587429269, 0.14708884469100267, 0.1609897986434682, 0.038157109361909504, 0.05618857686120873, 0.05250647248567725, 0.04812585688810809, 0.07802724205649894, 0.10524129934988774, 0.1749993927105036, 0.12240139812972166, 0.10130973014741439, 0.07931934080939577, 0.08210679730701097, 0.06409341548905903, 0.07194788347133406, 0.1617082209724228, 0.16315152968237742, 0.08914392035991708, 0.15992737878713925, 0.07960171703099543, 0.06444906928814374, 0.11116249428957091, 0.09504856504228626, 0.15042384818247168, 0.05309251105847946, 0.08860574851391419, 0.11071995615009587, 0.1474118935220194, 0.15720964880052216]"
A181EKCGC3RGHL,"[11.0795259475708, 11.255643844604492, 3.308651924133301, 3.870117425918579, 15.8743314743042, 0.0, 15.131254196166992, 7.95248556137085, 3.870117425918579, 11.0795259475708, 3.308651924133301, 15.131254196166992, 11.646485328674316, 11.255643844604492, 11.0795259475708, 11.255643844604492, 10.487421035766602, 7.7708740234375, 11.0795259475708, 3.870117425918579, 11.0795259475708, 7.354886054992676, 10.487421035766602, 3.308651924133301, 10.487421035766602, 0.0, 0.0, 7.946990966796875, 7.776369094848633, 3.870117425918579, 0.5921052694320679, 15.131254196166992, 3.308651924133301, 0.0, 3.870117425918579, 3.484768867492676, 11.646485328674316, 10.487421035766602, 11.255643844604492, 10.663537979125977, 0.07847094412449326, 0.1393643151617096, 0.08025823637186931, 0.13588767965934145, 0.1222071073110189, 0.07688502407429738, 0.11530118704875242, 0.09079702091083183, 0.07569335573212359, 0.039887944726132496, 0.05658945654170697, 0.07689834147739771, 0.04742608519370057, 0.15504686446951524, 0.13750322644645693, 0.17052157860359254, 0.1636437346372793, 0.11748168138200099, 0.06806738173569929, 0.11535862243319252, 0.08328616376656069, 0.04673257926088948, 0.08259147437473154, 0.0442550636253029, 0.16519686639637088, 0.15029980305927867, 0.15606039182151965, 0.16423764837161184, 0.07337384630663162, 0.09193775825909867, 0.06961730092789502, 0.15745610877417404, 0.14112638127342994, 0.03158338497065793, 0.038693301614889986, 0.1052589318719647, 0.14528274822791154, 0.02718463246916026, 0.11340300907313694, 0.0627150434866478]"
A1888H788ZLJUQ,"[0.8719606399536133, 0.8719606399536133, 0.8719606399536133, 0.8719606399536133, 0.8719606399536133, 0.8719606399536133, 0.8719606399536133, 0.0, 0.8719606399536133, 0.8719606399536133, 0.8719606399536133, 0.8719606399536133, 0.8719606399536133, 0.8719606399536133, 0.8719606399536133, 0.8719606399536133, 0.8719606399536133, 0.8719606399536133, 0.8719606399536133, 0.8719606399536133, 0.8719606399536133, 0.8719606399536133, 0.8719606399536133, 0.0, 0.8719606399536133, 0.0, 0.8719606399536133, 0.8719606399536133, 0.8719606399536133, 0.0, 0.8719606399536133, 0.8719606399536133, 0.0, 0.0, 0.8719606399536133, 0.8719606399536133, 0.8719606399536133, 0.8719606399536133, 0.8719606399536133, 0.8719606399536133, 0.11323099270452053, 0.16166330164570494, 0.1215092773701082, 0.03564632085258971, 0.06790608589066076, 0.12651399169859226, 0.08132955906821167, 0.04904964469619292, 0.17383500037794392, 0.10535416967127105, 0.1431575802518901, 0.09375280011006905, 0.15828110536443513, 0.14722210187974064, 0.0921661540306311, 0.07175189678904495, 0.10096391474082346, 0.0406412254284733, 0.08872117390810333, 0.03815077344315779, 0.02867805945104464, 0.14508923516002958, 0.09311904018390563, 0.07298246187699256, 0.1670973635050165, 0.07360148114058357, 0.16715922617780266, 0.1313005639947311, 0.171532056558367, 0.06901241245583102, 0.12887786593432282, 0.14302337831230078, 0.08464360684553293, 0.1467223863760074, 0.04467296548742896, 0.14085091206767456, 0.13189187061526214, 0.12490789808268486, 0.09523963921077866, 0.12800158202909168]"
A18E4UPIBMJNVZ,"[0.0, 0.7821269631385803, 0.0, 0.0, 0.0, 0.0, 0.0, 0.0, 0.0, 0.0, 0.4056903123855591, 0.0, 0.0, 0.0, 0.0, 0.0, 0.0, 0.0, 0.8661383986473083, 0.0, 0.0, 0.0, 0.0, 0.0, 0.0, 0.0, 0.0, 0.0, 0.0, 0.0, 0.0, 0.0, 0.0, 0.0, 0.0, 0.0, 0.0, 0.0, 0.0, 0.0, 0.12172792244503376, 0.13940763834810838, 0.16149131739639558, 0.025742443261514404, 0.15613044312445495, 0.07564752535076164, 0.12757821055341692, 0.028069476880403215, 0.0705328800640975, 0.1508681772752206, 0.03130765027690189, 0.09469240329144693, 0.11540393699080317, 0.025263515189857096, 0.09769790633005164, 0.036615236538672644, 0.09453898158787923, 0.13865059910964744, 0.03323481927393012, 0.163407641359833, 0.14476306185714652, 0.06314570752557833, 0.1217175038402622, 0.1560106162524163, 0.09228512819476337, 0.13859877522985606, 0.15721880393131105, 0.04402528531649948, 0.07301027890012803, 0.15005870700357532, 0.12616020888519544, 0.11155471961526373, 0.04292888340972876, 0.09265750649160562, 0.1263027226244206, 0.14300103563498334, 0.08827580783356499, 0.14854777379860631, 0.039999575679038606, 0.11071944611745166]"
A18EJ6MMSR1GGA,"[19.799327850341797, 19.799327850341797, 19.799327850341797, 19.799327850341797, 19.799327850341797, 19.799327850341797, 19.799327850341797, -0.3515370786190033, 19.799327850341797, 19.799327850341797, 0.0, -0.7331196069717407, 19.799327850341797, 19.799327850341797, 19.799327850341797, 19.799327850341797, 19.799327850341797, 19.799327850341797, 19.799327850341797, 0.0, 19.799327850341797, 19.799327850341797, 19.799327850341797, 0.586060106754303, 19.799327850341797, 0.0, 0.0, 19.799327850341797, 19.799327850341797, 19.799327850341797, 19.799327850341797, 19.799327850341797, 0.0, 0.0, 19.799327850341797, 19.799327850341797, 14.721146583557129, -0.12389428913593292, 19.799327850341797, 19.799327850341797, 0.15545558887350427, 0.08977217982117934, 0.07213034289457805, 0.04974201015469313, 0.1606988818140401, 0.04196234886262641, 0.1553299229051802, 0.15536357615098725, 0.08870427926547872, 0.1559201634916876, 0.1481650992151173, 0.12071501630306862, 0.12922240891864717, 0.02779243268921421, 0.12827296519841694, 0.1419626013738647, 0.16723776807288457, 0.06732624285877584, 0.10059295114262788, 0.1250712649689209, 0.026923731740982452, 0.1309211810800643, 0.05249873611915112, 0.1350662778690581, 0.14583745465611672, 0.14182261992024867, 0.1581213680625199, 0.14246115270813212, 0.06298790631636776, 0.03882625181014646, 0.04391264508982311, 0.16606555114765406, 0.08657200873942832, 0.0974167555735588, 0.11430120996340287, 0.09492591620705812, 0.16883931407446237, 0.07437107348379343, 0.08150188782765445, 0.037988424803860096]"
A18HENNBJ25817,"[-0.4549812972545624, -0.9927704930305481, -0.9927704930305481, -0.9927704930305481, -0.9927704930305481, 0.0, -1.5305595397949219, 0.0, 0.0, -0.4549812972545624, 0.0, -0.9927704930305481, -0.4549812972545624, -0.4549812972545624, -0.9927704930305481, -0.4549812972545624, -0.4549812972545624, -0.9927704930305481, -0.4549812972545624, 0.0, -0.9927704930305481, 0.0, -0.9927704930305481, 0.0, -0.4549812972545624, 0.0, 0.0, -0.9927704930305481, -1.6133675575256348, 0.0, -0.9927704930305481, -0.9927704930305481, -0.4549812972545624, 0.0, -0.4549812972545624, -0.9927704930305481, -0.4549812972545624, -0.9927704930305481, -0.9927704930305481, -1.5305595397949219, 0.1315712620672705, -0.0054608515804684815, 0.043245734324046776, 0.09830565069396292, 0.03484703588806591, 0.016972634547904125, -0.0020128678260344806, 0.1088206270460939, 0.07647725949716583, 0.04942006514658238, 0.0974436958982172, 0.07591643287286505, 0.12614082242256489, 0.0996825807160932, -0.0021179373717418347, -0.012837455675609385, 0.035145323034767244, 0.02124410878881794, -0.0036756146255524295, 0.06331437857676352, 0.028171666525043864, -0.009245372049924398, 0.020208263330554265, 0.11013128321346582, 0.029618833955816794, 0.11034283271960219, 0.014636117231915201, 0.021270948304497862, -0.006976881434302496, 0.04967840833326107, 0.04200498468439583, 0.07676945915028768, 0.09114187766305452, 0.12966499302109757, 0.10168666648737293, 0.12314928479194975, 0.09935355794232008, 0.11355550431635268, 0.04678112822453359, 0.06774424300217562]"
A18KOO6VMJJ70S,"[9.899798393249512, 8.261579513549805, 7.303155422210693, 2.0252511501312256, 9.899798393249512, 3.734104871749878, 9.899798393249512, 5.563290119171143, 0.0, 9.710514068603516, 1.6108208894729614, 9.899798393249512, 5.083670139312744, 9.810452461242676, 9.899798393249512, 9.899798393249512, 9.899798393249512, 6.365199089050293, 9.899798393249512, 0.5846821069717407, 9.899798393249512, 8.765083312988281, 9.899798393249512, 1.8814319372177124, 9.500910758972168, 2.48972487449646, 0.5846821069717407, 4.2704758644104, 2.4090168476104736, 2.4090168476104736, 5.828927040100098, 9.899798393249512, 0.5846821069717407, 0.0, 0.9179835319519043, 7.1134748458862305, 9.899798393249512, 9.899798393249512, 9.899798393249512, 9.899798393249512, 0.01699590698756513, 0.13436945300487285, 0.1385957698420311, 0.07325974101124687, 0.1528065110858838, 0.09178637938187953, 0.1381515584913562, 0.06817227060893878, 0.08699429755419986, 0.0698032874316578, 0.04585664620443509, 0.06457293806910461, 0.15781503229962374, 0.08220859646417772, 0.14821200146856028, 0.1055152007943158, 0.09133813443129206, 0.016825330724088153, 0.04977762725671252, 0.03438432906806449, 0.04670794263347112, 0.13817420343428075, 0.11818647361315271, 0.09408008821798337, 0.11897319234940061, 0.1563815437029754, 0.021360217278879746, 0.14942555954498907, 0.03473865026259428, 0.1376814800241728, 0.09360135753145314, 0.0837703325049317, 0.07342052471092915, 0.036216428784303124, 0.11765097533330725, 0.15207159496086764, 0.12143196651919631, 0.15322945986563657, 0.0834970993337357, 0.0902764055701653]"
A190ENIBZ72LMF,"[2.8574705123901367, 2.653683662414551, 2.127708673477173, 2.653683662414551, 3.3834455013275146, 0.5259749293327332, 3.3834455013275146, 0.0, 1.9854984283447266, 2.8574705123901367, 0.5259749293327332, 2.8574705123901367, 2.127708673477173, 2.8574705123901367, 2.127708673477173, 2.127708673477173, 2.127708673477173, 2.653683662414551, 2.8574705123901367, 1.2557367086410522, 2.653683662414551, 1.2557367086410522, 3.3834455013275146, 0.0, 2.127708673477173, 0.0, 0.5259749293327332, 2.653683662414551, 2.653683662414551, 0.7297617793083191, 1.9239219427108765, 2.8574705123901367, 0.8719720244407654, 0.0, 2.8574705123901367, 2.127708673477173, 2.127708673477173, 2.127708673477173, 3.3834455013275146, 3.3834455013275146, 0.1508802236137534, 0.047123811792740784, 0.033521019667321676, 0.0862082092190924, 0.1429383041686913, 0.0952431524364802, 0.04803673951474815, 0.09603214049643259, 0.17867622633641211, 0.1566892714487352, 0.0664140841438363, 0.1574432478742998, 0.07936658654052584, 0.1270863961374286, 0.07869969672196457, 0.06233996135329971, 0.05552570349628398, 0.09126793624218207, 0.06293016056567956, 0.06799820890241216, 0.08150862208780643, 0.04979728721448943, 0.14441822444908142, 0.14387334711049188, 0.09472628868618631, 0.09979474605447021, 0.07522599218152298, 0.06120407624610049, 0.03489973796698073, 0.08262255048898111, 0.11844960570441819, 0.14867543942516526, 0.09055160347774094, 0.15135893459094957, 0.13364881555438107, 0.15552622080226924, 0.08812295248694237, 0.11960256445509507, 0.16844861853936793, 0.030988649115728333]"
A1929HU28OJ7D8,"[8.82853889465332, 9.229732513427734, 9.128759384155273, 0.46305570006370544, 8.645859718322754, 0.035257574170827866, 8.704930305480957, 0.1569054275751114, 0.12360919266939163, 8.438420295715332, 0.23535816371440887, 7.06238317489624, 8.842267990112305, 8.645859718322754, 6.940735816955566, 7.578256130218506, 9.229732513427734, 8.384819984436035, 8.677424430847168, 0.3080192506313324, 8.651651382446289, 0.2295665144920349, 8.834330558776855, 0.0, 9.201419830322266, 0.0, 0.23535816371440887, 7.533099174499512, 6.714353561401367, 0.21701408922672272, 1.1049604415893555, 6.8460845947265625, 0.30564257502555847, 0.0, 8.84012222290039, -0.38478752970695496, 9.229732513427734, -0.04870991036295891, 9.063897132873535, 7.6004533767700195, 0.017320549821043786, 0.147614949666927, 0.02122580782359627, 0.12360898910397979, 0.15543740894320204, 0.043888724040700884, 0.10340740248794063, 0.1083241168759603, 0.06797856661846803, 0.03881519831498107, 0.1312270243248075, 0.14587726784684965, 0.10298972119321247, 0.15667728699019454, 0.039082626076099525, 0.15106953739527537, 0.05137726068785124, 0.10543478573214526, 0.07379811990278408, 0.05877217275622866, 0.052198232913879455, 0.05400472709319238, 0.1474024379517744, 0.01710467918363164, 0.09072244756435795, 0.014431956708605366, 0.12287936694112571, 0.13701882714544453, 0.1569690492378036, 0.06637129912300921, 0.1462401720375371, 0.11169160015255697, 0.15485811384867215, 0.1528238624283658, 0.06898461889541152, 0.0636972188414911, 0.1444118989149311, 0.028007762834728965, 0.06463393625991769, 0.05366807733954481]"
A193RG4GIJ5OLM,"[14.070805549621582, 8.143394470214844, 8.143394470214844, 5.6618971824646, 14.070805549621582, 0.36671358346939087, 14.070805549621582, 5.2951836585998535, 5.2951836585998535, 13.754692077636719, 0.0, 3.1643247604370117, 8.143394470214844, 8.459508895874023, 8.459508895874023, 14.070805549621582, 8.143394470214844, 0.682826817035675, 8.459508895874023, 0.0, 8.459508895874023, 7.776681900024414, 8.459508895874023, 2.4814977645874023, 8.459508895874023, 0.0, 0.0, 13.754692077636719, 5.978010177612305, 5.6618971824646, 5.6618971824646, 8.143394470214844, 0.0, 0.0, 5.2951836585998535, 13.704092025756836, 2.4814977645874023, 2.8482115268707275, 14.070805549621582, 8.459508895874023, 0.10636667459230288, 0.0858713622634986, 0.02299970161734123, 0.12285951918851439, 0.09814151285347937, 0.056246031149806426, 0.0938237109521334, 0.10807296636024834, 0.06116624639275278, 0.08198998784764441, 0.0523763309646859, 0.041010816295666, 0.10331348933357885, 0.09285930331597646, 0.11942795887728186, 0.059059781560017476, 0.14408261379420723, 0.037265580774608766, 0.08226683921522936, 0.14322197890050364, 0.07548764229185563, 0.04418654742606774, 0.13652621024671371, 0.03493679352080509, 0.13280027339489048, 0.07678711992099767, 0.13598963238183567, 0.15034722479284227, 0.057522525492018264, 0.0511329454713786, 0.1296065698111982, 0.04826383220926671, 0.04738772996767845, 0.15268509767320143, 0.10135464651022509, 0.11186366883357468, 0.14215752723438818, 0.1363283346521638, 0.14924549791798797, 0.15586851561978035]"
A19AWUK1MWTJEN,"[6.749050140380859, 7.856651306152344, 6.071018218994141, 6.732370376586914, 6.950374603271484, -0.3317990005016327, 6.950374603271484, -1.229939341545105, 5.496776103973389, 4.989742279052734, 3.1531238555908203, 3.5932466983795166, 6.933694839477539, 6.749050140380859, 3.341926097869873, 6.246513366699219, 3.7702889442443848, 1.9866485595703125, 6.749050140380859, 3.0299437046051025, 6.375391483306885, 5.139796733856201, 6.933694839477539, 0.0, 6.950374603271484, 0.17877426743507385, 0.8492767214775085, 6.950374603271484, -1.4616725444793701, 3.218777656555176, 0.6513171195983887, 6.950374603271484, 0.9451908469200134, 0.0, 5.906213760375977, 6.40305233001709, 1.853068470954895, 6.593395233154297, 7.856651306152344, 6.749050140380859, 0.1639245172195439, 0.08180882712853282, 0.1261019746933561, 0.029765003018181094, 0.03426828639442974, 0.044636888729526876, 0.15069764013345838, 0.16085850696149226, 0.09687092142451437, 0.08454652347998522, 0.09862592373896381, 0.048028970527779734, 0.08944568143358454, 0.04836994809620166, 0.062225213469303174, 0.08218517822101883, 0.13544789053299286, 0.07900935717789045, 0.13441625754097802, 0.06121439484536364, 0.033778145090679064, 0.10894377012784826, 0.09064574099059992, 0.11370045552614141, 0.15123886491632482, 0.12910493638543527, 0.11062288923179542, 0.08163060605161347, 0.02448081597609506, 0.03682826214785536, 0.1272975676282398, 0.14783222094745652, 0.07853684520221416, 0.16405413763249047, 0.1457219424623833, 0.1345348596457739, 0.16152976801357996, 0.03291739199317538, 0.11231203447557205, 0.06657313017883594]"
A19BNMVUQDMFGK,"[24.749465942382812, 20.967933654785156, 17.726123809814453, 4.955709457397461, 24.749465942382812, 4.4677734375, 24.749465942382812, 17.371957778930664, 1.6428077220916748, 24.749465942382812, 18.71981430053711, 24.749465942382812, 15.34893798828125, 24.749465942382812, 24.749465942382812, 24.749465942382812, 24.749465942382812, 13.58894157409668, 24.749465942382812, 3.089599609375, 24.749465942382812, 24.749465942382812, 24.749465942382812, 0.0, 24.749465942382812, 13.030593872070312, 3.089599609375, 15.694192886352539, 3.1522157192230225, 0.1312340497970581, 13.190598487854004, 24.749465942382812, 1.4467918872833252, 0.0, 3.2100675106048584, 15.63918685913086, 24.749465942382812, 24.749465942382812, 24.749465942382812, 24.749465942382812, 0.032524618378460164, 0.10214791147875153, 0.13854724052544384, 0.053227355875508996, 0.1628748793870738, 0.17165613978870398, 0.05431978087297577, 0.06050362991528321, 0.15375344273124683, 0.026076759310273763, 0.045470366717531276, 0.09175641468972998, 0.16103178247395894, 0.12309531566009889, 0.1514734732910528, 0.13297268829544978, 0.13784480042694927, 0.16264647195744755, 0.16358539355312626, 0.16017701542581708, 0.12584526859884704, 0.10959962133934815, 0.054323938326082975, 0.11816864325682164, 0.11816888426045359, 0.06852405960568923, 0.1375074967295758, 0.0654863643448925, 0.04401285618969942, 0.07935938450114878, 0.05973981781053557, 0.0416192019829746, 0.14207435516886538, 0.15731695245340352, 0.11291170289485436, 0.09173839470339942, 0.14516784771760394, 0.1681983163186673, 0.15855391437792987, 0.12824417734939084]"
A19EIBWOIY3U1R,"[2.4814975261688232, 2.4814975261688232, 2.4814975261688232, 0.0, 7.090437889099121, 0.0, 14.180875778198242, 0.0, 0.0, 7.090437889099121, 0.0, 7.090437889099121, 9.57193660736084, 9.57193660736084, 2.4814975261688232, 9.57193660736084, 7.090437889099121, 0.0, 2.4814975261688232, 0.0, 2.4814975261688232, 2.4814975261688232, 2.4814975261688232, 2.4814975261688232, 2.4814975261688232, 0.0, 0.0, 2.4814975261688232, 7.090437889099121, 7.090437889099121, 0.0, 7.090437889099121, 0.0, 0.0, 0.0, 9.57193660736084, 2.4814975261688232, 2.4814975261688232, 2.4814975261688232, 9.57193660736084, 0.1074733722846168, 0.029675092619705877, 0.15130462901440267, 0.13307592063456605, 0.13312902237284419, 0.043886573651269835, 0.14570813948725544, 0.09401939914074639, 0.07299207288576944, 0.026922974761320058, 0.13185028301461899, 0.024775635245433678, 0.16919137724795355, 0.12779112022606315, 0.07177586747891897, 0.05716274465514847, 0.15446121574900976, 0.08137741733326076, 0.028211831886647516, 0.10308220007955396, 0.029206536815048822, 0.1239980800551553, 0.091140406870145, 0.14458458966411128, 0.03164738476869256, 0.1612402887497733, 0.06055217255204446, 0.1700819139527706, 0.053544998997451555, 0.09771805892806862, 0.05665161427717609, 0.15479254609661602, 0.15346248708259952, 0.058645385347614265, 0.06048739209471003, 0.13494796074889207, 0.1529079975463416, 0.025024075506248324, 0.10734925431636562, 0.04940271354853741]"
A19GO5VNH8D1TF,"[6.0315399169921875, 4.940643787384033, 4.940643787384033, 9.549582481384277, 14.490225791931152, 0.0, 9.881287574768066, 5.699834823608398, 0.0, 14.849699020385742, 0.0, 9.881287574768066, 0.0, 4.940643787384033, 1.0908961296081543, 4.940643787384033, 4.940643787384033, 0.0, 4.940643787384033, 1.0908961296081543, 4.940643787384033, 1.0908961296081543, 9.549582481384277, 0.0, 9.549582481384277, 0.0, 0.0, 9.549582481384277, 0.0, 0.0, 0.0, 9.881287574768066, 0.0, 0.0, 4.940643787384033, 4.940643787384033, 4.940643787384033, 4.940643787384033, 10.640478134155273, 4.940643787384033, 0.08302577154354139, 0.10060222019133978, 0.06513815025138005, 0.15625325374055157, 0.12343422613055031, 0.10460410143838682, 0.06602480973051195, 0.03438986280221302, 0.10536538268199376, 0.14434564290197893, 0.045243968165780704, 0.0849747661918481, 0.14956052146488338, 0.07657382980676507, 0.04937367101616541, 0.03448191870910056, 0.09993119041695774, 0.14501183428866785, 0.053783380726405317, 0.08346927109240794, 0.1580397111895605, 0.14117290406186453, 0.03455088201678039, 0.13335248858554197, 0.1416068819093468, 0.03736492960706961, 0.1509662509977834, 0.1600161982459907, 0.10638342812600333, 0.06508299846799576, 0.15291356235727474, 0.028985110168312494, 0.1635068201182024, 0.04080221962315671, 0.03874183745573863, 0.16681616072081334, 0.04483123735948092, 0.09157210117881132, 0.025319207651923834, 0.12077119983891292]"
A19KLUZ1XD3SRN,"[8.772077560424805, 11.585298538208008, 6.753243923187256, 7.934985160827637, 8.894702911376953, 0.23084689676761627, 10.623031616210938, 2.852189779281616, 3.7776072025299072, 4.686018943786621, 1.2078028917312622, 1.5043305158615112, 10.0892915725708, 8.066277503967285, 9.021696090698242, 8.130128860473633, 7.4255690574646, 6.948504447937012, 9.415996551513672, 1.2558876276016235, 8.472583770751953, 4.041317939758301, 7.873019218444824, 0.0, 6.5703125, 0.23084689676761627, 0.4474281668663025, 6.707013130187988, 6.519442081451416, 3.0364298820495605, 6.386881351470947, 5.293275356292725, 0.6885029077529907, 0.0, 7.730199813842773, 5.83223819732666, 3.937568187713623, 2.0933446884155273, 9.29574966430664, 8.140798568725586, 0.13572858443486402, 0.13826647323233007, 0.025048912792799874, 0.038941399729484946, 0.026901239322225975, 0.12833102112574268, 0.017530106065309005, 0.1298719613470001, 0.09117826045805988, 0.15517510517784133, 0.027648083303067148, 0.08698635546873057, 0.1314454033417135, 0.048557008832964474, 0.03219313140677169, 0.12210624241560854, 0.1095077177368279, 0.10322927175879344, 0.024933713933921665, 0.011395354039380868, 0.13009431277088943, 0.053744470731595655, 0.05851641836811078, 0.0644947865732664, 0.10771435480382874, 0.032836441911891896, 0.12009814466015353, 0.010728776663671948, 0.14609814053496237, 0.13738954655843136, 0.03126776630500306, 0.0881807982770285, 0.07087955636734114, 0.016093643413112382, 0.1113194156169941, 0.09068523462362707, 0.05730506187664723, 0.05151821636414991, 0.14946242709578925, 0.14487747886359006]"
A19Q4TR24DNXB5,"[0.8038579821586609, -0.21036922931671143, 1.0142271518707275, 1.0142271518707275, 1.0142271518707275, 0.0, 3.1261487007141113, -0.21036922931671143, 0.0, 0.0, 0.0, 1.0142271518707275, 1.0142271518707275, 1.0142271518707275, 1.0142271518707275, 0.5825371146202087, 0.0, 1.0142271518707275, 1.0142271518707275, 0.0, 1.0142271518707275, 0.0, 1.0142271518707275, 0.0, 0.0, 0.0, 1.0142271518707275, 1.0142271518707275, 1.0142271518707275, 1.0142271518707275, 1.0142271518707275, 0.5825371146202087, 1.0142271518707275, 0.0, 1.0142271518707275, 2.3222904205322266, -0.21036922931671143, 0.0, 0.7929063439369202, 0.36121633648872375, 0.15801490523829603, 0.07773588178043361, 0.05434274362631236, 0.1180243145432104, 0.06100034104817529, 0.05851765047996103, 0.17449118979963207, 0.07979750945783105, 0.17070047801045796, 0.14006485256281442, 0.07322560671098959, 0.1468122782786278, 0.07748670310444225, 0.11402489031763711, 0.052625519439545486, 0.11892546148996999, 0.06843769946140392, 0.159149716281857, 0.10471926682368024, 0.11959185013601212, 0.054956048400233874, 0.16000667564930898, 0.16887676602977075, 0.10385207717186122, 0.12220052196082846, 0.06513588349425362, 0.0695610352698827, 0.14338511352779934, 0.14829595162098544, 0.05568058361701273, 0.13774862338451443, 0.05638589687902949, 0.0773401364093253, 0.1257009486225603, 0.05477417122766148, 0.18151753378300556, 0.11783580183043763, 0.036354269048302634, 0.040587863756758616, 0.09889797128545524]"
A19XMHRB3G4DIR,"[13.609538078308105, 7.540417671203613, 7.406525135040283, 9.668243408203125, 14.279837608337402, -1.889366865158081, 13.042646408081055, 5.7075514793396, 5.743711948394775, 8.163942337036133, 2.1669845581054688, 7.048604488372803, 6.15708065032959, 13.666321754455566, 6.592038631439209, 13.518798828125, 9.386667251586914, 8.249361991882324, 13.3184175491333, 0.4857175350189209, 11.672284126281738, -1.1634242534637451, 9.001546859741211, 0.2930316925048828, 7.7013397216796875, 0.12083865702152252, 0.12083865702152252, 7.093303680419922, 7.696056365966797, 3.4561069011688232, 3.249044418334961, 9.337626457214355, 0.12083865702152252, -0.43130820989608765, 5.86831521987915, 1.919792652130127, 3.929431200027466, 0.7635054588317871, 13.609538078308105, 13.811558723449707, 0.033704347897864376, 0.11775035054949974, 0.04244125759601621, 0.02066653891437539, 0.036880671309063674, 0.14180639981619594, 0.1211194500192453, 0.12392899222545176, 0.13114068010878502, 0.1277701325358256, 0.06237820382263825, 0.14945701983069037, 0.10346005056321696, 0.06280298374406665, 0.08951038288498349, 0.039432224672769016, 0.15521876620196517, 0.03648264146577973, 0.012063408715569202, 0.030430114185486194, 0.05254713475768159, 0.06151626062933712, 0.05127971543303967, 0.020572298862572055, 0.13284233455268096, 0.055830643287349664, 0.10540614699894033, 0.06591854422473685, 0.13258157496567663, 0.1386237781708267, 0.02358630481393268, 0.13373476679939852, 0.04872270338085536, 0.06322475999195562, 0.10915865412049391, 0.08361666043222639, 0.10192981358547797, 0.11258224633492653, 0.015367556008576385, 0.01737221201577931]"
A1A6EANMBA02NW,"[0.0, 0.0, 0.0, 0.0, 0.0, 0.0, 0.0, 0.0, 0.0, 0.0, 0.0, 0.0, 0.0, 0.0, 0.0, 0.0, 0.0, 0.0, 0.0, 0.0, 0.0, 0.0, 0.0, 0.0, 0.0, 0.0, 0.0, 0.0, 0.0, 0.0, 0.0, 0.0, 0.0, 0.0, 0.0, 0.0, 0.0, 0.0, 0.0, 0.0, 0.05576874159369848, 0.07855808580440353, 0.11480301247998854, 0.11304891462227477, 0.12330173432135427, 0.141155161773122, 0.13087092463961916, 0.09464987696560086, 0.07146744541709485, 0.08779928353193214, 0.037256072488316576, 0.14879519443463912, 0.038581707256953694, 0.08164673151488193, 0.14514959958557402, 0.11267751777674391, 0.03632404248286722, 0.0702832659259501, 0.0880879941812938, 0.12111077096410795, 0.051489926002831476, 0.1667493011854026, 0.12975379353813493, 0.13167355615243034, 0.0795506462030768, 0.12180683856202779, 0.16205491494425564, 0.106822751975056, 0.17116179257266312, 0.14902301417706912, 0.0407064093308771, 0.021410489197079843, 0.03666606349648351, 0.16169402125037477, 0.1140929424797643, 0.153877818363012, 0.10445621550312609, 0.11213301211746736, 0.04367729375179623, 0.020275985737652855]"
A1A7LP8GUKEPZM,"[0.00118797249160707, 0.00118797249160707, 0.0, 1.45952308177948, 0.00118797249160707, 0.0, 0.00118797249160707, -1.458335041999817, 1.45952308177948, 0.00118797249160707, 0.0, 0.00118797249160707, 1.45952308177948, 1.45952308177948, 0.00118797249160707, 0.00118797249160707, 0.00118797249160707, 1.45952308177948, 0.00118797249160707, 1.45952308177948, 0.00118797249160707, 0.00118797249160707, 0.00118797249160707, 0.0, 0.00118797249160707, 0.0, 0.0, 0.00118797249160707, 0.0, 1.45952308177948, 0.0, 0.00118797249160707, 0.0, 0.0, 1.45952308177948, 0.0, 0.00118797249160707, 1.45952308177948, 0.00118797249160707, 0.00118797249160707, 0.08718904999548507, 0.06029567407174342, 0.08466517955273568, 0.10677651743952483, 0.12997581839011438, 0.0482058722744065, 0.05745360082862834, 0.1160103634649648, 0.1392411032335615, 0.06353943072794799, 0.07918748973654478, 0.15947927758098093, 0.1545273906140339, 0.1315661148673923, 0.09495560928277967, 0.06317706100673103, 0.08358853103891141, 0.09385536150600585, 0.15949006062985302, 0.03990598368523222, 0.07095606146100265, 0.13459534715189472, 0.041045126420901815, 0.055406674446302595, 0.054965903993847195, 0.10757448101553925, 0.03447607249872866, 0.09829959924880083, 0.11504087673791563, 0.10135616724699328, 0.17769764910484268, 0.17511310885439016, 0.0669566626654636, 0.09337909332586157, 0.16868379524436414, 0.06668978443729338, 0.12095479026773023, 0.0846988919925179, 0.1493485277726793, 0.16363686397498223]"
A1AEPMPA12GUJ7,"[10.414268493652344, 9.264080047607422, 8.7070894241333, 9.347271919250488, 10.291203498840332, 4.598019123077393, 10.41935920715332, 6.060451984405518, 2.8315701484680176, 5.1709136962890625, 5.577365875244141, 7.930490493774414, 10.350120544433594, 9.558809280395508, 10.471841812133789, 9.527910232543945, 9.91170597076416, 8.373835563659668, 10.291203498840332, 5.110382556915283, 9.399754524230957, 2.9589009284973145, 10.528950691223145, 0.0, 8.843879699707031, 3.783158302307129, 5.256994247436523, 9.090129852294922, 8.698831558227539, 6.064702033996582, 9.561344146728516, 10.414268493652344, 6.136505603790283, 0.32109335064888, 9.181760787963867, 8.861324310302734, 4.226718902587891, 3.0209503173828125, 10.238720893859863, 7.9955902099609375, 0.13950449007744037, 0.018049633347714616, 0.11529141137324878, 0.042447611425287926, 0.09814805584856336, 0.05835562421897755, 0.10279346937996946, 0.10613472881198709, 0.024283945084438294, 0.09285150085672698, 0.12128342261850826, 0.12945222124323955, 0.13336660085695828, 0.03830869329695623, 0.05259578391755145, 0.10313133242245229, 0.03488771525160453, 0.01673865233383697, 0.15491332905712393, 0.08641442589879303, 0.14973422679558512, 0.15068194854558478, 0.016375168568714456, 0.04331796795104447, 0.08946265952682943, 0.013111788871339522, 0.1556807970968147, 0.04053626519901927, 0.1207319473902048, 0.08592913550985905, 0.14185186917112627, 0.06487411728024815, 0.0688082368111862, 0.1456148651651068, 0.12186150152966486, 0.07979785772890644, 0.018637756565200624, 0.07417447597062443, 0.07497678926516897, 0.06599599372812265]"
A1AFK6DIZFYQ2V,"[16.12022590637207, 12.8115873336792, 6.617276668548584, 3.308638334274292, 12.8115873336792, 0.0, 16.12022590637207, 9.502948760986328, 0.0, 16.12022590637207, 3.308638334274292, 16.12022590637207, 6.617276668548584, 16.12022590637207, 12.8115873336792, 12.8115873336792, 16.12022590637207, 12.8115873336792, 16.12022590637207, 0.0, 16.12022590637207, 12.8115873336792, 12.8115873336792, 3.308638334274292, 16.12022590637207, 0.0, 0.0, 3.308638334274292, 0.0, 0.0, 3.308638334274292, 16.12022590637207, 0.0, 0.0, 0.0, 3.308638334274292, 12.8115873336792, 12.8115873336792, 16.12022590637207, 16.12022590637207, 0.16450672619677956, 0.05979910399269361, 0.09121505093617853, 0.16598577603966783, 0.11898553958018666, 0.07920184343574084, 0.037135917977132435, 0.16513081290857573, 0.05592012461652083, 0.1217935335824107, 0.056632743588500116, 0.058369932573879284, 0.09092122060954026, 0.1188806563941088, 0.09057683426776852, 0.12630122531912452, 0.1340927880629636, 0.16507884139175144, 0.05795974318804254, 0.15269034490480207, 0.16706255613416782, 0.1275450810067417, 0.12711343990426618, 0.052297600235918285, 0.0580437729306038, 0.10617047295013425, 0.10808990724444983, 0.08928434273976077, 0.07930353484816245, 0.15326074805302586, 0.0945640166843712, 0.16909040196996902, 0.15149725349748103, 0.03140186198798707, 0.09612769199565283, 0.12370422237845793, 0.11913853163571439, 0.051265559708790376, 0.029894985570757048, 0.06267361315287394]"
A1AFSSJ58HYER7,"[9.899792671203613, 9.899792671203613, 9.899792671203613, 0.786365270614624, 9.899792671203613, 0.0, 9.899792671203613, 0.0, 2.2299530506134033, 9.899792671203613, 0.0, 9.899792671203613, 9.899792671203613, 9.899792671203613, 9.899792671203613, 9.899792671203613, 9.899792671203613, 3.0163183212280273, 9.899792671203613, 0.5756234526634216, 9.899792671203613, 9.899792671203613, 9.899792671203613, 9.899792671203613, 9.899792671203613, 0.0, 0.0, 9.899792671203613, 4.095024585723877, 0.5756234526634216, 0.2107418328523636, 9.899792671203613, 0.2107418328523636, 0.0, 2.440694808959961, 9.899792671203613, 9.899792671203613, 9.899792671203613, 9.899792671203613, 9.899792671203613, 0.13034137881470836, 0.04966497261882461, 0.0895662811524363, 0.04391956252527717, 0.04503492041279029, 0.09982657459208774, 0.08456553790619001, 0.10438487924291653, 0.03138216956175296, 0.08437577801473815, 0.05337693926734252, 0.10504368722177719, 0.017123911934269397, 0.14162059065140692, 0.1651153106625979, 0.1165359950097883, 0.032879439657051465, 0.16000973506503183, 0.04807529129649154, 0.043023132967711236, 0.14049203629611143, 0.0360826894169807, 0.0513387513401765, 0.01648533972434597, 0.14307166286181863, 0.13072817919871108, 0.11450424218876896, 0.07042642647689147, 0.07108073638960219, 0.05647715996947713, 0.16190752700540453, 0.04454117281237527, 0.14291410259514012, 0.12070591986685658, 0.15770401401843187, 0.028396598018691502, 0.05208885617876044, 0.13828982412345395, 0.06352161738392964, 0.1067195024084091]"
A1AG4CEH4EYXIT,"[14.931299209594727, 6.832213878631592, 15.385499000549316, 14.44017219543457, 17.62848472595215, 0.7151579856872559, 14.894372940063477, 7.28641414642334, 6.571256637573242, 6.571256637573242, 0.7151579856872559, 0.7151579856872559, 17.137357711791992, 9.529400825500488, 14.894372940063477, 7.28641414642334, 19.119386672973633, 3.4123449325561523, 17.137357711791992, 0.7151579856872559, 14.44017219543457, 6.571256637573242, 17.137357711791992, 0.0, 15.385499000549316, 0.7151579856872559, 0.7151579856872559, 14.44017219543457, 7.28641414642334, 7.28641414642334, 14.931299209594727, 14.931299209594727, 0.7151579856872559, 0.0, 14.894372940063477, 15.385499000549316, 0.0, 0.0, 10.020526885986328, 6.832213878631592, 0.16385077931225447, 0.054968670693117054, 0.16906859645865932, 0.05870139445692085, 0.03246968824370846, 0.05878445480300599, 0.08826716248011113, 0.15181995009358037, 0.04242725817615349, 0.16396702170542263, 0.15631216939445253, 0.11820503180065053, 0.1349044218052046, 0.06067059157750331, 0.10204850449665812, 0.04388124551769936, 0.07679784478942925, 0.15424019515530576, 0.14981307479505335, 0.043212808198951715, 0.14966822642699396, 0.06024645230355643, 0.03628802474281433, 0.13132636991645735, 0.049557399550010726, 0.02984193939548157, 0.14856637441453402, 0.15844310799894884, 0.16743429412039368, 0.11212570088895392, 0.10155478297776331, 0.120135265592863, 0.04360501961805248, 0.16319621398371945, 0.08956190850441607, 0.05169627902576791, 0.15319450926176015, 0.08438265001489066, 0.03254350100313258, 0.09144424590763502]"
A1AIIT0GCPBL2M,"[24.74948501586914, 24.74948501586914, 9.92763614654541, 9.218131065368652, 23.342103958129883, 0.2823297381401062, 24.74948501586914, 8.6065092086792, 8.324178695678711, 22.44815444946289, 11.567228317260742, 11.665111541748047, 24.74948501586914, 23.953725814819336, 23.244218826293945, 24.74948501586914, 23.953725814819336, 11.567228317260742, 24.74948501586914, 0.8939513564109802, 24.74948501586914, 8.324178695678711, 9.316015243530273, 0.0, 24.74948501586914, 0.8939513564109802, 0.8939513564109802, 12.570943832397461, 19.891407012939453, 9.218131065368652, 9.218131065368652, 24.74948501586914, 0.8939513564109802, 0.0, 20.60091209411621, 19.10462188720703, 10.771161079406738, 10.6732759475708, 24.74948501586914, 19.891407012939453, 0.09881021236218664, 0.1410947997525917, 0.07627011769372598, 0.15418361586006998, 0.08027379709803298, 0.13911286881634874, 0.04902495292997289, 0.1398271099362741, 0.18048931447480776, 0.12712793398747205, 0.1635459803079162, 0.06363962880811917, 0.17273989642766302, 0.10038946209048871, 0.1454204040867739, 0.08605466245365945, 0.14070151625992824, 0.07584050159079082, 0.0654341806149509, 0.06048568826207316, 0.07839500184301826, 0.13169920758152817, 0.09055649034007023, 0.11134576142134553, 0.06544677425924349, 0.06918989151591018, 0.10223380917335192, 0.18016234401679873, 0.04230208408903523, 0.12355103005867597, 0.11467623964814866, 0.08419916541081955, 0.08120735350735211, 0.05244704758314208, 0.17582711638677534, 0.1277193592117889, 0.1619935908622249, 0.1285123628007139, 0.07601209726224166, 0.04776894508706314]"
A1AKH1GJBE5CX5,"[11.14688491821289, 10.47244930267334, 7.594690322875977, 5.967646598815918, 10.47244930267334, 2.4814951419830322, 10.47244930267334, 3.816370964050293, 2.4814951419830322, 11.212929725646973, 1.0046559572219849, 5.443414688110352, 9.325533866882324, 14.02464485168457, 7.660734176635742, 10.47244930267334, 11.212929725646973, 5.095077991485596, 14.699080467224121, 0.0, 10.208273887634277, 7.858865737915039, 9.259489059448242, 5.113194942474365, 13.760469436645508, 0.0, 0.9386120438575745, 7.914737701416016, 6.099733829498291, 5.967646598815918, 5.967646598815918, 14.849693298339844, 0.0, 0.0, 6.033690452575684, 8.797477722167969, 5.179239273071289, 5.179239273071289, 14.02464485168457, 10.47244930267334, 0.09943899171853998, 0.14539486816908787, 0.03864371083757998, 0.13724637666159817, 0.0566802237217359, 0.14089475835499718, 0.07240830583944292, 0.12141653891891144, 0.12219793614244459, 0.11541195329395197, 0.12954318869364873, 0.11372403073656683, 0.04632528905478873, 0.13636529617892218, 0.1538410497170522, 0.10207782383029763, 0.07853338902645103, 0.10940572832771407, 0.12200628059231894, 0.052639151470730165, 0.15515770999454961, 0.12674469929176188, 0.1359199748308611, 0.14558763014362516, 0.12868895695849064, 0.16575488058621982, 0.11130508355749799, 0.15276518765739072, 0.0989034899907163, 0.029387780638233985, 0.051615370700152326, 0.1614155822530238, 0.017813489703481, 0.11572121228988132, 0.10103589891563554, 0.05956494952706268, 0.1254569209267775, 0.05636371971851552, 0.03592589122855893, 0.1113525808837311]"
A1AN9A2FNOYHTX,"[10.207218170166016, 10.207218170166016, 10.207218170166016, 10.207218170166016, 10.207218170166016, 1.5970726013183594, 10.207218170166016, 4.535220623016357, 8.62706470489502, 5.8932905197143555, 1.3165781497955322, 10.207218170166016, 10.207218170166016, 10.207218170166016, 10.207218170166016, 10.207218170166016, 10.207218170166016, 10.207218170166016, 10.207218170166016, 0.8182106018066406, 10.207218170166016, 8.62706470489502, 10.207218170166016, 0.0, 10.207218170166016, 0.3686847388744354, 2.015364170074463, 10.207218170166016, 10.207218170166016, 10.207218170166016, 10.207218170166016, 10.207218170166016, 9.587844848632812, 0.0, 10.207218170166016, 10.207218170166016, 10.207218170166016, 10.207218170166016, 10.207218170166016, 10.207218170166016, 0.12151038299392838, 0.02292791953261667, 0.046527528538535694, 0.05200004908483513, 0.08305533070637293, 0.020410941660231337, 0.04170686615652325, 0.02453794559713476, 0.03618607978495892, 0.02865030565452142, 0.06619154381431173, 0.08158157981451937, 0.08780772812595869, 0.14361520089808447, 0.1164606526874722, 0.10800375189558163, 0.0577651809365247, 0.11391412257387651, 0.018710795302753346, 0.06758133483918241, 0.14661494100259542, 0.017196211400238755, 0.08870076375818674, 0.14680013562039962, 0.026644324126336414, 0.101146303883185, 0.03363646020871905, 0.008030657622117778, 0.05322205573347789, 0.09134972006421932, 0.13225680880646465, 0.026810127116787912, 0.12003565214059835, 0.018496625078861056, 0.09103972062839792, 0.048036580369733975, 0.08941614326408232, 0.09343188313361357, 0.040436758142030606, 0.04478912441982786]"
A1ANGX1BIKKJL1,"[19.799602508544922, 19.799602508544922, 11.812195777893066, 10.080719947814941, 19.799602508544922, 8.503532409667969, 19.799602508544922, 19.799602508544922, 0.0, 19.799602508544922, 12.811678886413574, 19.799602508544922, 13.389382362365723, 19.799602508544922, 19.799602508544922, 19.799602508544922, 19.799602508544922, 19.799602508544922, 19.799602508544922, 3.464534282684326, 19.799602508544922, 16.276214599609375, 19.799602508544922, 3.308661937713623, 19.799602508544922, 0.0, 0.0, 15.276729583740234, 19.799602508544922, 8.503532409667969, 15.02230453491211, 19.799602508544922, 12.811678886413574, 0.0, 1.5771868228912354, 3.7301459312438965, 12.811678886413574, 19.799602508544922, 19.799602508544922, 19.799602508544922, 0.04984429505127167, 0.05133721396988949, 0.10842856558384686, 0.08304198163143015, 0.13208737660834047, 0.10257824712232963, 0.06825461158020363, 0.03632631027999265, 0.11402292598572562, 0.13385645352897238, 0.08842668258638137, 0.16332231340666245, 0.057409621427986376, 0.05342292875946122, 0.044420315393119074, 0.09753440497749628, 0.15453712196992847, 0.13315360993040354, 0.034359305536740326, 0.164326430611641, 0.03297362881912039, 0.049201609016412164, 0.05076802069399144, 0.04513526494620553, 0.08923681192609623, 0.13953086787808283, 0.1448997864798959, 0.051753530632493036, 0.1309271900385633, 0.07887701072402263, 0.17118963991572944, 0.1311441942152666, 0.1396704481840588, 0.11962724784816059, 0.12925173438837317, 0.12118856678831422, 0.06268292336616547, 0.05196168791323701, 0.164051588689066, 0.030855016916174594]"
A1AWB5QE4T9LPM,"[0.5860666036605835, 0.0, 0.0, 0.0, 0.5860666036605835, 0.0, 0.5860666036605835, 0.0, 0.0, 0.5860666036605835, 0.0, 0.0, 0.0, 0.5860666036605835, 0.0, 0.5860666036605835, 0.5860666036605835, 0.5860666036605835, 0.5860666036605835, 0.0, 0.5860666036605835, 0.5860666036605835, 0.0, 0.5860666036605835, 0.5860666036605835, 0.0, 0.0, 0.0, 0.0, 0.0, 0.0, 0.5860666036605835, 0.0, 0.0, 0.0, 0.0, 0.5860666036605835, 0.0, 0.5860666036605835, 0.5860666036605835, 0.04654113903809804, 0.1688621561127334, 0.13182373364673503, 0.119725043752446, 0.14905196149269126, 0.1605699847757896, 0.026601488032964343, 0.07114083114107883, 0.0793601572262389, 0.1298142635475573, 0.0637755298025937, 0.10366662867124034, 0.06587495238398926, 0.13038657641273965, 0.09506442915887899, 0.13141325317770636, 0.06019073876296819, 0.04626860053344499, 0.12523304708172894, 0.06949308657890008, 0.14243123017194315, 0.1502645298602937, 0.09504841072374219, 0.13259626482025094, 0.09240870404637713, 0.1010775623422744, 0.04706510462971217, 0.14773190090111596, 0.15985991128535626, 0.06222687191876238, 0.02333823595659904, 0.058464609751908196, 0.03383395683920207, 0.12175822992021217, 0.1697157745059741, 0.12350662523608705, 0.15042969983175203, 0.0987445844356515, 0.12247709832148007, 0.027492925727934048]"
A1B1HM7OZLXFO2,"[2.181791305541992, 0.0, 1.090895652770996, 1.090895652770996, 0.0, 0.0, 1.090895652770996, 1.090895652770996, 0.0, 2.181791305541992, 1.090895652770996, 1.090895652770996, 1.090895652770996, 1.090895652770996, 1.090895652770996, 0.0, 1.090895652770996, 1.090895652770996, 1.090895652770996, 1.090895652770996, 1.090895652770996, 1.090895652770996, 0.0, 0.0, 1.090895652770996, 0.0, 0.0, 0.0, 0.0, 0.0, 1.090895652770996, 1.090895652770996, 0.0, 0.0, 0.0, 0.0, 0.0, 0.0, 2.181791305541992, 1.090895652770996, 0.13917304632013305, 0.15434001151303, 0.16518433887059494, 0.04952998599166361, 0.018694629041134954, 0.16175703705414934, 0.02350484967216728, 0.03956542916380208, 0.14515209818126323, 0.07901577687117904, 0.054198325375346065, 0.12356390826503472, 0.13819833644378346, 0.05252768096943327, 0.055266925347482516, 0.03370621594059496, 0.054200239702030834, 0.103125846562908, 0.1307780629017645, 0.16060091015276304, 0.06442483947530836, 0.09680660879750305, 0.13471834314334208, 0.08791110082095595, 0.12483784887202509, 0.061701760058363926, 0.132749326060702, 0.06711218381476754, 0.09727400623418626, 0.1325693591394963, 0.03611477269914361, 0.11347717684398077, 0.07013709639410992, 0.06751754400321776, 0.14879171139286612, 0.1671253657097588, 0.16021714187291963, 0.15746663811440004, 0.15476216948676028, 0.11817001110204117]"
A1B5D7AI4KYG98,"[1.215120792388916, 1.215120792388916, 1.215120792388916, 1.215120792388916, 2.430241584777832, 1.215120792388916, 2.430241584777832, 0.0, 1.215120792388916, 2.430241584777832, 1.215120792388916, 1.215120792388916, 1.215120792388916, 1.215120792388916, 2.430241584777832, 2.430241584777832, 2.430241584777832, 1.215120792388916, 1.215120792388916, 1.215120792388916, 2.430241584777832, 2.430241584777832, 2.430241584777832, 1.215120792388916, 1.215120792388916, 0.0, 1.215120792388916, 1.215120792388916, 1.215120792388916, 1.215120792388916, 1.215120792388916, 1.215120792388916, 0.0, 0.0, 1.215120792388916, 1.215120792388916, 1.215120792388916, 2.430241584777832, 2.430241584777832, 1.215120792388916, 0.14399660058977656, 0.17189263698619325, 0.0421761844238601, 0.14432943600087428, 0.056921670349433344, 0.04690728268889715, 0.04092755818679975, 0.06899151650235918, 0.12825503304353328, 0.0374247361462432, 0.03412167785811284, 0.16852578950578223, 0.07500961751714706, 0.13035719245743427, 0.17315338945775374, 0.057056080902851775, 0.14180253033671364, 0.04415191347700034, 0.09477325927037979, 0.09109258085960564, 0.1361604045280405, 0.1370406603533348, 0.05732062373070134, 0.03602133170425969, 0.17227429835765795, 0.11888818949345477, 0.16238858610225634, 0.11951949376296783, 0.1496764311705359, 0.06609434781496826, 0.04763953564174051, 0.09789578508183364, 0.1650056603804987, 0.037667707583669545, 0.17388245557251902, 0.09207482575970742, 0.16777130821294337, 0.16158613903847893, 0.0736455794321224, 0.06808659854230355]"
A1BAZK7LSPBPEJ,"[1.3999614715576172, 0.613635778427124, 1.676517367362976, 0.613635778427124, 1.3999614715576172, 0.613635778427124, 1.3733065128326416, 0.613635778427124, 0.0, 0.792056143283844, 0.3768634498119354, 0.877062976360321, 0.613635778427124, 0.8504080772399902, 1.3733065128326416, 0.8504080772399902, 1.1365342140197754, 1.1365342140197754, 1.3733065128326416, 0.3768634498119354, 0.8504080772399902, 0.0, 1.1365342140197754, 0.0, 0.877062976360321, 0.3768634498119354, 0.4035184383392334, 0.8504080772399902, 1.1955746412277222, 0.6402906775474548, 0.613635778427124, 1.3733065128326416, 0.3768634498119354, 0.0, 0.3768634498119354, 0.613635778427124, 0.0, 0.2367722988128662, 1.3733065128326416, 1.3733065128326416, 0.0644312245328343, 0.046457026435878075, 0.13811537597209148, 0.11851754047582148, 0.05018401710976003, 0.09053088334752278, 0.12158612989221428, 0.07116396505008984, 0.1412443553865929, 0.07466671189871954, 0.09113238460782042, 0.08321705152667183, 0.00590644091760102, 0.012347447093391419, 0.12311918649880937, 0.01895493622449687, 0.050778440414042024, 0.09172121312459752, 0.05430704237077466, 0.1285320925771826, 0.07261912158615745, 0.11979061631995519, 0.12320603387522941, 0.005481498462659275, 0.008220067165188052, 0.10877347019164392, 0.03360849667131088, 0.013980499794020334, 0.06165684041090494, 0.13916547354765751, 0.06583632389687051, 0.09637563047474546, 0.02005320142364914, 0.029893327545620275, 0.03956541802153903, 0.1408751762504649, 0.1338346906562073, 0.12034320638304197, 0.07384213037417645, 0.07937462932422137]"
A1BK60GZ4QME6I,"[13.408681869506836, 10.8298978805542, 12.614020347595215, 12.963813781738281, 13.6949462890625, 5.3287858963012695, 13.280545234680176, 2.177494764328003, 11.052251815795898, 6.668637752532959, 6.364439964294434, 11.247589111328125, 16.13717269897461, 15.001476287841797, 12.075800895690918, 14.076820373535156, 8.280634880065918, 10.291378021240234, 15.331135749816895, 5.643806457519531, 15.37914752960205, 10.41971206665039, 16.114282608032227, 0.0, 11.115662574768066, 0.9169397354125977, 8.005841255187988, 13.671733856201172, 11.554265022277832, 11.202268600463867, 12.205862045288086, 12.004432678222656, 2.353891611099243, 0.27683669328689575, 13.598146438598633, 11.352989196777344, 7.087790012359619, 8.774094581604004, 12.670626640319824, 14.570361137390137, 0.05716302071396704, 0.1243784344746549, 0.03574640401072883, 0.052900581338950696, 0.14872289971471514, 0.14986303377877572, 0.11327580507675893, 0.12002577179265324, 0.1128003892106443, 0.06765807772078461, 0.04363353430523982, 0.08343540888225076, 0.12199443657451761, 0.0814336619376112, 0.1399738447858202, 0.021939121328206065, 0.1083159311931026, 0.13095616011441938, 0.1339624803257204, 0.12225692575785856, 0.11290677617223303, 0.1334878441345064, 0.045837104895728426, 0.13654161462957376, 0.052029319333448114, 0.15708365100187313, 0.12887848430241805, 0.15601739035477477, 0.03321529541760741, 0.1184624163006249, 0.14759473819341257, 0.049996717713368284, 0.15255294537417258, 0.1057540392174334, 0.10755066878307538, 0.017146773003159893, 0.028360013042360955, 0.062472471389960225, 0.05268712306191868, 0.014066012528668714]"
A1BR2MY80R6CX4,"[0.36488163471221924, 3.80238676071167, 3.4375052452087402, 0.36488163471221924, 6.8750104904174805, 0.0, 6.8750104904174805, 0.0, 0.36488163471221924, 3.4375052452087402, 0.0, 3.4375052452087402, 0.36488163471221924, 3.80238676071167, 0.36488163471221924, 3.80238676071167, 3.4375052452087402, 0.36488163471221924, 0.36488163471221924, 0.36488163471221924, 3.80238676071167, 0.36488163471221924, 0.36488163471221924, 0.0, 0.36488163471221924, 0.0, 0.0, 3.80238676071167, 0.0, 0.36488163471221924, 0.0, 3.4375052452087402, 0.0, 0.0, 0.36488163471221924, 0.0, 0.36488163471221924, 0.36488163471221924, 3.80238676071167, 0.36488163471221924, 0.1457276616649943, 0.09986625313816186, 0.04911340304842191, 0.153595705305719, 0.07145100968014109, 0.10219806300683106, 0.15418668239842884, 0.048890213829162456, 0.11878468106154466, 0.06400271735996725, 0.09327942272803809, 0.11782740272307322, 0.06796394308279063, 0.05521867597525768, 0.05858528470641922, 0.10156215329393513, 0.12406286962110218, 0.09494605850675907, 0.06544429638538111, 0.036193168104917454, 0.023060203261548902, 0.10860674833667863, 0.10621513274820951, 0.02922800036017054, 0.032377043586346965, 0.08703295477131791, 0.11108980791720087, 0.14449339473353895, 0.03148815771977729, 0.0908931599768722, 0.07549704137389603, 0.07217245265380878, 0.0773777420307073, 0.016734459670832928, 0.14981083345252844, 0.12550166041402144, 0.15289280002451863, 0.1184687938390712, 0.05333281675044994, 0.14119293494329108]"
A1BRNOD64VZ1GP,"[17.574119567871094, 18.23274803161621, 0.966261625289917, 13.490785598754883, 19.799427032470703, 0.0, 18.70803451538086, 17.134275436401367, 0.0, 15.24694538116455, 4.334936141967773, 16.21256446838379, 13.97750473022461, 15.813901901245117, 10.688819885253906, 19.799427032470703, 15.24694538116455, 11.167718887329102, 16.07792854309082, 0.0, 19.799427032470703, 11.07966136932373, 19.799427032470703, 0.0, 19.799427032470703, 0.0, 0.0, 14.321767807006836, 0.48671942949295044, 0.0, 0.830981969833374, 17.708755493164062, 0.0, 0.0, 0.5754209160804749, 0.830981969833374, 19.799427032470703, 10.600762367248535, 19.799427032470703, 18.22161102294922, 0.08806002443636951, 0.12214234713930995, 0.08430836671632737, 0.03549530153834729, 0.0503296356816611, 0.04152859903202582, 0.13874069768298952, 0.1366982051016201, 0.06835342502502902, 0.03466437986431473, 0.04397736891681312, 0.10760811496647345, 0.16246916649287468, 0.11372057626916351, 0.10261986746656951, 0.11971288871076832, 0.14398954107069933, 0.12113664106119963, 0.14859400080092483, 0.16977764728283354, 0.05825198370985153, 0.0651422098732914, 0.10590565276089388, 0.12631066081796904, 0.09740262211277001, 0.05579200333187963, 0.07844795515533977, 0.16914804887804638, 0.05482834422563146, 0.09102352173399408, 0.030125704091386447, 0.1476602141982129, 0.07626319014744765, 0.15078774145572135, 0.052159172962747434, 0.0951099422367867, 0.1749217069739759, 0.15638286153482944, 0.1605478835456565, 0.06711424136558976]"
A1BS75OBCJN3EA,"[9.35031795501709, 9.35031795501709, 8.05359935760498, 3.7533435821533203, 10.81533432006836, 0.0, 16.412309646606445, 3.7533435821533203, 1.2967194318771362, 9.518614768981934, 2.4566240310668945, 10.81533432006836, 16.412309646606445, 9.518614768981934, 9.518614768981934, 15.11559009552002, 9.518614768981934, 3.7533435821533203, 15.283885955810547, 1.2967194318771362, 15.283885955810547, 9.518614768981934, 9.518614768981934, 5.765270709991455, 15.283885955810547, 0.0, 2.4566240310668945, 9.518614768981934, 3.7533435821533203, 3.7533435821533203, 2.4566240310668945, 16.58060646057129, 0.0, 0.0, 3.7533435821533203, 13.987166404724121, 10.81533432006836, 9.518614768981934, 15.283885955810547, 9.35031795501709, 0.14666653888645184, 0.13633775333129863, 0.16741663768218554, 0.11367675458927484, 0.054645454133680556, 0.15448902215045857, 0.12971169809781158, 0.16443136703790018, 0.05797371784180195, 0.058149235647088446, 0.167355168267821, 0.1063348921977865, 0.06771017851876827, 0.11230365709026927, 0.08471904489185376, 0.10154740028349027, 0.06944566305692605, 0.12344248892158352, 0.15837137849850538, 0.03911037038965311, 0.1021678273378929, 0.11657375137634957, 0.06339974348098683, 0.10322623375564909, 0.14277686725920097, 0.06486993578492285, 0.09019217833749468, 0.1317679623135178, 0.029218470462235843, 0.09510675556396525, 0.04357036215039893, 0.1703566376046291, 0.1266545808094815, 0.029542878437240152, 0.03328855037554198, 0.10347319814694644, 0.13303232105028095, 0.121367142951248, 0.1571128580205688, 0.038698865773396776]"
A1C03381HL8SWG,"[2.4814863204956055, 2.4814863204956055, 2.4814863204956055, 0.0, 2.4814863204956055, 0.0, 2.4814863204956055, 0.0, 0.0, 0.3625539541244507, 0.0, 2.4814863204956055, 2.4814863204956055, 2.4814863204956055, 2.4814863204956055, 2.4814863204956055, 2.4814863204956055, 0.0, 2.4814863204956055, 0.0, 2.4814863204956055, 2.4814863204956055, 2.4814863204956055, 2.4814863204956055, 2.4814863204956055, 0.0, 0.0, 2.4814863204956055, 0.0, 0.0, 0.0, 2.4814863204956055, 0.0, 0.0, 0.0, 2.4814863204956055, 2.4814863204956055, 2.4814863204956055, 2.4814863204956055, 2.4814863204956055, 0.15410828105465108, 0.05616685475437175, 0.023155650461352286, 0.059387342752707344, 0.15892342828812778, 0.08783395630553575, 0.11025776265322146, 0.05138564447387486, 0.032278972390145606, 0.14279527139589543, 0.1497062077986823, 0.17003341178414969, 0.04095878197800864, 0.06248013631956728, 0.05717330935581473, 0.10710858831216052, 0.07409924692740891, 0.033980915038757886, 0.14503812813880582, 0.04820181758333726, 0.07290060347261884, 0.14701560721742996, 0.13272011503781453, 0.03777041591423891, 0.03930566787925545, 0.05265037118994868, 0.06265800072754901, 0.11551077063737318, 0.11146261158265669, 0.10266020505654813, 0.05274377802465295, 0.14475001735146503, 0.1064929919056744, 0.13390704444311216, 0.036704995377222396, 0.1554126198933785, 0.13363533596599544, 0.049815020260637805, 0.02309112259776239, 0.09889636165152554]"
A1C13KVGOWMI6A,"[1.165749192237854, 1.165749192237854, 0.8008678555488586, 1.165749192237854, 1.165749192237854, 0.43598654866218567, 1.165749192237854, 0.36488133668899536, 0.8008678555488586, 1.6017357110977173, 0.8008678555488586, 1.165749192237854, 1.165749192237854, 1.165749192237854, 1.165749192237854, 1.165749192237854, 1.165749192237854, 1.165749192237854, 1.165749192237854, 0.8008678555488586, 1.165749192237854, 1.165749192237854, 1.165749192237854, 0.0, 1.165749192237854, 0.0, 0.8008678555488586, 1.165749192237854, 0.8008678555488586, 0.7297626733779907, 0.8008678555488586, 1.165749192237854, 0.0, 0.0, 1.165749192237854, 0.8008678555488586, 1.165749192237854, 1.165749192237854, 1.165749192237854, 1.165749192237854, 0.08737524332187817, 0.053721233758101, 0.020438220565029693, 0.09379988814887835, 0.11292697745073321, 0.03571983158795274, 0.039159177704316, 0.16482040679179036, 0.047762808301136835, 0.08747143497440202, 0.052221413205148705, 0.048685556155798254, 0.06691002884373884, 0.127063564992002, 0.13692213735113926, 0.14081853801963423, 0.1592999659819295, 0.06242597871584919, 0.023418949943373818, 0.02621267022217095, 0.033680806177698794, 0.09807109446781391, 0.15992645647526593, 0.09853455568298683, 0.03165215458866393, 0.03784046989390485, 0.1347870740516286, 0.048454755320036465, 0.04365879329404152, 0.05120954479766221, 0.019514353030969923, 0.047382230318120444, 0.11534469583383862, 0.07882342674550544, 0.1385238618707435, 0.08543724787936903, 0.06224584199983823, 0.05763131803454187, 0.154538122020801, 0.07811539617922804]"
A1C3SRDH9HVEI2,"[2.9106979370117188, -0.7028355598449707, 0.6613320112228394, 2.063922882080078, 1.0770782232284546, 0.796070396900177, -0.28653639554977417, 0.36891165375709534, 0.5168396234512329, -0.6554480791091919, 0.36891165375709534, 1.5470832586288452, -0.6017422080039978, -0.3876297175884247, -0.8033760190010071, 0.6613320112228394, -0.08490259945392609, -0.7028355598449707, 4.0226850509643555, 0.5705454349517822, 1.445989966392517, -0.2016337811946869, 2.9106979370117188, 0.0, 0.6613320112228394, 0.5705454349517822, 0.36891165375709534, -0.8033760190010071, -0.9044693112373352, -0.7028355598449707, 0.761872410774231, 1.445989966392517, 0.5705454349517822, 0.0, 0.06618453562259674, 2.4166438579559326, 3.6135334968566895, 2.4412457942962646, 3.427537441253662, 2.1644632816314697, 0.12481657859262597, 0.08158989886193158, 0.1662924285497917, 0.039795486020318425, 0.06272354353940873, 0.09075722057419248, 0.03629122936326295, 0.12801034838820122, 0.05569973971239853, 0.15167323894739093, 0.1071898562211249, 0.08909321845074329, 0.03110947835658721, 0.1310993939320815, 0.10410216244761919, 0.14236935798829298, 0.02206610964909548, 0.060733116762643605, 0.14043367928472184, 0.05838573548522171, 0.02789316805738837, 0.1581379611174696, 0.11962837853358256, 0.07074919941344897, 0.15782518266456919, 0.04518779398154638, 0.11340033922454634, 0.12994814200928614, 0.12238268486833989, 0.16549482940113996, 0.0176966461706008, 0.054801928896866504, 0.10238026696613499, 0.02808206079946007, 0.10790244919112488, 0.15805281256962989, 0.048040751475456375, 0.14227982929468566, 0.044781545430554404, 0.0848397867806701]"
A1C8LL1BBQ7GTO,"[0.7325816750526428, 0.0, 0.0, 0.0, 0.7325816750526428, 0.0, 1.4651633501052856, 0.0, 0.0, 0.7325816750526428, 0.0, 0.0, 0.0, 0.7325816750526428, 0.7325816750526428, 1.4651633501052856, 0.7325816750526428, 0.7325816750526428, 0.7325816750526428, 0.0, 0.7325816750526428, 1.4651633501052856, 0.0, 0.7325816750526428, 0.7325816750526428, 0.0, 0.0, 0.0, 0.0, 0.0, 0.0, 0.7325816750526428, 0.0, 0.0, 0.0, 0.0, 0.7325816750526428, 0.0, 0.7325816750526428, 0.7325816750526428, 0.17507777682536133, 0.17143312103353894, 0.04610193176051245, 0.07048481774038534, 0.14260558913061339, 0.06125329722832376, 0.042510314739871775, 0.12246943712080896, 0.08207253337665966, 0.06251866516719085, 0.11272858874915256, 0.04011191647281428, 0.08726615320269265, 0.059757458291250454, 0.1569740358980927, 0.08952138484933102, 0.09349200776426052, 0.04967146378985804, 0.12314436143518019, 0.1771397572039009, 0.08180380370001036, 0.05555164064934893, 0.07072273734915593, 0.12396770649604143, 0.18207737577491276, 0.045133529768783126, 0.13944333387689525, 0.04189166010009015, 0.06872760110691628, 0.05023690814084675, 0.0896949562951761, 0.10956111024359004, 0.15074927553965475, 0.11860772501323415, 0.12460928532694035, 0.16970725344502532, 0.14684394920244617, 0.09089457170223111, 0.09762263559079598, 0.043101902616285756]"
A1CEDYAX0NG4BU,"[1.8194279670715332, 1.5782734155654907, 0.2411545366048813, 1.8194279670715332, 0.2411545366048813, 0.0, 0.2411545366048813, 0.0, 0.0, 1.5782734155654907, 0.0, 0.2411545366048813, 0.2411545366048813, 1.8194279670715332, 0.2411545366048813, 0.2411545366048813, 0.0, 1.8194279670715332, 1.8194279670715332, 0.0, 1.8194279670715332, 0.0, 0.2411545366048813, 0.0, 0.0, 0.0, 0.2411545366048813, 0.2411545366048813, 1.8194279670715332, 0.2411545366048813, 0.2411545366048813, 0.2411545366048813, 0.2411545366048813, 0.0, 0.2411545366048813, 0.0, 0.0, 0.0, 1.8194279670715332, 1.8194279670715332, 0.14262333301095773, 0.06987168519689974, 0.12579908770551085, 0.023858658734056282, 0.013899159206719766, 0.14075248481917066, 0.06486362093621907, 0.12052936462242843, 0.08418000258679117, 0.011442035046884668, 0.026765170119911984, 0.011227996350347763, 0.09194821558974065, 0.05877999548620762, 0.13569786890809996, 0.10493023008809078, 0.08859482307583784, 0.121502012986631, 0.019690812046601967, 0.11901329853988729, 0.07446463658973194, 0.1142492459465055, 0.09940170644327703, 0.030012648201479003, 0.07649770865975222, 0.13049361422379396, 0.12259424343843191, 0.05426172172660914, 0.05674365574756233, 0.08264500963893183, 0.05811493708184108, 0.12997862839908936, 0.040297866301810474, 0.08411891734649858, 0.04944412289897035, 0.026661832870224215, 0.08690255270254077, 0.07754302011343815, 0.11059528343406921, 0.15104033765534874]"
A1CF9LS3PV9ZOR,"[14.849655151367188, 14.849655151367188, 14.849655151367188, 4.43863582611084, 14.849655151367188, 0.0, 14.849655151367188, 7.409939765930176, 4.9284515380859375, 14.849655151367188, -0.4898158311843872, 14.715228080749512, 14.849655151367188, 14.849655151367188, 14.849655151367188, 14.849655151367188, 14.849655151367188, -0.17370383441448212, 14.849655151367188, 0.0, 14.849655151367188, 14.849655151367188, 14.849655151367188, 14.849655151367188, 14.849655151367188, 0.0, 0.0, 14.849655151367188, 5.244563579559326, 4.9284515380859375, 4.43863582611084, 14.849655151367188, 0.0, 0.0, 7.409939765930176, 14.849655151367188, 14.849655151367188, 14.849655151367188, 14.849655151367188, 14.849655151367188, 0.027983598539015477, 0.05781477255472881, 0.15435923461358975, 0.03907818490223828, 0.0322011937385034, 0.053021143941594885, 0.04766325491261857, 0.1027748122489204, 0.11734105784691547, 0.15904944289902193, 0.1448278784803006, 0.10524285981391442, 0.16488484733899622, 0.02678141679333443, 0.0309064479683336, 0.140625763165664, 0.11761523997163899, 0.1316736108590382, 0.1548150932849447, 0.07078679029092404, 0.09895409597462691, 0.07042252826961114, 0.09408204834413361, 0.16746992566773924, 0.12298979536165616, 0.13228149341291373, 0.05380736575014301, 0.024132654059480615, 0.14624295596115366, 0.13540756983213928, 0.04953573542839445, 0.10693401637999664, 0.15040094160423195, 0.0760828470188152, 0.11445896488198953, 0.039814494286812795, 0.16941895874787619, 0.05855488771789294, 0.1114615829864745, 0.14215390129358205]"
A1CJRTU646COUL,"[-4.3834404945373535, -3.212949275970459, -2.3409831523895264, -2.3409831523895264, -3.212949275970459, -1.1704915761947632, -4.3834404945373535, 0.0, -3.212949275970459, -3.212949275970459, -3.212949275970459, -1.1704915761947632, -4.3834404945373535, -4.3834404945373535, -4.3834404945373535, -4.3834404945373535, -4.3834404945373535, -2.3409831523895264, -4.3834404945373535, -3.212949275970459, -3.212949275970459, -4.3834404945373535, -2.3409831523895264, 0.0, -2.3409831523895264, 0.0, -1.1704915761947632, -1.1704915761947632, -2.3409831523895264, 0.0, -2.3409831523895264, -3.212949275970459, 0.0, 0.0, -4.3834404945373535, -2.3409831523895264, -2.3409831523895264, -3.212949275970459, -4.3834404945373535, -4.3834404945373535, 0.032960216260881275, 0.06414146754848749, 0.15858375585774256, 0.14396649180429236, 0.14485492748402953, 0.09291615023154168, 0.13265144679802718, 0.03297206291832986, 0.1292047943361133, 0.1312706836730354, 0.12464974520539926, 0.09402367771190935, 0.052026089324077054, 0.09209509835018248, 0.16430709032356325, 0.045134956033626196, 0.08532692531775102, 0.030590571865121, 0.1716893114003099, 0.053047539563759, 0.17335894808473548, 0.04920305935782219, 0.08409100042245371, 0.16999950939705205, 0.11792295584226137, 0.06446992329377119, 0.1742123102055756, 0.06748556524159777, 0.10304756719051718, 0.1519746866451599, 0.1553052852410755, 0.12084933727536934, 0.060741520372329535, 0.14581359506893027, 0.14363469852458688, 0.07729149677162897, 0.1286911912537598, 0.03165110723795778, 0.12563720165478898, 0.03428495288969489]"
A1CRH843D61QTZ,"[0.6539799571037292, 0.6539799571037292, 0.6539799571037292, 0.6539799571037292, 0.6539799571037292, 0.6539799571037292, 0.6539799571037292, 0.0, 0.6539799571037292, 0.6539799571037292, 0.6539799571037292, 0.6539799571037292, 0.6539799571037292, 0.6539799571037292, 0.6539799571037292, 0.6539799571037292, 0.6539799571037292, 0.6539799571037292, 0.6539799571037292, 0.6539799571037292, 0.6539799571037292, 0.6539799571037292, 0.6539799571037292, 0.0, 0.6539799571037292, 0.0, 0.6539799571037292, 0.6539799571037292, 0.6539799571037292, 0.0, 0.6539799571037292, 0.6539799571037292, 0.0, 0.0, 0.6539799571037292, 0.6539799571037292, 0.6539799571037292, 0.6539799571037292, 0.6539799571037292, 0.6539799571037292, 0.045591862083489636, 0.09869707759700677, 0.09701863762987883, 0.07087129880804542, 0.04589359965321413, 0.15142956223526785, 0.037176626226217376, 0.12306926659023631, 0.14711763036237765, 0.11821093706693074, 0.1247876368944206, 0.0462680465301161, 0.07122127987649836, 0.16323271995234245, 0.041012012724093716, 0.15920060896702382, 0.11623705872503741, 0.04847368527702507, 0.14292991557557483, 0.16087480448527583, 0.06938495892562578, 0.16606263199371477, 0.062404379101056826, 0.09063216053541708, 0.16988411234391396, 0.06662010391949537, 0.04238620337590746, 0.1676005288790215, 0.1331943250204532, 0.15677302092026843, 0.10034140616823876, 0.15202475216200922, 0.04848761952245005, 0.08564917920664097, 0.03599491468150191, 0.07856534331558991, 0.05128418381206669, 0.1242095299484048, 0.11382576464716442, 0.10378079958860363]"
A1CURM7FGX5UJP,"[-0.5710408687591553, -1.4757766723632812, -1.1662369966506958, -1.4757766723632812, -0.1131538450717926, 0.3575780391693115, -0.8736754059791565, 0.3575780391693115, 0.0, -1.0111083984375, 0.3575780391693115, -0.2615011930465698, -1.1662369966506958, -0.2615011930465698, -0.5710408687591553, -0.481646329164505, -0.2615011930465698, -1.1662369966506958, -0.5710408687591553, 0.3575780391693115, -0.767055332660675, -1.296764850616455, -1.1662369966506958, 0.0, -0.6590988636016846, 0.3575780391693115, 0.3575780391693115, -1.4757766723632812, -0.2615011930465698, -0.2615011930465698, -0.5710408687591553, -1.558266043663025, 0.3575780391693115, 0.0, -0.5710408687591553, -0.45751574635505676, 0.0, -0.6190792322158813, -0.6590988636016846, -1.4757766723632812, 0.030566086381624783, 0.15173036452630584, 0.07308305632912603, 0.12783164835848912, 0.11816613453755338, 0.11780796647014119, 0.05257091418902231, 0.14085058923464808, 0.12425210492387702, 0.04076855204319494, 0.11053497798878087, 0.06447279093456769, 0.14574261534463162, 0.0590345855357351, 0.08732997801492808, 0.10602058238991449, 0.0816649375856143, 0.020619958466041536, 0.16399044022382656, 0.09098146381761762, 0.030366156754168656, 0.04115281650401558, 0.04733660258446363, 0.1368558679685114, 0.014511365419443902, 0.05748308777421265, 0.14548957098622373, 0.11274039022311524, 0.02924922114177372, 0.10350314303296401, 0.055507652849402345, 0.06837023812510198, 0.031414625913834725, 0.05936847794409475, 0.10576222526211487, 0.16137909798324168, 0.08199297067615477, 0.08987921138250639, 0.07525278207781469, 0.1417206668890294]"
A1D18EJF6LHYDV,"[9.78165054321289, 9.484954833984375, 8.146013259887695, 5.061793804168701, 9.78165054321289, 4.2439751625061035, 10.078346252441406, 3.1077308654785156, 5.061793804168701, 10.078346252441406, 2.0498433113098145, 6.47300386428833, 9.78165054321289, 9.78165054321289, 9.78165054321289, 9.78165054321289, 9.78165054321289, 5.879612445831299, 16.869083404541016, 1.7531474828720093, 14.0580472946167, 9.260526657104492, 8.963831901550293, 3.605342149734497, 9.78165054321289, 0.29669564962387085, 0.9353288412094116, 8.963831901550293, 9.041495323181152, 4.126465320587158, 7.648401737213135, 10.078346252441406, 0.0, 0.0, 5.879612445831299, 8.146013259887695, 6.47300386428833, 6.47300386428833, 9.78165054321289, 9.78165054321289, 0.10158073550427134, 0.09215641953329624, 0.09126021346739634, 0.14304670256509655, 0.05185425727755212, 0.17520402339301777, 0.13788255581449432, 0.15403516504785295, 0.1500021281399568, 0.10288397946010666, 0.09368933139497458, 0.044251231599515245, 0.09957695937588394, 0.13354008438115988, 0.14260332251773464, 0.04063215366452531, 0.03559546758542027, 0.038710540958952204, 0.10193577488567523, 0.13162316054993112, 0.15022450694853356, 0.08401094406689172, 0.12164014916586248, 0.055886993888548626, 0.13011549589919014, 0.14832773098425683, 0.030488738342024927, 0.10516812058742638, 0.03461179838962003, 0.1016859426110853, 0.15700318191543286, 0.06948941534514205, 0.04873126493305154, 0.17225782084665203, 0.056107856504224556, 0.1431856110529863, 0.12222551338348894, 0.09612719594676943, 0.02661260982024231, 0.12953588835661647]"
A1D3G0HL756T8B,"[0.0, 0.0, 0.0, 0.0, 0.0, 0.0, 0.0, 0.0, 0.0, 0.0, 0.0, 0.0, 0.0, 0.0, 0.0, 0.0, 0.0, 0.0, 0.0, 0.0, 0.0, 0.0, 0.0, 0.0, 0.0, 0.0, 0.0, 0.0, 0.0, 0.0, 0.0, 0.0, 0.0, 0.0, 0.0, 0.0, 0.0, 0.0, 0.0, 0.0, 0.09156741743430384, 0.05725871490890581, 0.06809682643600116, 0.09599390976278019, 0.03563345651576558, 0.08769589027576614, 0.14512525790248662, 0.13946428154941298, 0.09045148591017925, 0.16654905089551594, 0.06783740130376377, 0.06285265576431702, 0.13473041837554384, 0.09217654021102414, 0.0486054764725366, 0.08115007757574846, 0.18065680845205287, 0.16851866782620759, 0.15742997755417645, 0.12286022715077889, 0.04978718734898757, 0.03220835804141526, 0.1307787515420218, 0.1599841506638164, 0.07736570225814407, 0.0519339993016107, 0.09352787023191125, 0.04921575485581643, 0.1834716683376446, 0.10369772579083363, 0.15823234034685177, 0.09732002060968764, 0.1183576899423681, 0.107237383204445, 0.16295043030628092, 0.13504845522468165, 0.10735255848201741, 0.16430754215797713, 0.04563645267716452, 0.0833599107817931]"
A1D3RMFWUWRASV,"[1.280489206314087, 1.1406052112579346, 0.5703026056289673, 1.1635850667953491, 1.257509469985962, 0.0, 1.8507919311523438, 0.5703026056289673, 1.1406052112579346, 1.8278120756149292, 0.0, 1.1406052112579346, 1.1406052112579346, 1.8507919311523438, 2.515018939971924, 1.7109078168869019, 1.257509469985962, 1.921736240386963, 1.1406052112579346, 1.257509469985962, 1.257509469985962, 1.257509469985962, 1.1406052112579346, 0.0, 1.8507919311523438, 0.0, 0.0, 1.257509469985962, 0.0, 1.7109078168869019, 0.8041110038757324, 1.8278120756149292, 0.0, 0.0, 1.7109078168869019, 0.02297990582883358, 1.7109078168869019, 1.1406052112579346, 1.8278120756149292, 1.7109078168869019, 0.09898117309871074, 0.0499658744465322, 0.08817355796555365, 0.10837218700298157, 0.16199526275464027, 0.1277535689594886, 0.13080695020810676, 0.14292090765018547, 0.0246364365504046, 0.15418873468612282, 0.1324718987603812, 0.08739517454824444, 0.15817487789800594, 0.16630201885481202, 0.058413529243689706, 0.09718181391587488, 0.09822064737213611, 0.099466444912437, 0.032667502101825174, 0.1052536117395072, 0.1660897842100772, 0.1602842264507045, 0.12517382979519504, 0.06325226654691433, 0.04802326638926757, 0.06846321232659619, 0.04068996213409677, 0.12366472966807893, 0.04969469404169697, 0.10409762001174032, 0.10042322994043905, 0.027442814040412024, 0.16718781572003974, 0.059103957940893424, 0.08984108980425168, 0.12255968999791372, 0.025799534931065796, 0.1207966277957226, 0.023339495767545154, 0.12099714687770162]"
A1D82V07WELVCE,"[1.2070316076278687, 0.0, 0.0, 0.0, 0.0, 0.0, -1.0315579175949097, 1.2070316076278687, 0.0, 1.6792020797729492, 0.0, 0.0, 1.5037282705307007, 0.0, 1.2070316076278687, 0.0, 1.5037282705307007, 0.0, 0.0, 2.7107598781585693, -0.6395263075828552, 0.17547373473644257, 1.5037282705307007, 0.0, 1.5037282705307007, 0.0, 0.0, 0.0, 1.5037282705307007, 0.0, 0.0, -1.0315579175949097, 0.0, 0.0, 0.0, -0.39203161001205444, 0.0, 0.0, 2.7107598781585693, 1.5037282705307007, 0.1198260510120158, 0.14641659180768465, 0.16763101548889536, 0.058781644674792945, 0.10126165113340908, 0.161083054701626, 0.16913990477407717, 0.03205340806205944, 0.04114538168159615, 0.1374562114858515, 0.14482552418170555, 0.09445723128215736, 0.08895689098544102, 0.10233296788462422, 0.13897524169152048, 0.0491928135607527, 0.1705409854239517, 0.06543014468230919, 0.11279779858638393, 0.1292906602496713, 0.09525108853774861, 0.06697563821150322, 0.06386660642256842, 0.14784807356174806, 0.10462090455568444, 0.042969239355598585, 0.15133978469197448, 0.16777527928185287, 0.06293650264932066, 0.0767641087748576, 0.07066868772821662, 0.16622348682708982, 0.16252419275292726, 0.11685071588614959, 0.14876455515400577, 0.07777052852755585, 0.14372879266979305, 0.1506161471442194, 0.15170996015392468, 0.15331703451153472]"
A1DAE86MWE6OMW,"[0.0, 0.0, 0.0, 0.0, 0.0, 0.0, 0.0, 0.0, 0.0, 0.0, 0.0, 0.0, 0.0, 0.0, 0.0, 0.0, 0.0, 0.0, 0.0, 0.0, 0.0, 0.0, 0.0, 0.0, 0.0, 0.0, 0.0, 0.0, 0.0, 0.0, 0.0, 0.0, 0.0, 0.0, 0.0, 0.0, 0.0, 0.0, 0.0, 0.0, 0.14744095244807212, 0.16882198924271968, 0.09511272059484231, 0.06214298175805704, 0.07886683596934634, 0.06987432240066417, 0.10109746776240848, 0.10501200000090236, 0.13046614046623792, 0.14137988776853072, 0.1282813024194706, 0.053126739015168824, 0.06251472828976239, 0.10712092493132351, 0.0591296331465236, 0.11163706540570874, 0.052124190783039745, 0.14565530663338602, 0.1459108227208527, 0.08837989592424869, 0.051306123400348375, 0.09954116118392665, 0.14314708749684393, 0.1687364932876871, 0.0662330233149991, 0.053140974512615104, 0.07308403195453511, 0.10592150780202417, 0.1464462786725402, 0.11099739356768389, 0.13137208380825616, 0.16546443068892466, 0.13113868099238893, 0.0678774807484695, 0.034613884736402985, 0.12884416055997047, 0.04657377705040378, 0.1746940207986634, 0.10839120312581091, 0.17515852097838192]"
A1DFI14L1LBOPJ,"[-0.8119581341743469, -0.9176778793334961, 0.0, 0.0, -0.8119581341743469, 0.0, -0.8119581341743469, -0.8119581341743469, 0.0, -0.8119581341743469, -0.8119581341743469, -0.9176778793334961, -0.10571970045566559, -0.8119581341743469, -0.8119581341743469, -0.8119581341743469, -0.8119581341743469, -0.9176778793334961, -0.8119581341743469, 0.0, -0.8119581341743469, 0.0, -0.9176778793334961, 0.0, -0.8119581341743469, 0.0, 0.0, 0.0, -1.0233975648880005, 0.0, 0.0, -0.9176778793334961, -1.8353557586669922, 0.0, 0.0, 0.0, 0.0, -0.9176778793334961, -0.8119581341743469, -0.8119581341743469, 0.06655222050439145, 0.022254361969763523, 0.12250647628205642, 0.08598194578902897, 0.009785891776797537, 0.0058336261304414655, 0.030054840813041706, 0.09498786262084173, 0.04953911024584861, 0.11106888835200043, 0.09185915813081003, 0.013561883313815953, 0.12811078757573163, 0.06348193171074436, 0.10383415230907077, -0.0023819529098080792, 0.06337435950628802, 0.1087046507229977, 0.09748657085159114, 0.07380209085449994, 0.06565761817507304, 0.09660742939133721, 0.10549328291338009, 0.008789973942453034, 0.07937450897217191, 0.039246284107546804, 0.05747247141118385, 0.05316496271917982, 0.044014011420326085, 0.04340534375266565, 0.05633399626028347, 0.09067408874735769, 0.026491012933598377, 0.09362813684650118, 0.10868797334660278, 0.011047907265010743, 0.05704967539800349, 0.09809852431273827, 0.04474904612150786, 0.14428328727499795]"
A1DFZPQPCHBYTY,"[0.8016353845596313, 0.4008176922798157, 0.4008176922798157, 0.4008176922798157, 0.8016353845596313, 0.0, 0.8016353845596313, 0.4008176922798157, 0.4008176922798157, 0.8016353845596313, 0.8016353845596313, 0.4008176922798157, 0.8016353845596313, 0.8016353845596313, 0.8016353845596313, 0.8016353845596313, 0.8016353845596313, 0.4008176922798157, 0.8016353845596313, 0.0, 0.8016353845596313, 0.8016353845596313, 0.8016353845596313, 0.0, 0.8016353845596313, 0.4008176922798157, 0.0, 0.4008176922798157, 0.4008176922798157, 0.0, 0.4008176922798157, 0.8016353845596313, 0.0, 0.4008176922798157, 0.0, 0.8016353845596313, 0.8016353845596313, 0.4008176922798157, 0.8016353845596313, 0.8016353845596313, 0.11453027716988913, 0.15233612139252528, 0.0533559460656511, 0.15780649336191982, 0.037053466976742507, 0.1491450550862877, 0.1126186408192205, 0.13514129686867316, 0.11070824678749022, 0.15416290216928955, 0.09754383368562765, 0.13377920797865003, 0.06281173416771624, 0.16362621492154447, 0.1033618130284365, 0.13464582604188413, 0.07635786003572394, 0.0994596322113002, 0.05361457601091302, 0.06452171655569602, 0.06658927718022088, 0.0811824323858113, 0.1393109527521367, 0.16256853527272042, 0.15913513279137032, 0.11800848402444669, 0.14340261249410402, 0.15531111022355776, 0.12010546288192693, 0.11218403042215747, 0.15204983481294565, 0.07225606414099642, 0.040037571815779015, 0.14979042098129255, 0.03824161217627829, 0.12400977859273267, 0.1727951840698303, 0.07955380293240397, 0.071252492297259, 0.09279432839883317]"
A1E9D6RGEDFT2O,"[15.796306610107422, 15.796306610107422, 15.796306610107422, 15.796306610107422, 15.796306610107422, 15.796306610107422, 15.796306610107422, 6.4457621574401855, 5.027608871459961, 15.796306610107422, 1.05471932888031, 15.796306610107422, 15.796306610107422, 15.796306610107422, 15.796306610107422, 15.796306610107422, 15.796306610107422, 15.796306610107422, 15.796306610107422, 0.0, 15.796306610107422, 5.027608871459961, 15.796306610107422, 0.0, 15.796306610107422, 0.0, 0.0, 15.796306610107422, 15.796306610107422, 15.796306610107422, 15.796306610107422, 15.796306610107422, 1.05471932888031, 0.0, 15.796306610107422, 7.046652793884277, 12.235621452331543, 15.796306610107422, 15.796306610107422, 15.796306610107422, 0.05220748401632213, 0.15813905059243172, 0.10548704523648969, 0.10077712839848667, 0.0768013649387935, 0.1308813976738551, 0.09365781845334611, 0.07635114983186779, 0.12882763528950136, 0.03830983728690833, 0.1267091002518327, 0.14431162042762227, 0.029041099268528, 0.16299778605943666, 0.1441119433471911, 0.09965007207900517, 0.07759446662902549, 0.1011095645791242, 0.13750178528877094, 0.15213275542007834, 0.05941387925838093, 0.07524351848506315, 0.14536449627343564, 0.055553229276319664, 0.03621322405392916, 0.13251350917119153, 0.03913411541593101, 0.09995814175301461, 0.016354492653627553, 0.11598807533306087, 0.08386673974976727, 0.08369448763845846, 0.031899576630829374, 0.11737894463494142, 0.1556489082492902, 0.01485962379967265, 0.06065560546335452, 0.1504048904344056, 0.11778862136450195, 0.14312415135072323]"
A1EGCED01USBA9,"[2.029282569885254, 2.2756378650665283, 1.5109199285507202, 0.9622430205345154, 5.026359558105469, 0.1787879317998886, 6.095617294311523, 0.43875235319137573, 0.11056659370660782, 0.31999844312667847, 0.1787879317998886, 1.9110223054885864, 1.8315198421478271, 2.786830186843872, 0.3882182240486145, 1.2814974784851074, 1.4652146100997925, 0.3882182240486145, 0.9778892993927002, 0.1787879317998886, 0.9003443121910095, 0.1493978351354599, 1.9500336647033691, 0.0, 1.5981910228729248, 0.1787879317998886, 0.1787879317998886, 2.428286552429199, 1.102527141571045, -0.2253774106502533, 1.5285273790359497, 3.077812671661377, 0.3882182240486145, 0.0, 1.1402827501296997, 1.8528478145599365, 0.31999844312667847, 0.6505003571510315, 4.111927032470703, 3.409938335418701, 0.1596779324240144, 0.061560053606145394, 0.12313102245014504, 0.07099123755475766, 0.060606989897624614, 0.16297500404917806, 0.11738518969932758, 0.12314127742253948, 0.09531576615733708, 0.06984565966390399, 0.06712934252278963, 0.10827150443465976, 0.14615934284146376, 0.06773698341060563, 0.04261373848883858, 0.1262384608249438, 0.03774947144654862, 0.1051901488732803, 0.0907409266645421, 0.17794513920033883, 0.11986577613510482, 0.14026730199562495, 0.15170604700237816, 0.1078489431411137, 0.09452268479349689, 0.10512164129848597, 0.1620342086395965, 0.1411349471523842, 0.02880616050024243, 0.0972886015383013, 0.1603694375500892, 0.12902717130570912, 0.028611564545366244, 0.0636406981438932, 0.17645516158437938, 0.049080475921376855, 0.06747970054150265, 0.17689772344838994, 0.10662768255056745, 0.1126922141814453]"
A1EPD7UQU3MXBT,"[2.6719634532928467, 2.314199447631836, 1.5590600967407227, 2.570800542831421, 2.6719634532928467, 1.8552722930908203, 2.6719634532928467, 0.10116293281316757, 1.0117406845092773, 2.314199447631836, 0.7551394701004028, 2.017987012863159, 1.5590600967407227, 2.6719634532928467, 2.6719634532928467, 2.6719634532928467, 1.6602227687835693, 2.314199447631836, 2.6719634532928467, 1.0117406845092773, 2.017987012863159, 1.6657172441482544, 2.6719634532928467, 0.0, 2.017987012863159, 0.0, 0.653976559638977, 2.570800542831421, 1.6602227687835693, 1.5590600967407227, 1.8552722930908203, 2.6719634532928467, 0.10116293281316757, 0.0, 2.0234813690185547, 1.6657172441482544, 1.0117406845092773, 2.017987012863159, 2.6719634532928467, 2.314199447631836, 0.05753251500872331, 0.10461330934500615, 0.13343240596724942, 0.05461038272119649, 0.09502950015175617, 0.15101346191008255, 0.026392767679057176, 0.028174356895640098, 0.037352294876630464, 0.07108113841847076, 0.10492073636188862, 0.061502277318672485, 0.04730073201095392, 0.054002786132566476, 0.02710834553137999, 0.045139895034497675, 0.1385394541118734, 0.03888123344834283, 0.09317802440454127, 0.17257167630299566, 0.11377555200187517, 0.11776604382012386, 0.09330526498656075, 0.12838603309516097, 0.12402145229683796, 0.09925106613858642, 0.1343545099334805, 0.03165899501001459, 0.08136618521989067, 0.0846218057332028, 0.09683575552759413, 0.03761358431024008, 0.14087436318226845, 0.03608380624827796, 0.14033810162254798, 0.1361445450071008, 0.13628972026928182, 0.0489670449322228, 0.10393595761333371, 0.11900833552726266]"
A1ETRNNK4BOVDE,"[0.5473220348358154, 0.5473220348358154, 0.0, 0.5473220348358154, 0.5473220348358154, 0.0, 0.5473220348358154, 0.0, 0.5473220348358154, 0.5473220348358154, 0.0, 0.5473220348358154, 0.5473220348358154, 0.5473220348358154, 0.5473220348358154, 0.5473220348358154, 0.5473220348358154, 0.5473220348358154, 0.5473220348358154, 0.5473220348358154, 0.5473220348358154, 0.5473220348358154, 0.5473220348358154, 0.0, 0.5473220348358154, 0.0, 0.0, 0.5473220348358154, 0.0, 0.5473220348358154, 0.0, 0.5473220348358154, 0.0, 0.0, 0.5473220348358154, 0.0, 0.5473220348358154, 0.5473220348358154, 0.5473220348358154, 0.5473220348358154, 0.04151874574200336, 0.08203705932498061, 0.05437708510565962, 0.034749237418856896, 0.10359824694333127, 0.15516125809068868, 0.14876176175123035, 0.0504373997513966, 0.15692652825689585, 0.09988943956521781, 0.051114946789374026, 0.05853388859459906, 0.050039441774679436, 0.05174644345231796, 0.05314048657544709, 0.11779639506912727, 0.03726615084051791, 0.10766064619290264, 0.08323458936385476, 0.13323538111180472, 0.03616904174269498, 0.08352943773691207, 0.1533715313891159, 0.03774176732073254, 0.07544619134417951, 0.07134280268079495, 0.06194356196906821, 0.08151114705977457, 0.03884149793809147, 0.03809055084027932, 0.1462140994053388, 0.08010832280222374, 0.16233096663491542, 0.1396069773435182, 0.16637946698423872, 0.0978129519008984, 0.08559577222076505, 0.03514473716569824, 0.04123834766123141, 0.14975331469037215]"
A1EVV74UQYVKRY,"[20.341094970703125, 20.321075439453125, 14.785968780517578, 7.783558368682861, 21.942338943481445, 1.9862793684005737, 21.283214569091797, 6.6791181564331055, 4.01639986038208, 6.664602756500244, 1.3977409601211548, 7.403232097625732, 19.523160934448242, 20.353864669799805, 20.413284301757812, 19.470930099487305, 19.643457412719727, 19.88167953491211, 20.444303512573242, 1.1613795757293701, 21.05049705505371, 5.802896022796631, 20.5451602935791, 0.0, 21.03009033203125, 0.6858555674552917, 2.952634334564209, 21.088598251342773, 15.994698524475098, 10.600339889526367, 12.07526969909668, 7.9674153327941895, 2.585545301437378, 0.0, 16.112754821777344, 7.536101818084717, 14.637677192687988, 2.6818654537200928, 20.571151733398438, 19.692079544067383, 0.15377367518466742, 0.14943873024253582, 0.09955087416212273, 0.07846127754667459, 0.0787160514741908, 0.09405723588419639, 0.1281836766823536, 0.022473708340416242, 0.016493052751991075, 0.030663860958901515, 0.11288433084738796, 0.1370264534518082, 0.050297936693115164, 0.06382605377565558, 0.1607066839345312, 0.0477790935704641, 0.07176898005451562, 0.15664557072854007, 0.11944236926128658, 0.03407734363944493, 0.019772522473308532, 0.14453727013906748, 0.12038000397473198, 0.018665463045525486, 0.0779815334655524, 0.12067775290364781, 0.12311623268154782, 0.13274926664783038, 0.09399932642213957, 0.05344795040267765, 0.10948212480863817, 0.025847917809850258, 0.14854324031278537, 0.13057541009377008, 0.07136008385580467, 0.1417098577207934, 0.13167475740136125, 0.054690696462208165, 0.14477284307902724, 0.06342342149533851]"
A1F1B2NU2TQAJV,"[6.617138862609863, 6.617138862609863, 3.3085694313049316, 3.3085694313049316, 6.617138862609863, 3.3085694313049316, 6.617138862609863, 0.0, 0.0, 6.617138862609863, 0.0, 3.3085694313049316, 3.3085694313049316, 6.617138862609863, 6.617138862609863, 6.617138862609863, 3.3085694313049316, 3.3085694313049316, 6.617138862609863, 0.0, 3.3085694313049316, 9.925708770751953, 6.617138862609863, 3.3085694313049316, 3.3085694313049316, 0.0, 0.0, 6.617138862609863, 0.0, 3.3085694313049316, 3.3085694313049316, 6.617138862609863, 0.0, 0.0, 3.3085694313049316, 6.617138862609863, 3.3085694313049316, 3.3085694313049316, 6.617138862609863, 6.617138862609863, 0.07503545795049431, 0.06189242750042762, 0.13685143981570444, 0.0636319900259579, 0.10381122666642655, 0.1331992226974939, 0.05316342829132287, 0.15965890669490376, 0.14786701797145277, 0.029204669357153032, 0.15855739367074723, 0.1316059512748106, 0.1615618601971811, 0.16959193164367992, 0.15014765208352254, 0.11747337995912742, 0.1541810842746676, 0.04578311001703113, 0.06654109937053374, 0.03100072030961098, 0.05349984559673276, 0.075295178552811, 0.07658960611743805, 0.17429522833163713, 0.06012893361049139, 0.15276943061002077, 0.03349921321782858, 0.16481574206475172, 0.10988201088068023, 0.041189965220361, 0.13495201691370656, 0.12025917248685108, 0.1486015406495103, 0.06454197743926118, 0.023153188603611374, 0.11081027182743718, 0.1577700436689219, 0.10648803061587786, 0.08276347785416488, 0.14302816484599518]"
A1F4BVHEE78OVF,"[-0.2413024604320526, -0.5849268436431885, -0.31575441360473633, -2.2174220085144043, -1.2823925018310547, 0.0, 0.34293559193611145, 0.4069942533969879, -0.02992233633995056, 0.2607583701610565, 0.0, 0.34293559193611145, -0.2768646478652954, -1.2823925018310547, 0.6347184181213379, -0.3829801678657532, -0.7660360336303711, 0.30737343430519104, -1.2461414337158203, 0.145547017455101, -0.5970200896263123, -0.02992233633995056, -0.19812600314617157, 0.0, 0.5516306161880493, 0.0, 0.16182640194892883, -0.16798190772533417, 0.34362441301345825, -0.4497697949409485, -1.43942129611969, -0.4889982342720032, 0.16182640194892883, 0.0, 0.6639519333839417, 0.21736018359661102, 0.18110917508602142, 0.4362277090549469, -0.5686474442481995, -0.09597721695899963, 0.11721814438407098, 0.07472905364701428, 0.08245577309137885, 0.06410656953014643, 0.08628537252977142, 0.10656293697989089, 0.01886530752688004, 0.024187063095555125, 0.05368889819858203, 0.14456617557075183, 0.14782009504224114, 0.08289083857383349, 0.010265560593540193, 0.025984013320362122, 0.01804895215696089, 0.022790889290096407, 0.11620458043613603, 0.06252524204493905, 0.1444273215668427, 0.12420086172628997, 0.03426715406177239, 0.05999409320212854, 0.07739069327879464, 0.06932128913741188, 0.11339400376382779, 0.014858080779944657, 0.1356636937842626, 0.10166952811139196, 0.013131849141317365, 0.07209739472295086, 0.1452857102993975, 0.06763497236123178, 0.011494333235096448, 0.012004748888707954, 0.11130616268338538, 0.15379428885130636, 0.15260951991095903, 0.044900424413465125, 0.10070429882205721, 0.12931041500166707]"
A1F7YU6O5RU432,"[11.775289535522461, 10.80909252166748, 11.355143547058105, 10.281136512756348, 10.622025489807129, 4.969955921173096, 9.694770812988281, 6.63029146194458, 6.019037246704102, 6.784225940704346, 3.7007031440734863, 4.948584079742432, 10.73766040802002, 11.072884559631348, 9.987639427185059, 10.466333389282227, 10.508682250976562, 8.547689437866211, 11.019978523254395, 2.1336874961853027, 12.919389724731445, 6.545051574707031, 10.474142074584961, 0.6994331479072571, 10.833818435668945, 0.7682679891586304, 0.9630739688873291, 11.234049797058105, 10.771415710449219, 8.85075855255127, 10.563264846801758, 7.013506889343262, 0.7682679891586304, 1.6521706581115723, 9.705665588378906, 6.793882846832275, 4.969335079193115, 5.664760112762451, 10.744585037231445, 10.457151412963867, 0.03295764829004228, 0.12893271404052248, 0.10752437109376566, 0.0766703863653249, 0.14129996229459932, 0.036226689502250733, 0.1449901852691507, 0.06277362660399004, 0.03605148549653131, 0.0859823225753715, 0.013077350435700227, 0.036306744380209845, 0.1474453208103006, 0.14184110821342205, 0.11554525855987864, 0.047798030340967926, 0.15125674350074841, 0.0843486779723523, 0.1486783739034316, 0.10460961399091273, 0.14245412802816013, 0.0614049291564204, 0.00896522815389617, 0.14794999265009465, 0.14438300639310395, 0.08258065889928164, 0.12649851777171736, 0.14105465123501104, 0.04545425115502053, 0.037278273541470446, 0.0670083581098204, 0.10299552929995233, 0.14025145239503492, 0.14589252074966103, 0.14354585254710167, 0.14849914629194674, 0.04100246425092543, 0.026651465791182875, 0.044601219213687274, 0.05479545375188155]"
A1F8L7H54H5WFZ,"[-0.03831120580434799, -0.019155602902173996, 0.0, 1.7055909633636475, -0.019155602902173996, 0.0, 1.724746584892273, 0.0, 3.411181926727295, 0.0, 0.0, 0.0, 0.0, 1.7055909633636475, 1.724746584892273, 1.724746584892273, -0.019155602902173996, -0.03831120580434799, -0.03831120580434799, 0.0, -0.03831120580434799, 1.724746584892273, -0.03831120580434799, 0.0, 1.7055909633636475, 0.0, 0.0, -0.03831120580434799, 0.0, 0.0, 0.0, -0.03831120580434799, 0.0, 0.0, 0.0, 0.0, 0.0, 0.0, -0.03831120580434799, 0.0, 0.07304002024389131, 0.035204404321181146, 0.05310195461515266, 0.05028328073503074, 0.05526936666453966, 0.025557396417242872, 0.09745005835973938, 0.04290086522619629, 0.03779139537211154, 0.13176147980667108, 0.09418498135939099, 0.03792388106484596, 0.16388626248461663, 0.06159445418835507, 0.04608021704871481, 0.07150781299660061, 0.07227214017367851, 0.031833026607033944, 0.08775373722725234, 0.07169111042672946, 0.15024191368587336, 0.11940519109282893, 0.14718698568489208, 0.03313434357203268, 0.07059755673886964, 0.08587317136489442, 0.10168667984293467, 0.0823894217715702, 0.16775571128720818, 0.05070130898989753, 0.03872091195030753, 0.03606676636281729, 0.04827118452191076, 0.16905870484524074, 0.03147092280710177, 0.17146707195742358, 0.15120740738357485, 0.07849640873411434, 0.09322494548106633, 0.16840688708531798]"
A1FEQTQIVZKAY,"[11.726570129394531, 8.211341857910156, -6.7560882568359375, -5.500957012176514, 3.7602956295013428, -1.1704890727996826, 12.180768013000488, 19.181922912597656, -3.1248843669891357, 6.466076850891113, -1.1704890727996826, 6.466076850891113, -5.500957012176514, 4.632259845733643, 14.135164260864258, 16.63181495666504, 4.090004920959473, 16.63181495666504, 2.1356091499328613, -1.1704890727996826, 5.4696245193481445, 7.0408525466918945, 2.1356091499328613, 0.0, 14.135164260864258, 0.0, -1.1704890727996826, -4.121336936950684, -4.504504203796387, 0.0, -5.255890369415283, 13.10619068145752, 0.0, 0.0, -6.7560882568359375, -7.001154899597168, 7.0408525466918945, 8.420472145080566, 14.223220825195312, 14.223220825195312, 0.12440374189756978, 0.07376151119576996, 0.11082548686312621, 0.048837343224195646, 0.12149599866512222, 0.1446414678458539, 0.10548366279972307, 0.0515556289020869, 0.1061617688715872, 0.1359786352896825, 0.17489194505351532, 0.12041782942386525, 0.12845089892626527, 0.055581366879424096, 0.12656175376030823, 0.11278445523827933, 0.06861899861451287, 0.044985871160624066, 0.10892000673493754, 0.08708897397533452, 0.1020211803368337, 0.10975163223851506, 0.07715096984957896, 0.10903845314267424, 0.08588713709946126, 0.164252329215131, 0.10322388951741493, 0.173588858268072, 0.13022886751854704, 0.10803320994214369, 0.07321251800882729, 0.08820995214332929, 0.02862360593312259, 0.07951628836833466, 0.026116336136149342, 0.10452952112686546, 0.12186725637116903, 0.15310675696681755, 0.16814773003394287, 0.10442694313114434]"
A1FFGS17PQWUI8,"[5.765284538269043, 5.765284538269043, 5.765284538269043, 0.0, 8.322050094604492, 0.0, 14.087334632873535, 0.0, 0.0, 5.765284538269043, 0.0, 5.765284538269043, 11.530569076538086, 5.765284538269043, 8.322050094604492, 14.087334632873535, 5.765284538269043, 0.0, 11.530569076538086, 0.0, 11.530569076538086, 8.322050094604492, 5.765284538269043, 5.765284538269043, 11.530569076538086, 0.0, 0.0, 5.765284538269043, 0.0, 0.0, 0.0, 14.087334632873535, 0.0, 0.0, 0.0, 14.087334632873535, 5.765284538269043, 5.765284538269043, 14.087334632873535, 5.765284538269043, 0.0596307156466687, 0.033184715906116706, 0.10722500457818465, 0.10291851446063571, 0.15661574468843434, 0.16134604719963444, 0.0717219274528247, 0.06351667570435701, 0.05571263873701537, 0.11371589060391608, 0.10724903913656199, 0.15591477013763064, 0.09300018514689647, 0.12044487055412191, 0.16023093146686346, 0.11582498847832909, 0.06980757396516869, 0.13169901313326146, 0.08716491829619147, 0.03578312236325683, 0.14108499219677162, 0.09049626366779069, 0.12240112958135223, 0.13253087777677225, 0.04865777488369998, 0.026894554555896743, 0.08046456947772794, 0.13155954798085107, 0.14840040208609784, 0.13170932066042076, 0.13748371795807013, 0.12812184455633702, 0.07375173165690527, 0.16952369311258209, 0.1268280245079556, 0.048073120140104376, 0.16263499318234714, 0.1352261648811926, 0.06792784577807694, 0.051227035876614764]"
A1FFSRBOERRDLB,"[9.528009414672852, 2.6194586753845215, 4.97870397567749, 9.152266502380371, 5.25782585144043, 0.7151538133621216, 5.551352024078369, 1.4771826267242432, 4.674338340759277, 1.0172429084777832, 0.7151538133621216, 5.395481109619141, 4.091790676116943, 5.25782585144043, 4.37799072265625, 4.165592670440674, 2.800870656967163, 15.681905746459961, 9.333974838256836, 0.871024489402771, 6.936120986938477, 0.15587067604064941, 10.415071487426758, 0.0, 4.030758857727051, 0.7151538133621216, 2.2357466220855713, 7.204105854034424, 6.295165538787842, 2.3994381427764893, 7.688002586364746, 8.99580192565918, 2.2357466220855713, 0.0, 6.2215118408203125, 2.3896374702453613, 1.5107922554016113, -0.649419903755188, 8.689356803894043, 6.208592891693115, 0.1521664423667113, 0.13107290204957084, 0.09492141812690752, 0.04636443309447353, 0.17132666434569677, 0.08278744510890491, 0.148311689232812, 0.11876448290650092, 0.06309763796744491, 0.11075497222014093, 0.11197429625455037, 0.15092363412824014, 0.15966666106550856, 0.13388827253200458, 0.12264750714150364, 0.10258824059765143, 0.08713693411003012, 0.15556163490357552, 0.1545769089904128, 0.14996088869032198, 0.042924018949861246, 0.16608653937778575, 0.028991552018692256, 0.11142815501214054, 0.14893396954398336, 0.1456314508099079, 0.15829997345021152, 0.1640646618120726, 0.14102163674797638, 0.1654783205405415, 0.13052792077382605, 0.1579459203054862, 0.10015400203864103, 0.05888628508672584, 0.02544126030091737, 0.12327048974371978, 0.032687638329327286, 0.05416002206880376, 0.1408139123652022, 0.09082606316025578]"
A1FPB20OAZLA3T,"[5.52620792388916, 5.52620792388916, 0.21799325942993164, 0.0, 5.476511001586914, 0.0, 5.3082146644592285, -0.16829633712768555, 2.7942636013031006, 5.476511001586914, 0.0, 2.7942636013031006, 0.0, 5.476511001586914, 2.6822474002838135, 2.625967264175415, 5.476511001586914, 2.7942636013031006, 2.7942636013031006, 0.0, 2.900240898132324, 0.0, 3.0122568607330322, 0.0, 5.476511001586914, 0.0, 0.0, 5.694504737854004, 0.21799325942993164, 0.0, 2.7942636013031006, 5.3082146644592285, 0.0, 0.0, 2.7942636013031006, 5.476511001586914, -0.16829633712768555, 0.0, 5.476511001586914, 2.625967264175415, 0.08943840253240594, 0.173104954964793, 0.09496925390558004, 0.13421138414724815, 0.14833213354681762, 0.14676737399689904, 0.14251780665932906, 0.05565616017778392, 0.1465647027450024, 0.059921578234448165, 0.09631629888647605, 0.07218654137103366, 0.16528985415508637, 0.06338110938651773, 0.13323221997242457, 0.1354723810087764, 0.10347880067133029, 0.13295168963440057, 0.13183770240188658, 0.1714324122889961, 0.15063986185036332, 0.13804363271827247, 0.025458492299520085, 0.13700476655087318, 0.05056653060764239, 0.14496618443303239, 0.06927090642223582, 0.06752782580890448, 0.051602671568495975, 0.033882360746151245, 0.17282080866808824, 0.14974551049944274, 0.07178897287832381, 0.1252713075018251, 0.1098805981688305, 0.02953028755264666, 0.09683888886414008, 0.16889387783573678, 0.08523083804181636, 0.10313684394472712]"
A1FWFCJU2G7TRA,"[5.694960117340088, 2.6439390182495117, 0.054460979998111725, -0.8702470660209656, 2.012263774871826, 0.178789421916008, 2.336373805999756, 3.415245532989502, -0.7192832231521606, 2.539360761642456, 0.9880689382553101, 2.460635185241699, 0.3612293601036072, 2.6951651573181152, 2.1948275566101074, 2.189924478530884, 3.692178726196289, 3.046910285949707, 2.7904553413391113, 0.3612293601036072, 1.7103981971740723, 1.8023865222930908, 1.6159051656723022, 0.14651624858379364, 4.9083452224731445, 0.178789421916008, -0.09198825061321259, 0.3022538423538208, -0.15096379816532135, 0.03147614002227783, 3.354071855545044, 2.7314798831939697, 0.178789421916008, 0.0, 0.03147614002227783, -0.9937114119529724, 2.611665964126587, 2.557593584060669, 2.607151508331299, 2.7314798831939697, 0.11727622925989659, 0.09010820224107288, 0.10068726315037041, 0.11698119197323044, 0.11597252187673102, 0.05076443675074351, 0.09242423766825873, 0.13184823861303338, 0.13429596625252713, 0.15046912284581054, 0.07277852879738175, 0.0035006107079625487, 0.12234992106947915, 0.11013866841906939, 0.1483318195112982, 0.09821214897748956, 0.10462872002936312, 0.05640938934376431, 0.05419156757155922, 0.03377012081175939, 0.07448995833113335, 0.09882455181661345, 0.11295047371925411, 0.05833351890868534, 0.15336023706590005, 0.09852872580165876, 0.036597720796102046, 0.09524037199312356, 0.017690034739444856, 0.03801082801001186, 0.08364976876006741, 0.02597733671367618, 0.1388815741518328, 0.12265805581039817, 0.1450043537127694, 0.1349109771714393, 0.01648056606518341, 0.03508951660682686, 0.0688861260285752, 0.020446384928421282]"
A1GO71H0UB95WN,"[24.677509307861328, 24.677509307861328, 24.677509307861328, 24.677509307861328, 24.677509307861328, 0.0, 24.677509307861328, 24.677509307861328, 24.677509307861328, 24.677509307861328, 4.03464937210083, 24.677509307861328, 24.677509307861328, 24.677509307861328, 24.677509307861328, 24.677509307861328, 24.677509307861328, 24.677509307861328, 24.677509307861328, 0.0, 24.677509307861328, 24.677509307861328, 24.677509307861328, 24.677509307861328, 24.677509307861328, 0.0, 0.0, 24.677509307861328, 24.677509307861328, 24.677509307861328, 24.677509307861328, 24.677509307861328, 24.677509307861328, 0.0, 24.677509307861328, 24.677509307861328, 24.677509307861328, 24.677509307861328, 24.677509307861328, 24.677509307861328, 0.15953383595219828, 0.05308176633690205, 0.1357899231931351, 0.07830751053783702, 0.06247672073274898, 0.030730911669473043, 0.034071305211908404, 0.03678020888209219, 0.06193904640296067, 0.11985529087679983, 0.06842814843305554, 0.11906688726462093, 0.05775707054768778, 0.16272915827076764, 0.059903662577200485, 0.17825034367518783, 0.17904793392906687, 0.1600724136211337, 0.14543145712168354, 0.13340493256960634, 0.10257093024866237, 0.17542111839008187, 0.041474238569013465, 0.1661899952952824, 0.06240267209058194, 0.043771231829928044, 0.11384892298819721, 0.10526689067934626, 0.10859111824952575, 0.17033046603531474, 0.1548765025716245, 0.12589785211084276, 0.035421942511257805, 0.14462148875477432, 0.14763533588899813, 0.13723333312964223, 0.11915577164664841, 0.04138006894400229, 0.08131890418470707, 0.15788965931717863]"
A1GTSEGAXWRSO8,"[24.749141693115234, 24.749141693115234, 24.749141693115234, 24.749141693115234, 24.749141693115234, 2.5367252826690674, 24.749141693115234, 24.749141693115234, 1.3617968559265137, 24.749141693115234, 10.65146255493164, 24.749141693115234, 24.749141693115234, 24.749141693115234, 24.749141693115234, 24.749141693115234, 24.749141693115234, 24.749141693115234, 24.749141693115234, 2.5367252826690674, 24.749141693115234, 24.749141693115234, 24.749141693115234, 8.402494430541992, 24.749141693115234, 0.8939391374588013, 2.5367252826690674, 24.749141693115234, 24.749141693115234, 8.514633178710938, 24.749141693115234, 24.749141693115234, 4.15098762512207, 0.0, 24.749141693115234, 24.749141693115234, 24.749141693115234, 24.749141693115234, 24.749141693115234, 24.749141693115234, 0.1317901146165513, 0.04172147348733137, 0.02859297821563043, 0.05197316383714508, 0.09224421939247471, 0.12155157146330248, 0.01923430396532984, 0.10134509699357445, 0.1636395792645161, 0.0364482468982129, 0.08019438967986363, 0.09940867836235119, 0.10623080159537333, 0.06467280703889498, 0.1190570533283265, 0.14565615483603384, 0.13349106866300453, 0.1022755519769963, 0.03521904700419652, 0.04347225225223491, 0.1614173856088598, 0.16804705813498563, 0.09116862826158263, 0.1157299155705975, 0.06663640000814776, 0.037037130382411805, 0.05180538737239533, 0.06190037070504075, 0.15179461393409366, 0.09125160236163958, 0.06965519902856537, 0.17107347217180002, 0.1046889445232509, 0.11058440479334487, 0.09122369046613664, 0.1602361304701605, 0.13636063143886137, 0.06404006106345038, 0.0798817250232724, 0.12323503007974557]"
A1GVT488CKU6ZB,"[1.090842604637146, 0.022978786379098892, 1.1138215065002441, 0.022978786379098892, 0.022978786379098892, 0.0, 1.1138215065002441, 2.2736003398895264, 0.0, 2.2046639919281006, 0.0, 0.0, 0.0, 1.1368001699447632, 2.2276430130004883, 1.1138215065002441, 0.0, 0.045957572758197784, 0.022978786379098892, 1.090842604637146, 0.0, 1.090842604637146, 0.022978786379098892, 0.0, 1.1138215065002441, 0.0, 0.0, 0.0, 0.0, 1.1368001699447632, 0.022978786379098892, 1.1138215065002441, 0.0, 0.0, 1.1138215065002441, 0.022978786379098892, 1.1138215065002441, 0.0, 2.2276430130004883, 1.1138215065002441, 0.17248949673174863, 0.13936120335846433, 0.05634225353928632, 0.09406059290183846, 0.02807858391006348, 0.12937879757319004, 0.15962177578634992, 0.1375179606907796, 0.023359163004472012, 0.16422269309289503, 0.1084125560052682, 0.16827565094281463, 0.09013890450300695, 0.11069033218968598, 0.13098010161756682, 0.1698567563998635, 0.03415000441235382, 0.0997005818914459, 0.07450740071985945, 0.1381444146899724, 0.02962051505759894, 0.14014420486491772, 0.04243166946963391, 0.07507953319876, 0.0903453766902262, 0.08806232833470751, 0.069298996341968, 0.08011573596334062, 0.14491984274736283, 0.04388605612467862, 0.038563500196068815, 0.16670249550991353, 0.07985410022260092, 0.06726067381925455, 0.05135044843359561, 0.027929279434784626, 0.06489786178113816, 0.1412176411291776, 0.06011227611171818, 0.10799673272959152]"
A1GVTXX0S7ANZ8,"[15.561064720153809, 6.835535526275635, 4.96298885345459, 5.635087013244629, 12.470621109008789, 0.0, 17.433610916137695, 0.0, 0.0, 9.92597770690918, 0.0, 6.835535526275635, 10.598075866699219, 10.598075866699219, 4.96298885345459, 4.96298885345459, 10.598075866699219, 0.0, 4.96298885345459, 0.0, 4.96298885345459, 9.92597770690918, 10.598075866699219, 4.96298885345459, 9.92597770690918, 0.0, 0.0, 4.96298885345459, 4.96298885345459, 0.0, 5.635087013244629, 4.96298885345459, 0.0, 0.0, 5.635087013244629, 9.92597770690918, 4.96298885345459, 4.96298885345459, 9.92597770690918, 4.96298885345459, 0.08351888918923943, 0.12788028337255142, 0.11204203443915213, 0.14761179204968616, 0.07680874122819889, 0.11915746064936013, 0.1449467603936294, 0.04702775756237637, 0.16224625110314855, 0.1450128010465249, 0.15621449838380555, 0.06009371452889975, 0.14966212859318537, 0.16150630140827887, 0.14753003163452388, 0.11054240170841058, 0.1709965334036727, 0.17372334075915558, 0.1416333988381955, 0.032543723666481256, 0.07886011007156765, 0.08651084416433064, 0.054731516145696116, 0.09176264887712186, 0.10537929671787435, 0.10379760412490308, 0.18070245951463834, 0.10368749894913001, 0.08176741868638368, 0.06598356121655607, 0.07773806922682344, 0.08962089956342488, 0.10162598983869531, 0.1737234882671548, 0.16731581941962914, 0.08323780706846175, 0.041896592170821964, 0.17159380511616887, 0.0689399333346249, 0.07088848818236779]"
A1HK1OQ6LRT0AX,"[7.168404579162598, 3.8597614765167236, 6.892845153808594, 3.8597614765167236, 3.8597614765167236, 0.0, 9.449750900268555, 2.102705717086792, 0.7297596335411072, 9.449750900268555, 3.584202289581299, 7.622604846954346, 7.168404579162598, 7.168404579162598, 4.313961505889893, 6.14110803604126, 7.168404579162598, 4.313961505889893, 7.168404579162598, 0.7297596335411072, 7.168404579162598, 4.313961505889893, 3.8597614765167236, 3.308642864227295, 7.622604846954346, 0.0, 0.27555936574935913, 3.8597614765167236, 0.27555936574935913, 1.0053188800811768, 3.130002021789551, 8.995550155639648, 0.0, 0.0, 1.0053188800811768, 3.584202289581299, 4.313961505889893, 4.313961505889893, 7.168404579162598, 7.168404579162598, 0.08843625977629671, 0.15223716109355342, 0.10622685536684726, 0.04861727387117059, 0.16539497625775088, 0.06102537574083329, 0.09174208280437683, 0.09220508345220121, 0.08420689152684606, 0.0430585174188157, 0.05857972280843836, 0.14885159333979886, 0.12223378194668516, 0.15715371784396323, 0.08826723654635872, 0.07009069911071705, 0.035143890537157246, 0.12752281220122916, 0.142229891727734, 0.12630356659084335, 0.041569097220047466, 0.17533954735630683, 0.03521217760943881, 0.11481620567526853, 0.0557956809831257, 0.07423201338437307, 0.09078255864710656, 0.16167786968483408, 0.14298662396168277, 0.09958206844658272, 0.0542810232973509, 0.16558752470537216, 0.03225463217769023, 0.10598367965405404, 0.09878336380516735, 0.08251247212812857, 0.15304767648087053, 0.07789249515681153, 0.10444990582181511, 0.13962702435341187]"
A1HPJKECRYBG6V,"[1.3669044971466064, 3.5861260890960693, 1.3669044971466064, 0.0, 2.4376587867736816, 0.0, 2.4376587867736816, 0.0, 0.0, 1.3669044971466064, -0.9708660840988159, 2.615260124206543, 1.3669044971466064, 1.3669044971466064, 1.3669044971466064, 2.615260124206543, 1.3669044971466064, 0.0, 1.3669044971466064, 0.0, 1.3669044971466064, 1.3669044971466064, 1.3669044971466064, 2.337770700454712, 1.3669044971466064, -0.9708660840988159, 0.0, 1.3669044971466064, 0.0, 0.0, -0.9708660840988159, 1.1893035173416138, 0.0, 0.0, 1.2483553886413574, 1.3669044971466064, 1.3669044971466064, 1.3669044971466064, 1.1893035173416138, 1.3669044971466064, 0.1399131864298346, 0.1550263805565456, 0.045043735210599845, 0.08708810971727307, 0.03755395761821156, 0.030787086751755774, 0.05193359020879646, 0.032289488228641576, 0.06122406328316697, 0.09118464384183678, 0.04097143390247456, 0.07519792709096726, 0.17172422148631294, 0.03812857993603425, 0.14796106061410821, 0.0997308075264809, 0.055901213158975484, 0.12189908360991772, 0.052942751186020875, 0.16764629525733143, 0.07850059411568266, 0.17143449345068804, 0.05334579211305981, 0.16162100568000548, 0.14542419707851822, 0.13657350153907413, 0.06793029663101256, 0.08214894729847169, 0.08619149759950112, 0.07139672985513802, 0.08919545168443488, 0.13655623520704527, 0.12312355956914264, 0.033257503216147795, 0.12612717833212467, 0.0350023467777303, 0.06655293194420284, 0.14161044429493844, 0.15672856114839068, 0.09853685700660066]"
A1I03N0S6W4AVL,"[10.549286842346191, 7.1772918701171875, 7.899048805236816, 5.326524257659912, 9.8491849899292, 0.0, 12.34108829498291, 1.371740698814392, 0.0, 6.98573112487793, 0.0, 9.989206314086914, 9.322330474853516, 9.989206314086914, 9.8491849899292, 9.49594783782959, 7.037271499633789, 5.7133588790893555, 9.989206314086914, 0.0, 9.8491849899292, 4.2758469581604, 9.989206314086914, 4.135826110839844, 9.989206314086914, 0.0, 0.0, 7.037271499633789, 4.150057315826416, 1.3381433486938477, 3.461526393890381, 9.830870628356934, 0.0, 0.0, 3.7632226943969727, 6.000823974609375, 6.560905456542969, 5.473969459533691, 10.549286842346191, 9.989206314086914, 0.1725194591298415, 0.08134420579384306, 0.15522561376854468, 0.08845247129123936, 0.11900975645289139, 0.11460386570531798, 0.13291929242939934, 0.17397350003007506, 0.031897129096683935, 0.06746287142356461, 0.04862685525442056, 0.14310821789809308, 0.15542694565197623, 0.03371136792063856, 0.14014965031869395, 0.13974270132137365, 0.128909242205167, 0.12062894511401127, 0.09316862112132364, 0.1436049549604906, 0.08079402373840582, 0.15888083657596788, 0.17342717922572246, 0.10734439364038835, 0.16867010467298862, 0.12024289824872884, 0.07828713561574371, 0.14861875766768587, 0.06682229128997635, 0.13720631364165584, 0.05643824987007715, 0.13042682454395796, 0.053491890405570376, 0.17193740649689976, 0.03891489360352802, 0.13749383192433196, 0.13642461344721274, 0.11347178307749062, 0.1329793630618173, 0.06042533449867391]"
A1IGBEWKIVXYFL,"[6.2656354904174805, 6.006136894226074, 0.6024142503738403, 6.5251336097717285, 6.006136894226074, 0.6024142503738403, 5.3927717208862305, 2.6153621673583984, 5.568851470947266, 5.115899085998535, 2.6153621673583984, 3.05428147315979, 6.171265602111816, 5.65226936340332, 6.2656354904174805, 5.65226936340332, 5.65226936340332, 5.3927717208862305, 9.410944938659668, 3.5072336196899414, 8.538081169128418, 5.568851470947266, 6.006136894226074, 0.0, 5.65226936340332, 0.5363703370094299, 0.5363703370094299, 3.313779354095459, 5.567217826843262, 3.5732779502868652, 0.3429161608219147, 5.65226936340332, 0.01737412065267563, 2.5979881286621094, 3.5072336196899414, 3.1343584060668945, 5.568851470947266, 2.517911195755005, 6.553459167480469, 5.3927717208862305, 0.1658707194363504, 0.08743897464332409, 0.15534097034218272, 0.05037396492029003, 0.10660242781249965, 0.1568597852924849, 0.047459383452840447, 0.09107459488162968, 0.17023186373021687, 0.1066026880089629, 0.08727562398284351, 0.0241213221058019, 0.12015383076254095, 0.09012532194328146, 0.13769023877601116, 0.14360409553618786, 0.06840474828723392, 0.08044737816323176, 0.043531212492570415, 0.07228901666304648, 0.16368989643402515, 0.03384323712044328, 0.15104149482157014, 0.12823975870086093, 0.08106728111185385, 0.044592472240920195, 0.08883877605864413, 0.16786441753849524, 0.12865502789094793, 0.04479646915350768, 0.14115996701403147, 0.08883756754506324, 0.050263834976616385, 0.1325099033165264, 0.1032373717638563, 0.11472738110293253, 0.06217428712999487, 0.04004415430964261, 0.06765760637580744, 0.08935517869423373]"
A1IMRCSU4F0409,"[4.101932525634766, 3.7054951190948486, 4.101932525634766, 1.190104365348816, 4.895599365234375, 0.0, 7.9885945320129395, 0.39683347940444946, 2.2997233867645264, 4.49876594543457, 0.0, 3.7054951190948486, 4.101932525634766, 6.401656150817871, 7.1953229904174805, 6.401656150817871, 3.7054951190948486, 0.0, 4.101932525634766, 0.0, 4.101932525634766, 5.60838508605957, 4.101932525634766, 3.308661460876465, 6.40205192565918, 0.0, 0.0, 4.101932525634766, 1.190104365348816, 0.7932709455490112, 0.7932709455490112, 5.292037010192871, 0.7932709455490112, 0.0, 0.7932709455490112, 4.101932525634766, 3.308661460876465, 3.7054951190948486, 4.895599365234375, 3.308661460876465, 0.10492225192481147, 0.07218855930649185, 0.12474402561757666, 0.17029912716245071, 0.07061723157190249, 0.15108455405211443, 0.03804525109601284, 0.14577320445656833, 0.08336212662526772, 0.05156958892046301, 0.17131664877214392, 0.1268995044822556, 0.07225483097384376, 0.10834731322422807, 0.12614657921762332, 0.06009292105399714, 0.1511653057795128, 0.08528960414128972, 0.11494192808779216, 0.10202641942652536, 0.055323978475296354, 0.055547759091641204, 0.09316625928283817, 0.1031455403488284, 0.17396415867616297, 0.10763177492757164, 0.11710999825646225, 0.04084836615612579, 0.1434774485833963, 0.039770138820819326, 0.09910844354480061, 0.08550202328133105, 0.07003109720586367, 0.15665244577168666, 0.13690164375577385, 0.13831185298293958, 0.13260000651463424, 0.12966736124051706, 0.06606169719307757, 0.03684614798298496]"
A1IP4AIXPHF55Y,"[24.494531631469727, 18.847835540771484, 14.712026596069336, 13.20113754272461, 23.76640510559082, 9.065329551696777, 24.494531631469727, 0.0, 0.0, 14.712026596069336, 0.0, 14.712026596069336, 18.847835540771484, 18.847835540771484, 20.358722686767578, 18.847835540771484, 20.358722686767578, 18.847835540771484, 23.76640510559082, 0.0, 18.847835540771484, 5.6466965675354, 24.494531631469727, 5.6466965675354, 18.119709014892578, 0.0, 0.0, 14.712026596069336, 9.065329551696777, 13.20113754272461, 13.20113754272461, 24.494531631469727, 0.0, 0.0, 4.13580846786499, 5.6466965675354, 5.6466965675354, 14.712026596069336, 23.76640510559082, 24.494531631469727, 0.041645591594598574, 0.032717578353948465, 0.1451986064325267, 0.1572559892663649, 0.1723042463583205, 0.12063753710683421, 0.03521170903191253, 0.05505885392122779, 0.17831589392980693, 0.07024637700239753, 0.040339478917424364, 0.09194531674321206, 0.1073618775529785, 0.07580074647599291, 0.16438032458683766, 0.04955218817279211, 0.1656451545358011, 0.1305447385241456, 0.12997061844270108, 0.10326671615395513, 0.14235926903194213, 0.11380894306309758, 0.10984135020136819, 0.05377664566142438, 0.03338218798818304, 0.11804483888667644, 0.17705663894869422, 0.16199358229418734, 0.039820082134709826, 0.07815808081457855, 0.058869123227670704, 0.117380329883779, 0.1177179415699528, 0.11327320177322521, 0.1682778658183325, 0.1693738197352697, 0.14783895180590526, 0.09266817378693833, 0.17598432417966642, 0.08700611675386524]"
A1IT5WIUU0FKAV,"[5.623454570770264, 6.339642524719238, 5.623454570770264, 0.9920830726623535, 7.331230163574219, 0.0, 8.322818756103516, 0.22014665603637695, 0.0, 6.119495391845703, 0.0, 6.339642524719238, 5.623454570770264, 5.843600749969482, 6.119495391845703, 5.843600749969482, 5.623454570770264, 0.49604153633117676, 6.615042686462402, 0.0, 5.623454570770264, 5.347559452056885, 5.623454570770264, 5.127411842346191, 6.119495391845703, 0.0, 0.0, 5.843600749969482, 0.49604153633117676, 0.0, 0.49604153633117676, 7.82677698135376, 0.49604153633117676, 0.0, 0.49604153633117676, 5.843600749969482, 5.623454570770264, 6.119495391845703, 7.331230163574219, 6.835188865661621, 0.06749088088466734, 0.05428964977773562, 0.14028157189739016, 0.06434473052499272, 0.10549902116159172, 0.04407675524075001, 0.12582698597339673, 0.13100935821109932, 0.09244664196073696, 0.16426279490585205, 0.04892657271631203, 0.0895341172572347, 0.0430179064854422, 0.17460398168939598, 0.11450954722713315, 0.05618923804595768, 0.07534865953936681, 0.0884164159744386, 0.08227120058205452, 0.1363474582173605, 0.10569069256425137, 0.10849031432877573, 0.16381872735349456, 0.16985186372977162, 0.15052009218286092, 0.10685740359243089, 0.08706368676712327, 0.10515334103915462, 0.12121989660161274, 0.14090836094209686, 0.11002075753458723, 0.06886527292394695, 0.08583556271015642, 0.11107139677569676, 0.04928834441466742, 0.13738522486084917, 0.10034505238645998, 0.1410391544560575, 0.12057876773243774, 0.15808989302571477]"
A1IT72Y6VZX1JV,"[14.200185775756836, 13.823673248291016, 14.849555969238281, 14.363492965698242, 14.849555969238281, 0.8861843347549438, 14.849555969238281, 14.192575454711914, 13.748311996459961, 12.959541320800781, 1.6749554872512817, -0.12354829907417297, 14.612445831298828, 14.849555969238281, 14.192575454711914, 14.849555969238281, 14.192575454711914, 1.8458740711212158, 14.849555969238281, 1.6749554872512817, 14.849555969238281, 12.738580703735352, 13.823673248291016, 0.0, 13.823673248291016, 1.4539942741394043, 1.6749554872512817, 14.192575454711914, 14.849555969238281, 14.391485214233398, 14.612445831298828, 14.849555969238281, 1.4539942741394043, 0.0, 14.849555969238281, 14.849555969238281, -0.5678098797798157, 0.22096139192581177, 13.823673248291016, 14.849555969238281, 0.06764620413814605, 0.1441555112535285, 0.060231501204144694, 0.12230430989031411, 0.12738857753336372, 0.026953234443235927, 0.11894802225290114, 0.1479718968939713, 0.11778349533409162, 0.09215409575407095, 0.08215971876741839, 0.11553551414722206, 0.10826423936543668, 0.03191036200482189, 0.03884336736563345, 0.10515146734400717, 0.06007518905307088, 0.04313846222011177, 0.1088544976934318, 0.026106384470410138, 0.11214930085173319, 0.11013884364818198, 0.06804145175842792, 0.17040906463082112, 0.15785996283249065, 0.034022540503235436, 0.0963703106719806, 0.08613166627143057, 0.09526104340196201, 0.11044087010106407, 0.08534064568579891, 0.0660163269007353, 0.09438630104261182, 0.06833337316667522, 0.05403378864827041, 0.1189417472024058, 0.037766972969998716, 0.15661651302242705, 0.07461282709964537, 0.027079645632080526]"
A1IW22SHMMASQ6,"[8.603248596191406, 2.8572311401367188, 10.224352836608887, 8.462176322937012, 2.8572311401367188, 0.0, 8.735336303710938, 3.5286974906921387, 1.0522127151489258, 2.0018510818481445, 0.72329181432724, -0.53937828540802, 10.224352836608887, 8.012044906616211, 10.224352836608887, 8.735336303710938, 9.415786743164062, 4.346247673034668, 7.8799567222595215, 0.0, 3.5337090492248535, 10.267194747924805, 7.8799567222595215, 0.9496384263038635, 8.603248596191406, 0.0, 0.0, 2.9464776515960693, 9.274714469909668, 3.396608829498291, 7.742856502532959, 2.8572311401367188, 0.0, 0.0, 7.742856502532959, 8.012044906616211, 6.015205383300781, 0.9496384263038635, 8.735336303710938, 8.012044906616211, 0.11191733930451399, 0.07719806147968078, 0.14681483156543282, 0.16558887156683424, 0.02403413416982891, 0.11656003604858943, 0.06931051942312591, 0.10982292678953236, 0.031466935083590435, 0.05979599356022561, 0.15754258905939778, 0.03349458462806266, 0.04157657968660192, 0.1021486465724206, 0.0956273765574402, 0.10563472864876404, 0.16488787487332215, 0.05531159758235265, 0.10683686688773522, 0.11799058213522598, 0.13706798910050966, 0.0766935129056003, 0.08894271077104685, 0.15564753295487505, 0.039549955609357396, 0.13703929814425705, 0.08903200087317498, 0.11906674252064381, 0.10283097669013654, 0.143432923855901, 0.048207114584679, 0.08172022205824137, 0.0923301350975135, 0.11838025845064994, 0.051577781072219206, 0.03256962230647617, 0.052299048159353885, 0.15360074656354572, 0.05212137250173763, 0.1359007451035248]"
A1IYXUF0KPKOS1,"[0.0, 0.0, 0.0, 0.0, 0.0, 0.0, 0.0, 0.0, 0.0, 0.0, 0.0, 0.0, 0.0, 0.0, 0.0, 0.0, 1.4770437479019165, 0.0, 0.0, 0.0, 1.4770437479019165, 0.0, 1.4770437479019165, 0.0, 0.0, 0.0, 0.0, 0.0, 0.0, 0.0, 1.4770437479019165, 0.0, 0.0, 0.0, 0.0, 0.0, 0.0, 0.0, 1.4770437479019165, 0.0, 0.04472183350284746, 0.07803304385208983, 0.14050054670571488, 0.030873678369358927, 0.12679844383747868, 0.11575513123804, 0.05571282458877532, 0.16038861903066265, 0.1356365635078553, 0.1426794734448788, 0.04293384124887887, 0.14788464143526425, 0.16695921616481707, 0.06367815061945081, 0.06259688373325387, 0.11691224108053334, 0.15660484796489638, 0.16809263753001977, 0.04356083226996256, 0.07322184951807818, 0.08972254610109304, 0.14592310537266553, 0.1616512595709673, 0.03806138455850137, 0.060227625918275435, 0.02812828765601087, 0.059735872046708036, 0.0700460712835373, 0.16870078344089556, 0.10239340907461038, 0.16275148147004484, 0.03103083170857711, 0.06164431231958893, 0.12980851577028268, 0.11188407412492801, 0.029055652571513532, 0.04894005255841258, 0.17756559721355714, 0.14507981872696582, 0.04400283759693845]"
A1J7I5095JBHH,"[1.1789613962173462, 0.15344440937042236, 0.32146814465522766, 0.607832133769989, 1.0701669454574585, 0.0, 1.0781139135360718, 0.07672220468521118, 0.07672220468521118, 0.15344440937042236, 0.07672220468521118, 1.0013917684555054, 0.5069848299026489, 1.1789613962173462, 1.0781139135360718, 1.0781139135360718, 0.15344440937042236, 1.0781139135360718, 1.0701669454574585, 0.0, 1.1789613962173462, 0.07672220468521118, 0.9693194627761841, 0.0, 1.1789613962173462, 0.0, 0.0, -0.03207220137119293, 1.2220125198364258, 0.0, 0.06877520680427551, 0.6157791614532471, 0.07672220468521118, 0.07672220468521118, 0.5311099290847778, 0.607832133769989, 0.6157791614532471, 0.07672220468521118, 1.0701669454574585, 1.1789613962173462, 0.03521676288767651, 0.09094701480763223, 0.0668120567405269, 0.10170597719924723, 0.06989207188747985, 0.0010675708121636392, 0.07895185588358956, 0.08014901415663411, 0.08006788880532917, 0.13096538295001553, 0.06874498768305669, 0.03652278610434658, 0.11740342273442263, 0.0776133506041644, 0.04871077355084395, -0.007410321559896725, 0.049140678267145174, -0.011835587102671867, 0.005344942734527572, -0.0011822961995834646, 0.053090081763250446, -0.005359238920066911, 0.03764278575925344, 0.05562229338181963, 0.0747499677992097, 0.10694567783620089, 0.11996320199379056, 0.014198188827188924, 0.013181317255947221, 0.0014312284906530704, 0.04384048671098289, 0.08696462652031912, -0.0009328372498488938, 0.09824082741958666, 0.05150777656406126, 0.09619500578303848, 0.0935972468949642, 0.020767082439544858, -0.0034020373077144374, 0.035979456840507296]"
A1JCF83VYDAIC7,"[12.367383003234863, 12.250911712646484, 9.793591499328613, 7.125654220581055, 13.044179916381836, 2.8663783073425293, 15.34389591217041, 9.163668632507324, 8.71347713470459, 12.07479476928711, 0.0, 5.837149620056152, 9.501004219055176, 11.976836204528809, 11.80072021484375, 14.906573295593262, 9.501004219055176, 0.7118921875953674, 12.367383003234863, 0.0, 9.793591499328613, 11.620890617370605, 11.948077201843262, 2.7312960624694824, 14.311151504516602, 0.0, 0.0, 9.969708442687988, 6.769708156585693, 6.769708156585693, 6.7063493728637695, 13.044179916381836, 0.0, 0.0, 6.413761615753174, 9.677120208740234, 5.305086612701416, 3.0872421264648438, 13.336767196655273, 9.677120208740234, 0.11311450651398701, 0.08334270418866495, 0.03146615215075051, 0.1455675733910325, 0.16642505564968463, 0.05887975035021044, 0.09782257029264398, 0.09975109701620367, 0.05856069485778393, 0.16477421901222342, 0.10971946077288562, 0.028033624013472466, 0.07348462743494262, 0.13508537509054955, 0.11361441126976386, 0.047235974891687516, 0.02887260899208008, 0.16054687531251816, 0.1598439567318793, 0.1543936886452081, 0.11570776590069434, 0.058660773463196, 0.1178941453786399, 0.09350039837471937, 0.1034022017085182, 0.16381259401255177, 0.09217832842567547, 0.0998532358963706, 0.14275011194110324, 0.08579611801350295, 0.06229181551202397, 0.04445473174387878, 0.15684342438294466, 0.11004130389972143, 0.05762120377378481, 0.08555557102445824, 0.17184644319214523, 0.11116195078520996, 0.020706717589925844, 0.1664322651320692]"
A1JDBXPK20HBUW,"[14.432403564453125, 14.849641799926758, 14.849641799926758, 14.849641799926758, 14.849641799926758, 0.0, 13.798175811767578, 2.834425449371338, 12.01120662689209, 2.427842140197754, 2.427842140197754, 2.427842140197754, 14.849641799926758, 13.295811653137207, 14.849641799926758, 14.432403564453125, 2.427842140197754, 2.427842140197754, 14.849641799926758, 0.0, 14.849641799926758, 12.01120662689209, 14.849641799926758, 5.835278034210205, 12.004562377929688, 0.0, 0.0, 14.849641799926758, 10.852712631225586, 10.86797046661377, 6.81769323348999, 13.295811653137207, 0.0, 0.0, 14.849641799926758, 14.849641799926758, 2.427842140197754, 12.01120662689209, 14.849641799926758, 14.838985443115234, 0.16139318193263957, 0.04824403734277639, 0.1431676422554261, 0.13863014313875105, 0.07126040181528828, 0.12697787639858685, 0.0814451879886417, 0.09758776539115205, 0.024635506070045707, 0.14273944973959302, 0.12634543530817385, 0.1400729827969568, 0.11004487892276943, 0.1012239998195265, 0.11511682189519215, 0.1023771694769432, 0.130803031773771, 0.1400993225606558, 0.08452794962297804, 0.138252566477854, 0.05955841578384041, 0.10796591475808975, 0.13711900719692047, 0.13399361121861406, 0.04001332466480906, 0.07702621746194165, 0.11385271877156895, 0.05237714381094913, 0.08036621790956777, 0.02758527394594342, 0.11353389044963288, 0.1074602304224508, 0.1554002731199041, 0.03340842149090505, 0.16572359026265016, 0.05438804188993219, 0.08352658199959206, 0.053352044003198935, 0.020778886336975118, 0.11020715372508269]"
A1JDG0KTCUW9BT,"[5.808659553527832, 5.808659553527832, -0.16829663515090942, -0.16829663515090942, 9.26309585571289, 0.0, 9.26309585571289, 5.976955413818359, 0.0, 9.26309585571289, 0.0, 9.26309585571289, 5.808659553527832, 5.808659553527832, 5.808659553527832, 5.808659553527832, 3.454436779022217, 5.808659553527832, 5.920675277709961, 0.0, 5.808659553527832, 0.0, 0.0, 0.0, 0.0, 0.0, 0.0, 5.976955413818359, 5.976955413818359, 3.6227333545684814, 5.808659553527832, 9.26309585571289, 0.0, 0.0, 0.0, 0.0, 5.808659553527832, 0.0, 5.808659553527832, -0.16829663515090942, 0.04386126483149397, 0.07340036387667989, 0.12402493899843571, 0.048190618587466635, 0.12317889422452263, 0.08507620550888632, 0.1289142812006964, 0.07145720493875324, 0.07680439520511877, 0.12545948617780764, 0.03203813544134601, 0.058643212099102074, 0.08865538913324274, 0.05057935982438272, 0.1719695267149923, 0.15381469890225485, 0.06195527841782829, 0.09550758035547784, 0.0398486439896695, 0.033528140498134046, 0.05294472641882787, 0.07723428629383178, 0.06209588079684742, 0.15820596080309487, 0.061392714441988926, 0.04050963374171753, 0.04338833324499843, 0.16386423596168168, 0.08900000409317918, 0.06809493994164108, 0.1581894140368495, 0.10629949172874055, 0.051614357729122214, 0.05577353747378373, 0.1107857937849337, 0.11380732518548081, 0.1716213130879032, 0.14942414099606968, 0.12963231819206356, 0.10006999244462624]"
A1JJBKKS6FCOQJ,"[3.7956199645996094, 4.352483749389648, 2.4814960956573486, -0.5568636655807495, 4.352483749389648, 0.0, 3.7956199645996094, 1.870987892150879, 0.0, 4.352483749389648, 1.870987892150879, 4.352483749389648, 2.4814960956573486, 3.7956199645996094, 1.9246323108673096, 4.352483749389648, 4.352483749389648, 0.0, 4.352483749389648, 0.0, 2.4814960956573486, 2.4814960956573486, 2.4814960956573486, 2.4814960956573486, 1.9246323108673096, 0.0, 0.0, 2.4814960956573486, 0.0, 0.0, -0.5568636655807495, 4.352483749389648, 0.0, 0.0, 0.0, 1.9246323108673096, 4.352483749389648, 2.4814960956573486, 4.352483749389648, 4.352483749389648, 0.16429654047949202, 0.15903741613567454, 0.08452023900221815, 0.054850682008421824, 0.13928177465619224, 0.14510246287272546, 0.11362176349217958, 0.12003263427716446, 0.12467600120354295, 0.06129331456836548, 0.07675230475960249, 0.07740665746709843, 0.04777329384613561, 0.05516866024326611, 0.02568386565996834, 0.13640479898656857, 0.1074139796618362, 0.1574193928928706, 0.14335282949755962, 0.06565477244882395, 0.02498921626591874, 0.1234832214381851, 0.06094871075833793, 0.08856844172437633, 0.07357961952804833, 0.08465669042829146, 0.15793471940698126, 0.04156586595522585, 0.06349403995209908, 0.1151448060475308, 0.06618287274784493, 0.11251215499721828, 0.15654441162383054, 0.10150707686111962, 0.05074465122830882, 0.029910340786517334, 0.06612770496166961, 0.07350980376427194, 0.13636751991350143, 0.03160575154056173]"
A1JL5CJJDECOH4,"[1.4595264196395874, 1.4595264196395874, 0.7297632098197937, 1.4595264196395874, 1.4595264196395874, 0.0, 1.4595264196395874, 0.7297632098197937, 0.7297632098197937, 1.4595264196395874, 0.7297632098197937, 1.4595264196395874, 1.4595264196395874, 1.4595264196395874, 1.4595264196395874, 1.4595264196395874, 1.4595264196395874, 1.4595264196395874, 1.4595264196395874, 0.7297632098197937, 1.4595264196395874, 1.4595264196395874, 1.4595264196395874, 0.0, 1.4595264196395874, 0.0, 0.7297632098197937, 1.4595264196395874, 0.7297632098197937, 1.4595264196395874, 0.7297632098197937, 1.4595264196395874, 0.0, 0.0, 1.4595264196395874, 0.7297632098197937, 1.4595264196395874, 1.4595264196395874, 1.4595264196395874, 1.4595264196395874, 0.037928564825540356, 0.11244904419452804, 0.17111113588487853, 0.13129917618119583, 0.12732865906234447, 0.04652644814942337, 0.14089174766749096, 0.0761824168562022, 0.16858538183874655, 0.1737637077856397, 0.0825421037964334, 0.13789553483204403, 0.15365372485394332, 0.1587564636046992, 0.03150009086497768, 0.09664764103173776, 0.16005352397553574, 0.054505851848140136, 0.05048947706587168, 0.15122038660333617, 0.08279688785811481, 0.035903649829705564, 0.14874489325974882, 0.09147877379192965, 0.13976432741854428, 0.16055475548013612, 0.1417986745808536, 0.06209280114167085, 0.0518814038298661, 0.05891057189825727, 0.07005398591662121, 0.08862902087836821, 0.042834306670463944, 0.09397323952439729, 0.08076331946476621, 0.13002697687601225, 0.15825648303908343, 0.08416902387352311, 0.029567045392968075, 0.09677520528034163]"
A1JQIYKCPYFKG2,"[4.307496547698975, 4.307496547698975, 0.0, 2.1537482738494873, 4.307496547698975, 0.0, 4.307496547698975, 2.1537482738494873, 2.1537482738494873, 4.307496547698975, 2.1537482738494873, 4.307496547698975, 0.0, 4.307496547698975, 0.0, 4.307496547698975, 2.1537482738494873, 0.0, 4.307496547698975, 0.0, 2.1537482738494873, 2.1537482738494873, 2.1537482738494873, 0.0, 2.1537482738494873, 0.0, 0.0, 0.0, 0.0, 0.0, 0.0, 4.307496547698975, 0.0, 0.0, 0.0, 2.1537482738494873, 4.307496547698975, 0.0, 4.307496547698975, 4.307496547698975, 0.11410023508739571, 0.09210568073650302, 0.13245410276085934, 0.14127143522773844, 0.08600682634545365, 0.07346105184285717, 0.10311964372433632, 0.09566602482323255, 0.0454508825656913, 0.16543434692509665, 0.1205598864437101, 0.1127344743304868, 0.12470804471030171, 0.17706551901817777, 0.06746842543892011, 0.04247770189715698, 0.04940468184029264, 0.12310291190622591, 0.16082231830629207, 0.16283596540419537, 0.06176743527770949, 0.15035131657058723, 0.03379607793773083, 0.12593075689500932, 0.06742081896640749, 0.11590801362594112, 0.09532398130808031, 0.03540524022663845, 0.16525816868333754, 0.04791512398411889, 0.14983660996659173, 0.06188739463695614, 0.12729765273408292, 0.11364515886313382, 0.11408793852641073, 0.06336426911054599, 0.046822032411165754, 0.09934578070761918, 0.06782316537060562, 0.08092066719737244]"
A1JR5CZCFXPQMC,"[6.075468063354492, 4.0408453941345215, 2.9956164360046387, 3.8405606746673584, 6.373091697692871, 1.0176454782485962, 6.373091697692871, 1.4582340717315674, 1.2673420906066895, 4.0408453941345215, 2.8982772827148438, 6.018816947937012, 4.262959003448486, 4.8763227462768555, 6.373091697692871, 3.7432215213775635, 6.347773551940918, 6.075468063354492, 6.075468063354492, 1.2673420906066895, 6.281729698181152, 2.1122121810913086, 6.760853290557861, 0.0, 6.373091697692871, 0.0, 1.5648915767669678, 3.608980894088745, 4.329002857208252, 1.6898140907287598, 3.2679219245910645, 6.075468063354492, 0.6133641600608826, 0.0, 5.164480209350586, 1.5648915767669678, 3.9653353691101074, 4.0408453941345215, 7.778498649597168, 6.075468063354492, 0.16187105123986742, 0.06640532322582687, 0.1561770845959073, 0.14823247526441088, 0.16541836713232302, 0.15983606688876784, 0.053498797313786095, 0.13635233079414238, 0.16114228061593797, 0.11613353274254758, 0.058793059634529264, 0.0861630763616383, 0.06587934476320265, 0.10938914839038232, 0.07634138369678277, 0.1487662308005555, 0.05246454646534414, 0.06485153086599543, 0.044848105288275, 0.08477755080476222, 0.060201031639929195, 0.1343938511842725, 0.1504520453785985, 0.1620165836775236, 0.13592362127255347, 0.12218850048970463, 0.12872589050407054, 0.04547717136885575, 0.06052935426263196, 0.11573830219712529, 0.16389412959328978, 0.15351564349138327, 0.13010147562991717, 0.033356917195291415, 0.11034271623348128, 0.07359325595705, 0.03426225009045283, 0.06591173151601872, 0.13431343538222038, 0.01815758706870804]"
A1K85CL9XZYRV7,"[0.0, 0.0, 0.0, 0.6478424072265625, 0.6478424072265625, 0.0, 1.295684814453125, 0.0, 0.6478424072265625, 0.6478424072265625, 0.0, 0.0, 0.6478424072265625, 1.295684814453125, 0.0, 0.6478424072265625, 0.6478424072265625, 0.0, 0.6478424072265625, 0.0, 0.0, 0.0, 0.0, 0.0, 0.0, 0.0, 0.0, 0.0, 0.6478424072265625, 0.6478424072265625, 0.0, 0.0, 0.0, 0.0, 0.0, 0.6478424072265625, 0.0, 0.0, 0.6478424072265625, 1.295684814453125, 0.1281482543065796, 0.058202636755477766, 0.0646148843235629, 0.08080648968140369, 0.17124037001810885, 0.03436352386367702, 0.14540920493866039, 0.05668940167333327, 0.13669666326935198, 0.14940815927527723, 0.06583047948398535, 0.1100050619813475, 0.04140608781631697, 0.16627529591767487, 0.031557498126326446, 0.03208858077327637, 0.08240122207619105, 0.07843703740345506, 0.11597723297481978, 0.17600032582457664, 0.04159283982475837, 0.08650492594780207, 0.032489579304207795, 0.10340571826308213, 0.09294565980807017, 0.08467103153658069, 0.08495441610270059, 0.05362742656080383, 0.16225594012905936, 0.04943960902616462, 0.06074903878321832, 0.17499537993285472, 0.041136172941154105, 0.15992810313867867, 0.11172363979222495, 0.06470190068481398, 0.14163282912341596, 0.05976687684842912, 0.09394708995909959, 0.15971989259951389]"
A1KEYDA4M5GDSH,"[13.726531028747559, 9.529422760009766, 5.332314968109131, 4.764711380004883, 9.529422760009766, 3.619752883911133, 9.529422760009766, 8.971570014953613, 4.774462699890137, 13.726531028747559, 4.774462699890137, 9.529422760009766, -0.0097512761130929, 5.332314968109131, 8.961819648742676, 8.961819648742676, 0.5578522086143494, 8.961819648742676, 9.529422760009766, 0.0, 5.332314968109131, 4.774462699890137, 9.529422760009766, 0.0, 13.726531028747559, 0.0, 0.0, 4.764711380004883, 4.764711380004883, 4.197107791900635, 4.764711380004883, 9.529422760009766, 0.5676034688949585, 0.0, 5.909669399261475, 5.342066287994385, 5.332314968109131, 8.961819648742676, 13.726531028747559, 4.764711380004883, 0.08862162055343213, 0.09010014987513297, 0.03510018844354376, 0.09590138231435537, 0.13822832742002086, 0.11854603479730288, 0.05246378146758494, 0.15848851563880972, 0.07230022528804689, 0.04089415139079701, 0.07732680557446653, 0.10779830041990132, 0.13419354179114173, 0.04587299575427178, 0.15099878281531506, 0.1019684816492704, 0.13529782320503517, 0.0853474159963929, 0.12924563179453957, 0.13925517162170084, 0.030770327805572577, 0.14514813724535042, 0.08724919897776559, 0.10027869764650744, 0.16493696658360124, 0.17372705796713087, 0.06078957049350182, 0.02923146313915217, 0.10000710352957198, 0.15311113333624723, 0.06156980294899412, 0.051846584741506836, 0.03425507300954356, 0.12030508557044256, 0.0817431466544767, 0.0635002128217086, 0.1331138665354691, 0.13184234705591014, 0.14894526935103655, 0.06420360116682626]"
A1KJ2M8NY458CE,"[14.849676132202148, 14.849676132202148, 11.509055137634277, 11.509055137634277, 14.849676132202148, 0.0, 14.849676132202148, 0.0, 11.509055137634277, 11.57509994506836, 0.0660439282655716, 11.57509994506836, 14.849676132202148, 14.849676132202148, 14.849676132202148, 14.849676132202148, 14.849676132202148, 14.849676132202148, 14.849676132202148, 11.509055137634277, 14.849676132202148, 11.509055137634277, 14.849676132202148, 0.0, 14.849676132202148, 0.0, 0.0, 14.849676132202148, 11.57509994506836, 11.509055137634277, 0.0, 11.57509994506836, 0.0, 0.0, 14.849676132202148, 0.0, 14.849676132202148, 11.57509994506836, 14.849676132202148, 14.849676132202148, 0.07078623411016982, 0.05854291112977686, 0.05600344220076052, 0.07995070808707402, 0.08913274308334188, 0.16005228378086778, 0.11667332947462945, 0.07869048347536149, 0.14493441394684015, 0.06959419604139856, 0.1101781611859038, 0.09596091682287745, 0.16151249773739848, 0.044315187815602126, 0.07845091846574184, 0.06660708556578915, 0.14756058516136253, 0.036332960166009266, 0.1728854750471279, 0.06563028985205711, 0.039293976360856485, 0.05891127699080664, 0.11000188550027941, 0.05635338980173476, 0.031232776214339144, 0.12839611820346852, 0.10445051620515494, 0.04920685216070531, 0.10291936245514297, 0.12093246136419446, 0.09257850077752071, 0.1476498315772327, 0.12634500772542337, 0.0319243789305944, 0.05720981259997115, 0.09715262096293974, 0.06614392755035876, 0.03085199204247081, 0.12200951393360525, 0.16814969496755197]"
A1L0QECT7J93ZP,"[13.70633316040039, 11.272171974182129, 13.658665657043457, 0.3457714915275574, 12.71600341796875, 0.9795190095901489, 11.736485481262207, 0.09088009595870972, 0.42110002040863037, 0.7747418880462646, -0.12622235715389252, 0.9009641408920288, 13.872241020202637, 14.17064380645752, 11.953287124633789, 14.17064380645752, 14.113577842712402, 11.862707138061523, 13.70633316040039, 0.42110002040863037, 13.407929420471191, 0.42110002040863037, 14.332210540771484, 0.0, 14.5490140914917, 0.0, 0.0, 11.524617195129395, 11.441607475280762, 0.6379030346870422, 2.3234899044036865, 0.7747418880462646, 0.0, 0.0, 12.76215648651123, -0.5905349850654602, 11.473722457885742, 0.8100841045379639, 11.272171974182129, 11.181292533874512, 0.0957424483354189, 0.18479870194596915, 0.1628221425383391, 0.1242942027509634, 0.04496708269854257, 0.06226126346530634, 0.0703458298261329, 0.1339915839176808, 0.09956830488679723, 0.15530404830146818, 0.09805291178895854, 0.1011134207137689, 0.1733762222827035, 0.10401880598070083, 0.17231822562187032, 0.06820892248293142, 0.04130106677763334, 0.11041524441253804, 0.1005062532551166, 0.1018275290472873, 0.09413952927671647, 0.09965479623706074, 0.1530774866600668, 0.1268448317725474, 0.12790641768627922, 0.06186467546351563, 0.16885971022659035, 0.11514146747929864, 0.13343700978571216, 0.10460939221197542, 0.10430386680295202, 0.10236559109810131, 0.041352751014094, 0.17884816093929304, 0.07054713762065914, 0.05687083613623559, 0.1648924642054179, 0.048735218633439874, 0.04978731349667707, 0.16739804440737752]"
A1L4ZAG36ZO15M,"[19.7995548248291, 19.7995548248291, 1.009777307510376, 2.019554615020752, 19.7995548248291, 1.009777307510376, 19.7995548248291, 19.00598907470703, 0.4889500141143799, 19.7995548248291, 9.502994537353516, 19.7995548248291, 2.019554615020752, 19.7995548248291, 19.7995548248291, 19.7995548248291, 19.7995548248291, 19.7995548248291, 19.7995548248291, 0.0, 19.7995548248291, 9.502994537353516, 19.7995548248291, 0.0, 19.7995548248291, 0.0, 0.0, 2.997454881668091, 10.512771606445312, 1.009777307510376, 1.4987274408340454, 19.7995548248291, 9.502994537353516, 0.0, 0.4889500141143799, 0.9779000282287598, 10.512771606445312, 19.7995548248291, 19.7995548248291, 19.7995548248291, 0.15066339656540115, 0.03321017661534136, 0.07138258425377875, 0.16974897836468544, 0.0559546799015084, 0.16516525285089542, 0.051087673885617566, 0.14254128450221554, 0.13086194129378764, 0.13292571855425445, 0.17150731402786487, 0.1461705202109125, 0.05483365157137343, 0.06926383095144852, 0.07442781387950419, 0.030465715217173936, 0.1080635509874346, 0.06781347465755198, 0.08910923379339607, 0.06021882614752436, 0.162144349823499, 0.1586107714801733, 0.08433322438909181, 0.11397941147487828, 0.028276186197423316, 0.0447851517828454, 0.13833759418809835, 0.16992181502124884, 0.12290580651668469, 0.047012134376761466, 0.12444628790617361, 0.15851747911993644, 0.050713487151026984, 0.0997252143417716, 0.024744526603741754, 0.053477834634821114, 0.10051765867947562, 0.08489262413578275, 0.15858687908400748, 0.10881400393902924]"
A1L887BYCTVXH6,"[4.046411991119385, 4.046411991119385, 0.0, 0.0, 4.046411991119385, 0.0, 4.046411991119385, 4.046411991119385, 0.0, 4.046411991119385, 4.046411991119385, 4.046411991119385, 0.0, 4.046411991119385, 0.0, 4.046411991119385, 4.046411991119385, 0.0, 4.046411991119385, 0.0, 0.0, 0.0, 0.0, 0.0, 0.0, 0.0, 0.0, 0.0, 0.0, 0.0, 0.0, 4.046411991119385, 0.0, 0.0, 0.0, 0.0, 4.046411991119385, 0.0, 4.046411991119385, 4.046411991119385, 0.14317999392529773, 0.17528130790936364, 0.1132223551584868, 0.06392961517992937, 0.13570934758324998, 0.16772623075260334, 0.09833734321871707, 0.14816443878696264, 0.07897173043384008, 0.15798784680783406, 0.1265092183473247, 0.07684857094049441, 0.042246129584936634, 0.09202653834437417, 0.09939073647945593, 0.07658854124523698, 0.16494001594284874, 0.15400182681180663, 0.16275636310670527, 0.15249555208390417, 0.15900109251200256, 0.06568659567403719, 0.10788572348327682, 0.1344262080269043, 0.13723318859270744, 0.04431454768166961, 0.12354814231343614, 0.052511325325987825, 0.13173806513063238, 0.049133254241991484, 0.05159061528799092, 0.05328637622232978, 0.07838979291450722, 0.08969279239378244, 0.17567102639103696, 0.1759450671042477, 0.03590282550923306, 0.05910320102523723, 0.10382839585073429, 0.1508109748435659]"
A1LA3IVNDE22NW,"[14.849687576293945, 14.849687576293945, 14.849687576293945, 2.6057863235473633, 14.849687576293945, 0.5363707542419434, 14.849687576293945, 2.9642205238342285, 0.0, 11.025001525878906, 14.849687576293945, 13.630788803100586, 14.849687576293945, 14.849687576293945, 14.849687576293945, 14.849687576293945, 14.849687576293945, 13.826210021972656, 14.849687576293945, 0.5363707542419434, 14.849687576293945, 8.412904739379883, 14.849687576293945, 3.0318238735198975, 14.849687576293945, 5.917452335357666, 0.5363707542419434, 14.849687576293945, 14.105310440063477, 0.12429188936948776, 5.917452335357666, 13.762876510620117, 0.5363707542419434, 0.0, 14.849687576293945, 11.070850372314453, 14.849687576293945, 8.824092864990234, 14.849687576293945, 14.849687576293945, 0.10123189621278086, 0.13015949927692824, 0.03265004738847033, 0.12417596857251767, 0.11798308940021217, 0.1638434269145189, 0.09733960260030607, 0.02368067485768631, 0.16619210916597832, 0.03803220652131662, 0.15646567662530553, 0.08550651733327967, 0.13470710167166028, 0.03909813422654776, 0.06042449559535841, 0.09483312900273873, 0.04539435265947633, 0.028691573920984623, 0.02871986581363968, 0.07816940153189751, 0.07729045507025802, 0.10642393162212559, 0.14936370754486386, 0.02919521806787729, 0.04668455087882239, 0.12397839977384804, 0.08736164926708755, 0.1516363904659345, 0.1458697961017641, 0.05205097828005956, 0.14498279949149118, 0.11644412543788635, 0.07022749560159124, 0.11941109937593314, 0.11501621954597971, 0.11877603152441883, 0.09122037533789015, 0.12615812338976173, 0.13884837009618023, 0.07836656872457337]"
A1LCFO492L6K6G,"[9.860695838928223, 9.860695838928223, 4.473152160644531, 4.473152160644531, 5.272755146026611, -0.9450300931930542, 9.860695838928223, 10.80572509765625, 0.0, 9.860695838928223, 1.3027576208114624, 9.860695838928223, 4.473152160644531, 9.860695838928223, 9.860695838928223, 9.860695838928223, 9.860695838928223, 9.860695838928223, 9.860695838928223, 0.0, 9.860695838928223, 14.921151161193848, 9.860695838928223, 0.0, 9.860695838928223, 0.0, 5.418182849884033, 4.503791809082031, 0.3577274680137634, 4.473152160644531, 4.473152160644531, 9.860695838928223, -4.115425109863281, 0.0, 5.418182849884033, 0.8302425146102905, 14.921151161193848, 9.860695838928223, 9.860695838928223, 9.860695838928223, 0.16236892230408095, 0.030020703700657774, 0.06727365890124981, 0.03181541115625171, 0.048561883573102316, 0.07307284997218344, 0.14048501316933007, 0.03383282237051904, 0.09527246604904424, 0.0663197867629752, 0.05590193754151293, 0.036464548877034965, 0.11763488355297701, 0.08500119036292557, 0.06986395903201097, 0.1539761448669341, 0.16364166569271335, 0.13698517587033282, 0.04433128679048431, 0.12617567044933972, 0.04827184779161255, 0.16289224988815518, 0.0450625263011608, 0.055480678334082524, 0.12237536413606642, 0.16108151260265918, 0.10474473344420318, 0.08667234858812266, 0.06614458911415674, 0.16829536002523077, 0.13677559250567117, 0.05953096129815672, 0.13276553090872245, 0.1762878743019593, 0.1165642809143942, 0.17566682582428533, 0.16458955473868025, 0.11202113345994091, 0.11292016783636036, 0.15749584036455197]"
A1LHAXBM5GBJS2,"[7.828012943267822, 6.971619606018066, 7.8790483474731445, 7.8790483474731445, 6.993557929992676, 1.1521179676055908, 7.7050580978393555, 6.62534761428833, 7.145806312561035, 5.571695327758789, 4.323829174041748, 3.9893569946289062, 7.8790483474731445, 7.1083784103393555, 7.7050580978393555, 7.5717082023620605, 7.7050580978393555, 5.927127361297607, 7.8790483474731445, 0.5685259699821472, 7.827914237976074, 6.0630998611450195, 7.8790483474731445, 0.0, 7.8790483474731445, 0.6754938364028931, 0.7252463698387146, 7.768842697143555, 7.577828884124756, 4.689103126525879, 6.557862758636475, 7.8790483474731445, 0.8382951617240906, 0.0, 7.8790483474731445, 6.62534761428833, 3.5634548664093018, 2.3102312088012695, 7.8790483474731445, 7.8790483474731445, 0.05817353723369925, 0.148332791130033, 0.012590195016765032, 0.06017501629626612, 0.08931344664931662, 0.11177612828871958, 0.08047191692838652, 0.05036115359341858, 0.05577138425552359, 0.14731882331775603, 0.11550014458964773, 0.01634589967435086, 0.008006399662682462, 0.07935161544291901, 0.011443738541612571, 0.09917933648476798, 0.13448863962326224, 0.08247546252501844, 0.05566460327752035, 0.013618693601474784, 0.12763239638697546, 0.10736931428726638, 0.09755986714308504, 0.098952785871113, 0.15031654712593667, 0.0074529506625782985, 0.10844221798105123, 0.09004836211898096, 0.06755115245115123, 0.1376996580808121, 0.1402474160292382, 0.01546461633933342, 0.039179790291506374, 0.12986486633043767, 0.12992210891166597, 0.06962635013883663, 0.017421502705839014, 0.07243115394867349, 0.012577883559869982, 0.04390669952881767]"
A1LJIF7G9T0PTW,"[1.3973032236099243, 0.9112244248390198, 3.821559190750122, 0.9112244248390198, 1.3973032236099243, 0.1001361832022667, 1.3973032236099243, 0.0, 0.7297616600990295, 3.473879098892212, 0.0, 5.0373992919921875, 0.8110882639884949, 1.3973032236099243, 1.3973032236099243, 11.911108016967773, 0.71095210313797, 1.2971670627593994, 1.2971670627593994, 4.570130348205566, 1.2971670627593994, 0.8298978209495544, 1.2971670627593994, 0.0, 7.800326824188232, 0.0, 0.0, 4.6514573097229, 0.4672692120075226, 0.8110882639884949, 0.18146280944347382, 3.600348949432373, 0.0, 0.0, 0.9112244248390198, 0.5674053430557251, 4.570130348205566, 0.71095210313797, 5.237671852111816, 1.3973032236099243, 0.11632511064310412, 0.08804357908725921, 0.03370767901628903, 0.15540720538619593, 0.04264200368883389, 0.12740016624751002, 0.04458847543472604, 0.059316369855730404, 0.1200676361057641, 0.16403365695814515, 0.07691768224989332, 0.16711804429866725, 0.10109343294861865, 0.11854239071601326, 0.04002252881815898, 0.17484551098208753, 0.06418152169564556, 0.14534553934727443, 0.12752428562364376, 0.07298749944585449, 0.07935862538365679, 0.09513790817642327, 0.07071865435774839, 0.07366391051078124, 0.11361346470848664, 0.03718886632667491, 0.16977891056179348, 0.15276074572262555, 0.1484780867259454, 0.029101885417985786, 0.13718335984013316, 0.08983224241321014, 0.08770039074226904, 0.16503036865442675, 0.15846173592141988, 0.07336456573321425, 0.1654357020731285, 0.1276924726614671, 0.08842291618587873, 0.03319554605933577]"
A1LNES65GKVL0C,"[1.4446501731872559, 1.4446501731872559, 0.46835857629776, 0.7748928666114807, 1.3341313600540161, 0.46835857629776, 1.3341313600540161, 0.3065342903137207, 0.7748928666114807, 1.9971692562103271, 1.4446501731872559, 1.1381158828735352, 2.1076879501342773, 0.8409367203712463, 0.7304180860519409, 1.3341313600540161, 2.6008825302124023, 0.8409367203712463, 0.8409367203712463, 1.735109567642212, 0.7304180860519409, 1.2680875062942505, 1.9311251640319824, -0.11051865667104721, 2.7114009857177734, 0.0, 0.46835857629776, 0.46835857629776, 2.1076879501342773, -0.11051865667104721, 0.46835857629776, 1.4446501731872559, 0.0, 0.3065342903137207, 0.5344024896621704, 0.7748928666114807, 0.8409367203712463, 0.423883855342865, 2.6008825302124023, 2.1076879501342773, 0.039271141495907914, 0.03672567212581552, 0.11353084950606097, 0.10636863300854715, 0.14033122358687256, 0.16343707105576816, 0.10618487766019918, 0.1352789034981588, 0.10401949301163493, 0.12335822042489981, 0.12483113568281012, 0.0687850191410155, 0.07918253836183416, 0.1145637382024051, 0.09143223129647765, 0.041613514066455755, 0.04257646623696708, 0.06468847475194506, 0.04936555745442724, 0.02581935238844982, 0.0666118685654232, 0.14095300433333413, 0.11125640497616636, 0.13552476963701982, 0.16203267309268937, 0.14522664071215963, 0.1610696190451038, 0.09122131113972315, 0.09607307438514419, 0.12843126628181512, 0.15225790069837908, 0.07233735817209691, 0.06727079068581099, 0.1518039427496156, 0.11429446743305577, 0.1322990348149296, 0.046350296633334474, 0.09181304330524047, 0.12955256749014138, 0.0367579748853785]"
A1LNWQUWXMMZNG,"[19.79944610595703, 18.65003776550293, 18.814027786254883, 16.442846298217773, 19.312973022460938, 1.5871235132217407, 19.79944610595703, 13.955886840820312, 11.533821105957031, 18.203311920166016, 8.256616592407227, 12.242789268493652, 16.272768020629883, 19.633625030517578, 18.866249084472656, 18.866249084472656, 16.272768020629883, 9.038595199584961, 18.918468475341797, 2.3168816566467285, 19.79944610595703, 18.151092529296875, 19.699260711669922, 3.308635950088501, 19.596006393432617, 0.7151560187339783, 4.895759582519531, 18.814027786254883, 15.609833717346191, 14.633423805236816, 15.222357749938965, 19.596006393432617, 0.7151560187339783, 0.052221037447452545, 16.22054672241211, 18.98410415649414, 8.271218299865723, 11.527632713317871, 18.918468475341797, 19.79944610595703, 0.05800048477691027, 0.1649405355808777, 0.13587557250653196, 0.11896487490123243, 0.11208476867486077, 0.16876944911940409, 0.12948184610903848, 0.03863592422965665, 0.08296822523347966, 0.14761103119696742, 0.152475926781799, 0.14504033366153124, 0.11489077433556642, 0.09480902711649652, 0.13418262304456127, 0.12887107407048803, 0.08822187387868623, 0.05620851877181799, 0.16678398953536006, 0.07083094123978262, 0.04875775559748707, 0.034419299183073675, 0.15880957353691044, 0.02800433243051547, 0.0845251539201815, 0.11275692031980561, 0.03222853797920966, 0.05962545102139722, 0.12807782625589917, 0.1127399010177389, 0.12285057895706009, 0.15314996933745376, 0.10563063901277137, 0.1306213620154502, 0.0252171257856491, 0.15210536237692704, 0.13522662456931134, 0.1358575469053708, 0.17046795062179387, 0.1662967030797225]"
A1LV8TM9ICX1IX,"[19.799463272094727, 17.10277557373047, 10.557024955749512, 0.715156614780426, 19.799463272094727, 0.715156614780426, 19.799463272094727, 7.260908603668213, 0.0, 15.672463417053223, 7.260908603668213, 16.38762092590332, 10.09351921081543, 19.799463272094727, 9.84186840057373, 19.799463272094727, 16.38762092590332, 6.604754447937012, 19.799463272094727, 0.715156614780426, 16.44662094116211, 15.016308784484863, 15.731466293334961, 9.126710891723633, 9.84186840057373, 0.715156614780426, 0.715156614780426, 16.44662094116211, 6.604754447937012, 0.715156614780426, 0.715156614780426, 16.639270782470703, 0.715156614780426, 0.0, 0.715156614780426, 10.09351921081543, 15.672463417053223, 9.126710891723633, 19.799463272094727, 19.799463272094727, 0.09863148206518405, 0.12938490729418614, 0.07721434893826966, 0.09066725910456072, 0.03155030479494602, 0.16240508193296546, 0.1497531299156961, 0.1227563082799611, 0.031022458527220704, 0.07882348493887487, 0.13780327066735434, 0.11488347261213108, 0.1659972610234662, 0.04004765538884368, 0.11526836521188077, 0.11795439755425192, 0.04633561979997146, 0.16351547894926666, 0.051871638900915173, 0.1060907869647299, 0.14564224259940534, 0.14455809946073395, 0.1035873480231743, 0.060652842317748056, 0.04407565768300771, 0.06510175410496905, 0.1560431954885285, 0.06666556752921968, 0.12538405938575703, 0.11481917032160889, 0.060939202548319076, 0.16565507855070455, 0.10527406986617265, 0.11264939113945967, 0.1113757313612983, 0.0582871375930476, 0.09225604813136484, 0.163777683668407, 0.08190821651438639, 0.1682700414827625]"
A1M1Y5UGONAW06,"[8.53240966796875, 7.2405595779418945, 8.05199909210205, 6.866541862487793, 8.334969520568848, 1.9738975763320923, 8.655633926391602, 0.4390791952610016, 2.6743931770324707, 7.375438690185547, 0.7082117795944214, 8.208934783935547, 8.498580932617188, 8.334969520568848, 8.208934783935547, 8.604889869689941, 7.284607887268066, 8.263277053833008, 8.929162979125977, 0.5960155129432678, 8.583940505981445, 1.9012140035629272, 8.137243270874023, 1.7442777156829834, 8.623497009277344, 0.4390791952610016, 6.084637641906738, 8.40637493133545, 6.706521034240723, 6.440451622009277, 8.321131706237793, 8.634025573730469, 6.885474681854248, 0.0, 8.579683303833008, 7.522193908691406, 3.1976051330566406, 2.9467642307281494, 8.42021369934082, 8.334969520568848, 0.0446234605940514, 0.07661227446904692, 0.07499967009698483, 0.15295626218540934, 0.016754441171565593, 0.10510387061784073, 0.04349335399884104, 0.11688158747131255, 0.018809658762356744, 0.010584206441054131, 0.03148032705592949, 0.1463055190288323, 0.11457998940458576, 0.0234969050916002, 0.03835955006791833, 0.07156881905534015, 0.09833170323022154, 0.05230338183719735, 0.0363902786718636, 0.07691187902410893, 0.0972550865205016, 0.05355108394764404, 0.09806879638372752, 0.06629767415578333, 0.0963211786276015, 0.07479468645941668, 0.14810283762408688, 0.04533486165047065, 0.05650911291910898, 0.11364501113518931, 0.08316331694540671, 0.14992187900537995, 0.044231273233660974, 0.057812967107864925, 0.15607085451170072, 0.042192442085356927, 0.014870685092864737, 0.13338841825660258, 0.07432011813010465, 0.12119209721985338]"
A1M54T56FE4B86,"[1.7115944623947144, 1.14106285572052, 1.7115944623947144, 1.7115944623947144, 1.14106285572052, 0.57053142786026, 1.7115944623947144, 1.14106285572052, 0.57053142786026, 1.14106285572052, 6.085195064544678, 1.7115944623947144, 1.14106285572052, 1.7115944623947144, 1.14106285572052, 1.14106285572052, 1.14106285572052, 1.7115944623947144, 1.7115944623947144, 0.57053142786026, 1.7115944623947144, 0.57053142786026, 1.14106285572052, 0.0, 1.7115944623947144, 0.57053142786026, 0.57053142786026, 1.14106285572052, 1.14106285572052, 1.14106285572052, 1.7115944623947144, 1.7115944623947144, 0.57053142786026, 0.0, 1.14106285572052, 1.14106285572052, 0.0, 0.57053142786026, 1.7115944623947144, 1.7115944623947144, 0.04965690923342979, 0.0408509879624656, 0.055316154112113165, 0.04625942115573537, 0.0222184291840192, 0.12522824054558232, 0.09668739290602354, 0.12653337837560158, 0.11548363040566251, 0.024682135242137554, 0.08601720507816864, 0.08926713030486952, 0.12410612378997073, 0.03750983491783097, 0.02698857293774876, 0.12129085062332935, 0.10052730890135642, 0.030475253063920765, 0.16426636394276373, 0.1640223007880869, 0.01946494797244777, 0.05279826170191298, 0.11810262035994677, 0.04702109555365589, 0.1296164528641777, 0.1342560120884256, 0.03508480545855488, 0.046489691690977615, 0.1475213482941848, 0.1349584704158392, 0.13073573756113052, 0.11621430640337961, 0.04534104464969593, 0.14356334359424064, 0.08605742964885525, 0.12893650832755932, 0.05004271967699455, 0.11890881736619957, 0.1605991467511058, 0.02063503617212325]"
A1M5UWJ8H1SYHG,"[2.576050281524658, 2.576050281524658, 0.6029345989227295, -0.7100009322166443, 4.678692817687988, 0.0, 3.6317520141601562, -0.878470778465271, 0.5473225116729736, 2.576050281524658, -0.878470778465271, 1.1502572298049927, 1.7714941501617432, 2.197197675704956, 0.7245535850524902, 4.631841659545898, 2.576050281524658, -0.3311481475830078, 2.576050281524658, 0.5473225116729736, 5.0575456619262695, 2.1503469944000244, 2.197197675704956, 2.481494903564453, 2.576050281524658, 0.0, -0.878470778465271, 2.1503469944000244, -2.3042640686035156, -0.7100009322166443, -0.878470778465271, 3.252899408340454, 0.0, 0.0, -0.284297376871109, 0.1772310882806778, 2.576050281524658, 0.7245535850524902, 5.0575456619262695, 0.7245535850524902, 0.1692305856504051, 0.09383733883083561, 0.11773150157037485, 0.08593924889051703, 0.08667255223262266, 0.15453876896212776, 0.021340223896251728, 0.10871278638060627, 0.02971859979668861, 0.16155026806234185, 0.024336946961078562, 0.13495466861591918, 0.02791794770632837, 0.035874141197380686, 0.05093259234181338, 0.07477744858647244, 0.15129341999937604, 0.12127475428979123, 0.06093728051712349, 0.15071596102556253, 0.11639983136539243, 0.12014936033065907, 0.14165012148600747, 0.07866484396280002, 0.09323742567492457, 0.041911538122629426, 0.1639770517883174, 0.15019321572997021, 0.03622170106512389, 0.09335671496971018, 0.15355967872314252, 0.1600840764935539, 0.07739883347833094, 0.16448425723563542, 0.03085941275833127, 0.15174999052128044, 0.1044320000003951, 0.039267780879634326, 0.06843678020364152, 0.018258318692182876]"
A1MAI0TUIM3R2X,"[5.58699369430542, 6.0947794914245605, 4.421688556671143, 5.0132575035095215, 5.600576400756836, 0.22373512387275696, 6.319135665893555, 1.0880974531173706, 1.4997566938400269, 5.615421295166016, 0.08893270790576935, 3.0988922119140625, 2.3486239910125732, 5.731603145599365, 2.3271069526672363, 4.917800426483154, 2.31550931930542, 0.28676530718803406, 7.061354637145996, 0.0, 7.777254104614258, 1.8165465593338013, 4.7005767822265625, 0.0, 5.885572910308838, 0.02530270256102085, -0.12537549436092377, 5.742804527282715, 3.9869136810302734, 2.19928240776062, 1.9869544506072998, 5.318807601928711, 0.0, 0.06363001465797424, 5.548252105712891, 5.5839643478393555, 2.877068042755127, 3.1146316528320312, 6.401967525482178, 5.094585418701172, 0.02949872883909639, 0.07721452632876387, 0.11408308180739318, 0.10649251003581768, 0.13111726494066528, 0.1077524401195544, 0.11367048481164573, 0.03718331875081302, 0.049184892827410176, 0.10184207861907792, 0.13060209093145153, 0.08032039628406785, 0.07337555702142962, 0.1507938950474107, 0.12449774733177137, 0.044556114735029934, 0.12639402188451643, 0.05208926501453786, 0.01587743435642205, 0.03276934736186488, 0.15717315907309298, 0.15379898232641, 0.1416751190881764, 0.031329860561083014, 0.07244483540763312, 0.05704218214288084, 0.039863068738309256, 0.0266596476950554, 0.08398262234797689, 0.09623583787170861, 0.032882344456780364, 0.13214533074417206, 0.14933341289836094, 0.04591931187645894, 0.09943399621286128, 0.12627932509475914, 0.05330882459412625, 0.11544311515387706, 0.15461965595326357, 0.14898863438356133]"
A1MAJCTEK9HZHD,"[6.617318630218506, 6.617318630218506, 6.617318630218506, 3.308659315109253, 6.617318630218506, 0.0, 6.617318630218506, 3.308659315109253, 0.0, 6.617318630218506, 3.308659315109253, 6.617318630218506, 6.617318630218506, 6.617318630218506, 6.617318630218506, 6.617318630218506, 6.617318630218506, 3.308659315109253, 6.617318630218506, 0.0, 6.617318630218506, 6.617318630218506, 6.617318630218506, 3.308659315109253, 6.617318630218506, 0.0, 3.308659315109253, 6.617318630218506, 3.308659315109253, 3.308659315109253, 3.308659315109253, 6.617318630218506, 0.0, 0.0, 3.308659315109253, 6.617318630218506, 6.617318630218506, 6.617318630218506, 6.617318630218506, 6.617318630218506, 0.043187939697847046, 0.15401404055667864, 0.14605336323429433, 0.06397182731974134, 0.03792317246150198, 0.0970758887302843, 0.09791608762796356, 0.12312447889698502, 0.051368807465107, 0.141017950492834, 0.1142773280423255, 0.029080655585619807, 0.17148992818880127, 0.11078133166999235, 0.04712871092430606, 0.08587319515728037, 0.10240393432496504, 0.1008294725430538, 0.1489203210380989, 0.13511753763493137, 0.0454333205329421, 0.07706955199886155, 0.10170434533220428, 0.07213258542946119, 0.15281356548179043, 0.05746469038318159, 0.14780972437212578, 0.16213111766845167, 0.11976028155611734, 0.05208692553636964, 0.04801930913978238, 0.08439897128354651, 0.16678665583251398, 0.08115011886822042, 0.11080766542382751, 0.12184336123154264, 0.16733745046212806, 0.15158510254007426, 0.10053080245711052, 0.10239034985260628]"
A1MBLC4ZSP4QEB,"[1.8244075775146484, 1.8244075775146484, 0.9122037887573242, 1.8244075775146484, 1.8244075775146484, 0.0, 1.8244075775146484, 0.9122037887573242, 0.9122037887573242, 1.8244075775146484, 0.9122037887573242, 1.8244075775146484, 1.8244075775146484, 1.8244075775146484, 1.8244075775146484, 1.8244075775146484, 1.8244075775146484, 1.8244075775146484, 1.8244075775146484, 0.9122037887573242, 1.8244075775146484, 1.8244075775146484, 1.8244075775146484, 0.0, 1.8244075775146484, 0.0, 0.9122037887573242, 1.8244075775146484, 0.9122037887573242, 1.8244075775146484, 0.9122037887573242, 1.8244075775146484, 0.0, 0.0, 1.8244075775146484, 0.9122037887573242, 1.8244075775146484, 1.8244075775146484, 1.8244075775146484, 1.8244075775146484, 0.09492418142440479, 0.11023344504407832, 0.02833152643935067, 0.05649004630391902, 0.0779721904036527, 0.12415644026436877, 0.16771623962068735, 0.11667093108382806, 0.04834014568862627, 0.16258096526962004, 0.04113656717084337, 0.13173292306056253, 0.08885322610212507, 0.050323293428518344, 0.15673787786793705, 0.09389268685880717, 0.12550587534917562, 0.09372145220234987, 0.17308268475108277, 0.14381578379416768, 0.08531404537989463, 0.1542574754257791, 0.1649108741358709, 0.17735146908934143, 0.07517613353758391, 0.1662351215022564, 0.06513399343736656, 0.048197071904196205, 0.0953235339207221, 0.06628365810058652, 0.09326336181449671, 0.1482220619777678, 0.12619850858075624, 0.1234591336225586, 0.15744893687000566, 0.07727485431614532, 0.17747062120933008, 0.14628034701406933, 0.09532228560957164, 0.09267792645533257]"
A1MCIV8P5COBQZ,"[0.20007489621639252, 0.4848920702934265, 0.0, 0.5969082713127136, 0.4848920702934265, 0.0, 0.7969831824302673, 0.0, 0.0, 0.4848920702934265, 0.08805869519710541, 0.4848920702934265, 0.08805869519710541, 0.2881335914134979, 0.4848920702934265, 0.20007489621639252, 0.08805869519710541, 0.08805869519710541, 0.08805869519710541, 0.0, 0.08805869519710541, 0.0, 0.0, 0.0, 0.6849669814109802, 0.0, 0.0, 0.0, 0.08805869519710541, 0.0, 0.1120162084698677, 0.40014979243278503, 0.0, 0.0, 0.08805869519710541, 0.0, 0.08805869519710541, 0.4848920702934265, 0.5969082713127136, 0.08805869519710541, 0.15930099495382033, 0.03435879026918093, 0.033654983618477324, 0.05450896380766528, 0.04494836238931048, 0.13525026474115762, 0.13134571918653368, 0.06681382056933771, 0.165457215946029, 0.03425011985268977, 0.06675077768427855, 0.12043932686534355, 0.1073052999847773, 0.047253777720294335, 0.040395960825286834, 0.1344705251542577, 0.11040203116746038, 0.10812461712130887, 0.03206182299968546, 0.14952574412408917, 0.1251808713288451, 0.09034658176526991, 0.13303793842356768, 0.1402470637105601, 0.13660571781909503, 0.0604297661553508, 0.08445652106005913, 0.14152528464021474, 0.13798414294431963, 0.0610501918833658, 0.13855125099036222, 0.12208469932964389, 0.1577829286375196, 0.11483566078824366, 0.06978094307882432, 0.13803238755272695, 0.11589762429724748, 0.14937870553100227, 0.05587038785066246, 0.09881049700757279]"
A1MDYWL5DLS9SS,"[24.74942398071289, 24.74942398071289, 24.74942398071289, 24.74942398071289, 24.74942398071289, -0.08210621029138565, 24.74942398071289, 0.0, 0.0, 24.74942398071289, 0.0, 24.74942398071289, 24.74942398071289, 24.74942398071289, 24.74942398071289, 24.74942398071289, 24.74942398071289, 24.74942398071289, 24.74942398071289, 0.0, 24.74942398071289, 4.053708076477051, 24.74942398071289, 4.053708076477051, 24.74942398071289, 0.0, 0.0, 24.74942398071289, 24.74942398071289, 0.0, 24.74942398071289, 24.74942398071289, 24.74942398071289, 0.0, 24.74942398071289, 24.74942398071289, 24.74942398071289, 24.74942398071289, 24.74942398071289, 24.74942398071289, 0.13764726529236726, 0.08752322106434295, 0.06791056152856426, 0.09821946901204025, 0.17043237103229256, 0.032997429156059244, 0.1354734538330155, 0.14079721623457644, 0.14745264432460975, 0.057662187866682375, 0.15283811522343535, 0.15635056730953603, 0.15302070957610786, 0.14494920496719166, 0.07088020960229603, 0.04072898399003748, 0.13079323346653984, 0.11241766010461128, 0.06125525099831321, 0.16709048374319638, 0.07144642064383136, 0.11389305010376576, 0.16459252105808933, 0.04643070027917974, 0.17755142257055104, 0.1465147932216574, 0.11600238503102564, 0.1408056669318156, 0.07832891491814535, 0.11934975520668259, 0.06671864648840643, 0.08755557016470646, 0.12074927105683943, 0.1296987799758177, 0.06288639194349116, 0.1401409501868682, 0.09049908205332448, 0.09273689847233067, 0.05458484135791954, 0.09365513003832562]"
A1MF4IEANGZ0OB,"[0.0, 0.5214225053787231, 0.0, 0.0, 0.0, 0.0, 0.0, 0.0, 0.0, 0.0, 0.0, 0.0, 0.0, 0.0, 0.0, 0.0, 0.0, 0.0, 0.0, 0.0, 0.0, 0.0, 0.0, 0.0, 0.0, 0.0, 0.0, 0.0, 0.0, 0.0, 0.0, 0.0, 0.0, 0.0, 0.5214225053787231, 0.0, 0.0, 0.0, 0.5214225053787231, 0.0, 0.017733104642990476, 0.15450049819002246, 0.04523260757702466, 0.05504048751555717, 0.09801576981053897, 0.1557256523570275, 0.14285718241050435, 0.14322731989287565, 0.03512838505750483, 0.09820093136128058, 0.06597807126930785, 0.05881201070862846, 0.040742486987102706, 0.08326172467420137, 0.032757756547636144, 0.05778328556628776, 0.025087351510737845, 0.1160836166494074, 0.13698560404462784, 0.12177991504391335, 0.12280723440002297, 0.14573228417146672, 0.15928102853275428, 0.15764879720882893, 0.08081969220803804, 0.11795058354001445, 0.02840052823051318, 0.057738972792952495, 0.07983824639468208, 0.018804447652676907, 0.1252117892837903, 0.11812003302457905, 0.04064476124645711, 0.07451972376816333, 0.14495151763358707, 0.16344339502353777, 0.02050820598438529, 0.10431403651039683, 0.09993413826109022, 0.013055391483401561]"
A1MHFSMKSOED47,"[0.5491535663604736, 0.18244095146656036, 0.0, 0.18244095146656036, 0.5491535663604736, 0.0, 0.5491535663604736, 0.0, 0.18244095146656036, 0.5491535663604736, 0.0, 0.18244095146656036, 0.18244095146656036, 0.18244095146656036, 0.18244095146656036, 0.5491535663604736, 0.18244095146656036, 0.18244095146656036, 0.18244095146656036, 0.18244095146656036, 0.18244095146656036, 0.18244095146656036, 0.18244095146656036, 0.0, 0.18244095146656036, 0.0, 0.0, 0.5491535663604736, 0.0, 0.18244095146656036, 0.0, 0.18244095146656036, 0.0, 0.0, 0.18244095146656036, 0.3667125999927521, 0.18244095146656036, 0.18244095146656036, 0.5491535663604736, 0.18244095146656036, 0.03586881528763493, 0.059084880453223396, 0.1063294819944717, 0.14982060582210577, 0.16222330029008813, 0.08659204726630815, 0.1551775090157537, 0.15822059724646576, 0.0936149581236642, 0.1199679416045477, 0.14297027272926324, 0.08341400275648407, 0.12570421588117744, 0.08609959528514638, 0.08693961819961613, 0.1000389816490494, 0.12545283629112294, 0.12267731954936685, 0.06873654847845874, 0.06644456273063601, 0.05377370783884901, 0.05545664612130328, 0.1526472415530488, 0.03936397461695576, 0.05640052901393636, 0.1594043086536425, 0.05094829263611469, 0.14367902339843286, 0.08704952967272767, 0.07434346862894742, 0.07681104776770699, 0.05693205664815875, 0.1254743797556614, 0.05033061539098574, 0.037187632569591754, 0.0499157753239975, 0.14204508556587614, 0.1725904255567924, 0.11944051657351143, 0.14140537397672293]"
A1MZIY3MPR5LRS,"[3.3086609840393066, 3.3086609840393066, 3.3086609840393066, 0.0, 3.3086609840393066, 0.0, 3.3086609840393066, 0.0, 0.0, 3.3086609840393066, 0.0, 3.3086609840393066, 3.3086609840393066, 3.3086609840393066, 3.3086609840393066, 3.3086609840393066, 3.3086609840393066, 0.0, 3.3086609840393066, 0.0, 3.3086609840393066, 3.3086609840393066, 3.3086609840393066, 3.3086609840393066, 3.3086609840393066, 0.0, 0.0, 3.3086609840393066, 0.0, 0.0, 0.0, 3.3086609840393066, 0.0, 0.0, 0.0, 3.3086609840393066, 3.3086609840393066, 3.3086609840393066, 3.3086609840393066, 3.3086609840393066, 0.10218746424048686, 0.15281457625615172, 0.06741619680041819, 0.13790393393843617, 0.06391085510418304, 0.10612589822043283, 0.13939068426185228, 0.04427168792611699, 0.09761675794807222, 0.12772482771844096, 0.06355166929088336, 0.11517357391832238, 0.1069083753762767, 0.09201823785359112, 0.09754142611040653, 0.07134827745910362, 0.14458372899021538, 0.0709968632552895, 0.16543487366828044, 0.05961958890950328, 0.12623823619908026, 0.06959876287482591, 0.043540074080948385, 0.03194436606341952, 0.09029644978011832, 0.1411737201656132, 0.1732929524011493, 0.1095307681833307, 0.1460384058254514, 0.049213758143149385, 0.15068168362670212, 0.1338639285717694, 0.16167249642329695, 0.09957727865605456, 0.09377975376606344, 0.06564514850070333, 0.16725894780720385, 0.057909570895372214, 0.06823933562373048, 0.1414356054966781]"
A1MZL91Z44RN06,"[8.63113021850586, 8.63113021850586, 7.738151550292969, 8.141725540161133, 8.63113021850586, 6.649555206298828, 8.324796676635742, 6.649555206298828, -0.0317361056804657, 5.330443382263184, 6.649555206298828, 8.29186725616455, 7.053129196166992, 8.891839027404785, 7.053129196166992, 8.141725540161133, 6.942561626434326, 6.942561626434326, 8.149286270141602, 6.942561626434326, 8.520563125610352, 0.7707768082618713, 8.252293586730957, 0.8025128841400146, 8.741697311401367, 6.649555206298828, 6.649555206298828, 8.520563125610352, 6.649555206298828, 6.942561626434326, 6.649555206298828, 8.259854316711426, 6.649555206298828, 0.0, 8.149286270141602, 7.856280326843262, 5.330443382263184, 5.446331024169922, 8.814201354980469, 8.741697311401367, 0.047304972768434726, 0.028186899062045214, 0.09495165840987106, 0.05211922964013532, 0.03222046482739073, 0.052693792993592795, 0.05823303048542009, 0.05785633365042317, 0.04235332248272424, 0.020075150779147802, 0.08052156191931323, 0.07318828439627738, 0.07954198095962783, 0.12219742861720939, 0.06032656527004656, 0.039356297605176775, 0.14375225758478075, 0.14433014897147214, 0.007509740010466346, 0.03372930067847799, 0.019287288758803794, 0.10915445790495507, 0.060191577819758264, 0.11869787410705743, 0.03651505749751788, 0.09426558541190065, 0.11822875760054395, 0.13960019838837584, 0.06599575089087574, 0.11418735563671376, 0.020277904968239002, 0.11089897541640478, 0.08693542300909822, 0.06414330809891801, 0.074175909695092, 0.042633118858327594, 0.1483200211417503, 0.0420556491577347, 0.03823380248452363, 0.09621938329363355]"
A1N1FL81IAC7IR,"[0.0, 0.0, 0.0, 0.0, 7.681561470031738, 0.0, 7.681561470031738, 0.0, 0.0, 7.681561470031738, 0.0, 7.681561470031738, 0.0, 0.0, 0.0, 0.0, 7.681561470031738, 0.0, 0.0, 0.0, 0.0, 0.0, 0.0, 0.0, 0.0, 0.0, 0.0, 0.0, 0.0, 0.0, 0.0, 7.681561470031738, 0.0, 0.0, 0.0, 0.0, 0.0, 0.0, 0.0, 0.0, 0.06495083534863422, 0.13064286794709706, 0.12961171068889424, 0.052651977411144225, 0.11767512475157216, 0.09336709808640124, 0.08225857127519848, 0.1214584844718765, 0.0853291581067346, 0.16140892745237317, 0.1129267649303756, 0.17671471475908984, 0.13381080236784204, 0.15171507950265994, 0.08505208458463255, 0.06794916095487784, 0.09537861473711197, 0.10433666130334585, 0.10670236604743344, 0.12755224809513732, 0.10130377676874558, 0.08786656124138269, 0.06272082417639548, 0.093026229020345, 0.10514276676713047, 0.06450069776395313, 0.07964130698109909, 0.08716259022044076, 0.09091816827204444, 0.16828874306515373, 0.1776389104829736, 0.10180502617877364, 0.11180495438515049, 0.08052883456871196, 0.12669617450937626, 0.11963538370245921, 0.1072677990548082, 0.13771317381279427, 0.057688699458950804, 0.048720012159238074]"
A1N3KXBQ1A53IP,"[2.325648307800293, 2.325648307800293, 0.4914631247520447, 0.811907172203064, 2.325648307800293, 0.0, 2.325648307800293, 0.4914631247520447, 1.0222779512405396, 2.325648307800293, 1.0222779512405396, 2.325648307800293, 2.325648307800293, 2.325648307800293, 2.325648307800293, 2.325648307800293, 2.044555902481079, 1.623814344406128, 2.325648307800293, 1.0222779512405396, 2.325648307800293, 1.724111795425415, 1.0222779512405396, 0.0, 2.746389865875244, 0.0, 0.0, 1.513741135597229, 0.811907172203064, 1.724111795425415, 0.28109240531921387, 2.325648307800293, 0.0, 0.0, 2.044555902481079, 0.7018338441848755, 2.325648307800293, 2.044555902481079, 2.325648307800293, 2.5360190868377686, 0.04760721745066898, 0.09150311396901414, 0.09541080604468052, 0.13391977339397007, 0.16515557685044094, 0.06962467806601055, 0.10884364172474148, 0.0344844730387647, 0.17513139077664105, 0.10763255321682541, 0.06211483091301195, 0.04522560218352222, 0.12670704008221564, 0.12514722631360498, 0.15408628208663286, 0.14547792810762322, 0.1424727160759539, 0.12331658648123273, 0.17152830010240894, 0.16131016363676073, 0.09115348101701087, 0.07950498501023823, 0.11078358053930311, 0.06808573459385811, 0.08312200406499307, 0.16856257477537318, 0.08234707554599408, 0.049963804040073716, 0.13393725183910904, 0.09256388651513134, 0.0790293921729757, 0.10777441640298863, 0.1610597032034927, 0.16208037669162026, 0.1119938433423939, 0.1660159209733582, 0.13954343148770504, 0.08292380588895967, 0.12993708122196154, 0.1206527507651158]"
A1N4MVSWIRSMIT,"[0.0, 0.0, 0.9176346659660339, 0.0, 0.0, 0.0, 1.8352693319320679, 0.0, 0.0, 0.9176346659660339, 0.0, 0.9176346659660339, 0.0, 0.0, 0.0, 0.9176346659660339, 0.0, 0.0, 0.0, 0.0, 0.0, 0.0, 0.0, 0.0, 0.0, 0.0, 0.0, 0.0, 0.0, 0.0, 0.0, 0.9176346659660339, 0.0, 0.0, 0.0, 0.9176346659660339, 0.0, 0.0, 0.9176346659660339, 0.9176346659660339, 0.09319375021303229, 0.059515067511859324, 0.07746713692579717, 0.14311437400420096, 0.1574381764410048, 0.15872496585988363, 0.13455298455918632, 0.15083331508964673, 0.06836735387851146, 0.12404010032433177, 0.06215809327279838, 0.028201353232972872, 0.07623699537557684, 0.1042950402542276, 0.09976582706211955, 0.12204651087509047, 0.07769587332435964, 0.07375682004878445, 0.12020092362521116, 0.13747988907664838, 0.07195721547012723, 0.10297719036200294, 0.06124256301467922, 0.039059915569572716, 0.16815263650870887, 0.13667433920213487, 0.13476489855024656, 0.1400126457113642, 0.048949627174064, 0.030095395310087123, 0.09336340661961576, 0.1463090288935059, 0.10379836991673085, 0.0973659214598989, 0.08845736245316602, 0.14419548536829455, 0.13942673420068807, 0.0457248564099558, 0.14875178329218344, 0.07107224017502094]"
A1NKYTRBYXO4TG,"[19.79953956604004, 19.79953956604004, 19.79953956604004, 0.0, 19.79953956604004, 0.0, 19.79953956604004, 0.0, 0.0, 15.1832275390625, 0.0, 15.1832275390625, 15.1832275390625, 19.79953956604004, 15.1832275390625, 15.1832275390625, 19.79953956604004, 15.1832275390625, 19.79953956604004, 0.0, 19.79953956604004, 0.0, 19.79953956604004, 0.0, 19.79953956604004, 0.0, 0.0, 15.1832275390625, 15.1832275390625, 0.0, 0.0, 15.1832275390625, 0.0, 0.0, 19.79953956604004, 0.0, 19.79953956604004, 0.0, 19.79953956604004, 15.1832275390625, 0.04422219311929524, 0.17339718504522336, 0.06970690929149527, 0.10869223790107774, 0.16746114122569736, 0.06002758653839673, 0.1585569709194664, 0.12891122764837942, 0.16248873240565298, 0.09008664735435339, 0.031479112840699895, 0.12159083861563455, 0.11039308482316083, 0.06950959064934771, 0.049759869039255354, 0.126029818844219, 0.15815867010809648, 0.06857470269160758, 0.1197446735755601, 0.06679732308723846, 0.17155896756025485, 0.09867138832409066, 0.07773496575552659, 0.15374735936343353, 0.08120205444679647, 0.15168237798365145, 0.16565586286900633, 0.12479037820989207, 0.03659183252309557, 0.16118821519490992, 0.08169327364294139, 0.17094770903396922, 0.03334825819712567, 0.06264696497861483, 0.08511458174666596, 0.12918127458196904, 0.031059884837284023, 0.0680468968739054, 0.16748074794976953, 0.10872570260214048]"
A1NO7CJ510NQWC,"[9.65985107421875, 7.75987434387207, 3.5872693061828613, 3.342658042907715, 9.65985107421875, 0.31384754180908203, 7.178361892700195, 1.991302251815796, 0.5473213195800781, 3.820742607116699, 0.31384754180908203, 5.2426347732543945, 3.342658042907715, 9.65985107421875, 7.724123954772949, 9.65985107421875, 3.342658042907715, 3.904940605163574, 9.65985107421875, 0.8611688017845154, 7.178361892700195, 7.446027755737305, 8.867918968200684, 2.4814891815185547, 5.2426347732543945, 0.31384754180908203, 0.31384754180908203, 6.070317268371582, 8.566768646240234, 0.8611688017845154, 2.7953367233276367, 6.616079807281494, 0.31384754180908203, 0.0, 0.8611688017845154, 7.176802635192871, 3.028810501098633, 3.028810501098633, 9.65985107421875, 7.178361892700195, 0.08759058248276867, 0.07194854368181651, 0.14187043676587033, 0.1253002856903671, 0.1647982516667996, 0.021713346263677928, 0.11970560721185254, 0.04389987322444317, 0.12040991906568525, 0.14746775872906145, 0.1405996065698353, 0.09211132874740721, 0.028078487848908464, 0.07401927757043925, 0.09439465660394127, 0.09904795601528796, 0.031324573879232445, 0.10913993311630928, 0.1630549549247284, 0.10655152221289967, 0.13916225916287106, 0.16665884919709517, 0.12108265626379235, 0.1471423778650261, 0.07480705897381017, 0.12231521269406276, 0.06393717404126438, 0.13575097744325362, 0.03391897700844619, 0.1516445244838377, 0.04350386470139422, 0.11727048996056352, 0.04752003264737141, 0.03311582536587709, 0.14946325134690985, 0.14562793496490828, 0.05329858872623975, 0.10544888201218444, 0.04546428128289379, 0.025538298767894374]"
A1NP1AD8FGSA71,"[0.0, 0.0, 0.0, 0.0, 0.0, 0.0, 2.9702298641204834, 0.0, 0.0, 2.9702298641204834, 0.0, 0.0, 0.0, 2.9702298641204834, 2.9702298641204834, 0.0, 0.0, 0.0, 2.9702298641204834, 0.0, 0.0, 0.0, 0.0, 0.0, 0.0, 0.0, 0.0, 0.0, 0.0, 0.0, 0.0, 2.9702298641204834, 0.0, 0.0, 0.0, 0.0, 0.0, 0.0, 2.9702298641204834, 2.9702298641204834, 0.08510358120397857, 0.11013603992334567, 0.12196753604285616, 0.16404071394837555, 0.04745462299617923, 0.1698801782060592, 0.07153748248542544, 0.04755811941891831, 0.10138251435644155, 0.04732730496622762, 0.06861532142454208, 0.08905354144510234, 0.13368933780377223, 0.14414333260055737, 0.11346743373362846, 0.03893330927996857, 0.049162911949008875, 0.04658455537214874, 0.055401641598074196, 0.1558101529584532, 0.08078054283670437, 0.038471161436761485, 0.15730490437843098, 0.16341754156975966, 0.14345863511424026, 0.11017966778746581, 0.07455989465096366, 0.1650540000792947, 0.05903067321805574, 0.09336882438525367, 0.05861056512277456, 0.05584212825936372, 0.03369669915688334, 0.1589784104632934, 0.046428363693331025, 0.06133648615207942, 0.10442252876906422, 0.0534015634196262, 0.14574672213478915, 0.025018842056550222]"
A1NP222Y17P9N3,"[3.8161697387695312, 3.8161697387695312, 2.475045680999756, 2.475045680999756, 3.8161697387695312, 0.0, 3.8161697387695312, 2.475045680999756, 0.0, 3.8161697387695312, 2.475045680999756, 2.475045680999756, 2.475045680999756, 3.8161697387695312, 3.8161697387695312, 2.475045680999756, 3.8161697387695312, 2.475045680999756, 2.475045680999756, 0.0, 3.8161697387695312, 2.475045680999756, 2.475045680999756, 0.0, 3.8161697387695312, 0.0, 2.475045680999756, 3.8161697387695312, 2.475045680999756, 2.475045680999756, 2.475045680999756, 3.8161697387695312, 0.0, 0.0, 2.475045680999756, 3.8161697387695312, 2.475045680999756, 2.475045680999756, 3.8161697387695312, 2.475045680999756, 0.058199299957657914, 0.029024384080917235, 0.05254594350867418, 0.15278701374746315, 0.12907884722392424, 0.1036385965950541, 0.025374185984684702, 0.12717722898459133, 0.14113478410389235, 0.1411474751331204, 0.109112447296719, 0.08994261527750104, 0.13385776115987366, 0.0529022014948107, 0.14401163568847505, 0.13798017075407354, 0.030074998855673926, 0.03481017169627932, 0.12523764613727933, 0.08794727892510602, 0.08106006416427726, 0.01719802849081479, 0.05860391578845566, 0.021454441283540317, 0.11358315198513455, 0.08355419937658752, 0.13168677621094177, 0.07727824560948936, 0.12449239628222979, 0.06651637925090718, 0.06302274246128241, 0.07132306975332911, 0.11709134354632539, 0.12679710312095438, 0.15573712953759875, 0.025748079449856257, 0.03518078384156402, 0.052930431586849666, 0.059499247027265806, 0.07186025161998237]"
A1NVH7LUS2AVWW,"[1.2054674625396729, -0.39988383650779724, -1.8254947662353516, -1.8254947662353516, 1.425610899925232, 0.0, 1.425610899925232, 0.2201433777809143, 0.0, 0.0, 1.2054674625396729, 1.425610899925232, -1.8254947662353516, 0.2201433777809143, 0.0, 1.425610899925232, 1.2054674625396729, -1.8254947662353516, 0.0, 0.0, 0.0, -0.36344078183174133, -1.8254947662353516, 0.0, 1.2054674625396729, 0.0, 0.0, -1.605351209640503, 0.0, 0.0, 0.0, -0.39988383650779724, 0.0, 0.0, 0.0, 0.2201433777809143, 0.0, 0.0, 1.425610899925232, -1.605351209640503, 0.06536284484083525, 0.12875931546970149, 0.10354903364057925, 0.13981503070973575, 0.15094773738279288, 0.16825189942436375, 0.1289938155273853, 0.06550134002328675, 0.09261946668628881, 0.10853430651283123, 0.04896815806263173, 0.13997607173487905, 0.09090834223160657, 0.14429964966785988, 0.054075401170516894, 0.1705986669648513, 0.05895915094595295, 0.1338504275611464, 0.05271882916473728, 0.06733840396109422, 0.061633043137429386, 0.11255575474527695, 0.16493687831250195, 0.16573722836442203, 0.1719707289513748, 0.14736243525467488, 0.10345661264878221, 0.04167290614958282, 0.12283088825431916, 0.07156633236068356, 0.06008452542717316, 0.1627705287527334, 0.05177944942455481, 0.053925919529926744, 0.079773657928472, 0.10457934529389419, 0.10874847729321398, 0.050502477580071634, 0.1695723404967753, 0.030064947582151537]"
A1NXF07STAXNN3,"[0.0, 0.0, 0.0, 0.0, 0.0, 0.0, 0.0, 0.0, 0.0, 0.0, 0.0, 0.0, 0.0, 0.0, 0.0, 0.0, 0.0, 0.0, 0.0, 0.0, 0.0, 0.0, 0.0, 0.0, 0.0, 0.0, 0.0, 0.0, 0.0, 0.0, 0.0, 0.0, 0.0, 0.0, 0.0, 0.0, 0.0, 0.0, 0.0, 0.0, 0.09611846809811558, 0.08357352224078538, 0.019739673058977728, 0.03746656281151106, 0.13776659438294234, 0.16155164973412, 0.07231244370538459, 0.03044777737414385, 0.16492668698756252, 0.021461015429371778, 0.11694427629078506, 0.14246292724507756, 0.12501427946629443, 0.08967977004007346, 0.12047792169568382, 0.05601972641964655, 0.1491976222116602, 0.031175024180180547, 0.060083173097802464, 0.15031637863521868, 0.13704453347192425, 0.11509203190660101, 0.04860027706931037, 0.14137790293046895, 0.10965130702269225, 0.16035400614842432, 0.1243648588425506, 0.1598272359533434, 0.13065045103169334, 0.12031144460828957, 0.08420134622901232, 0.15231257891044472, 0.04937663266132095, 0.1680283672825746, 0.11545006390268032, 0.04178392261438959, 0.14171067664016068, 0.04450318997613274, 0.1313876971349219, 0.06949319577969525]"
A1O7LQP26XE36M,"[0.24044103920459747, 0.24044103920459747, 0.0, 0.24044103920459747, 0.24044103920459747, 0.0, 0.24044103920459747, 0.24044103920459747, 0.24044103920459747, 0.24044103920459747, 0.24044103920459747, 0.0, 0.24044103920459747, 0.24044103920459747, 0.24044103920459747, 0.24044103920459747, 0.24044103920459747, 0.24044103920459747, 0.24044103920459747, 0.0, 0.24044103920459747, 0.24044103920459747, 0.24044103920459747, 0.0, 0.24044103920459747, 0.0, 0.0, 0.0, 0.24044103920459747, 0.0, 0.0, 0.24044103920459747, 0.0, 0.24044103920459747, 0.0, 0.24044103920459747, 0.24044103920459747, 0.0, 0.24044103920459747, 0.24044103920459747, 0.06600452716976309, 0.03531898144171201, 0.08568766716975312, 0.15587064844224807, 0.06391801681192498, 0.10926622577728001, 0.05354111109092517, 0.04565741948209934, 0.08601566005398346, 0.17140108678244484, 0.09494075121465508, 0.09250269777001299, 0.09199508141114714, 0.05947173395498359, 0.04851359701157342, 0.12364474054288395, 0.06621887224349979, 0.06924417355313864, 0.15161723780924735, 0.09450608650806694, 0.08977642583173384, 0.11466744551690296, 0.07058126894661268, 0.031574667904455754, 0.033249396657566294, 0.07379272932360217, 0.06160244136451742, 0.07630456705772491, 0.04087299242896935, 0.03067680426189037, 0.1307575121716008, 0.13662181460155948, 0.09587749303653761, 0.02811047379112188, 0.0490471944189533, 0.14623355458472412, 0.11039960571974985, 0.04078557939944448, 0.17448935902081217, 0.10777081844752943]"
A1OIRJ1W4N8CW,"[9.603656768798828, 9.603656768798828, 7.047061920166016, 7.51957893371582, 9.603656768798828, 0.0, 9.603656768798828, 4.962984085083008, 2.481492042541504, 7.047061920166016, 4.962984085083008, 9.056037902832031, 7.122163772583008, 9.603656768798828, 9.603656768798828, 9.603656768798828, 4.565569877624512, 4.962984085083008, 7.047061920166016, 0.0, 9.603656768798828, 7.047061920166016, 7.047061920166016, 2.0840775966644287, 9.603656768798828, 0.0, 2.481492042541504, 7.047061920166016, 4.962984085083008, 4.962984085083008, 7.51957893371582, 9.67875862121582, 0.0, 0.0, 7.51957893371582, 7.047061920166016, 4.565569877624512, 7.047061920166016, 9.603656768798828, 9.603656768798828, 0.04041362564362198, 0.15127330065078026, 0.04648358070070444, 0.10918529986719122, 0.07286898675086051, 0.16837746194039116, 0.13088636353139044, 0.04106622170016628, 0.0888560831233643, 0.07502428107949008, 0.09887176661429735, 0.13850885357061113, 0.12802011957502227, 0.040445440751999524, 0.07387790338552894, 0.14589991183407333, 0.11316660746106037, 0.1083672240512034, 0.10717617464686985, 0.15032776730056185, 0.11083871055235416, 0.09563724718964996, 0.11472380423882333, 0.07761641911615293, 0.16372790125059053, 0.05163161367032315, 0.058909822306822825, 0.05249907271118955, 0.156142813555512, 0.1597353827431044, 0.09536710392095302, 0.12631601303419102, 0.07398682802494429, 0.08110665212222454, 0.05238767135187708, 0.09946782678389857, 0.13745190490198003, 0.1384037519687539, 0.1426491399763466, 0.02288627004067746]"
A1OMMCNMFY7TYH,"[-0.6828379034996033, -0.29709264636039734, -0.38574522733688354, -0.36428743600845337, -0.29709264636039734, 0.0, -0.6828379034996033, 0.02316550351679325, -0.36428743600845337, -0.6828379034996033, 0.04402930662035942, -0.29709264636039734, -0.32025814056396484, -0.32025814056396484, -0.29709264636039734, -0.6828379034996033, -0.29709264636039734, -0.32025814056396484, -0.29709264636039734, -0.36428743600845337, -0.29709264636039734, -0.34112194180488586, -0.34112194180488586, 0.0, -0.29709264636039734, 0.0, 0.0, -0.34112194180488586, -0.341715931892395, -0.36428743600845337, 0.0, -0.29709264636039734, 0.0, 0.0, -0.32025814056396484, 0.0, -0.29709264636039734, -0.32025814056396484, -0.6828379034996033, -0.29709264636039734, 0.10205451045713497, 0.08976441511746448, 0.07577891099108844, 0.12471639539160106, 0.042214883947775936, 0.018162792322631644, 0.05187136546114329, 0.044653953285728645, 0.02913911001224238, 0.11257932962751498, 0.1487023482747503, 0.0752553459942707, 0.14104372297982484, 0.08062614218163967, 0.11732542577607577, 0.05466728422146616, 0.10733475963866462, 0.13189546490694165, 0.06630437820119461, 0.147479740511738, 0.06955936976638573, 0.10628708844698036, 0.10849349026903714, 0.1441561212139563, 0.13138490466938993, 0.016802886299519284, 0.09863889541391693, 0.07136892563164396, 0.12932243172617386, 0.06394408320562582, 0.039055151800324345, 0.11673181795357003, 0.07062405174734074, 0.0776958897119451, 0.10385389010876142, 0.11598005494393332, 0.07789514946355755, 0.04837468052864705, 0.02652375373987491, 0.10841904186231945]"
A1OZSH4XVMZO5N,"[-0.5153199434280396, -0.6322237849235535, -0.43301573395729065, -0.43301573395729065, -0.08230417966842651, -0.43301573395729065, -1.1821434497833252, -0.43301573395729065, -0.19920805096626282, -1.615159273147583, 0.0, -1.2990472316741943, 0.0, -0.9483357667922974, 0.1169038712978363, -1.2990472316741943, 0.3507115840911865, 0.3507115840911865, -0.6322237849235535, 0.1169038712978363, 0.3507115840911865, -0.31611189246177673, -0.6322237849235535, 0.0, -0.5153199434280396, 0.0, 0.0, 0.3507115840911865, 0.0, 0.0, 0.1169038712978363, -0.5153199434280396, 0.0, 0.0, -0.43301573395729065, 0.0, -1.2990472316741943, 0.0, -0.5153199434280396, -0.43301573395729065, 0.06236456826960871, 0.15981719307387465, 0.04340701153963173, 0.14618980247895713, 0.08149013024197398, 0.13670630225100233, 0.08498294685086141, 0.10285880643408143, 0.12212031401565747, 0.14276306939222083, 0.09165333691385959, 0.0726765055136644, 0.07074107386599411, 0.10769536181882138, 0.14048996213284182, 0.10588741040165599, 0.10748752462000113, 0.09440199590880824, 0.08181195321208433, 0.07491792772447767, 0.16146049015461064, 0.09033257935061959, 0.06896462161446004, 0.14171212567723604, 0.022640203672766188, 0.03110420548615618, 0.09113763242676531, 0.07207856243530925, 0.04816740134241423, 0.16168394009852494, 0.11282920282398105, 0.13433016994308578, 0.03617493780160952, 0.16989411980163568, 0.11594627041551889, 0.05211291147997855, 0.11823964385139771, 0.06071359938320636, 0.1473693827231952, 0.04704920152872479]"
A1P5CYOPKV31LU,"[16.907121658325195, 12.771310806274414, 7.936081409454346, 3.8002707958221436, 7.936081409454346, 0.0, 7.600541591644287, 0.0, 0.0, 7.936081409454346, 0.0, 7.600541591644287, 7.936081409454346, 7.936081409454346, 7.600541591644287, 12.071891784667969, 7.600541591644287, 7.600541591644287, 12.071891784667969, 0.0, 7.936081409454346, 4.135810852050781, 7.936081409454346, 4.135810852050781, 7.600541591644287, 0.0, 0.0, 12.071891784667969, 3.8002707958221436, 0.0, 3.8002707958221436, 12.771310806274414, 3.8002707958221436, 0.0, 3.8002707958221436, 12.071891784667969, 7.936081409454346, 7.936081409454346, 11.736352920532227, 7.936081409454346, 0.16028392128463134, 0.08968307591011321, 0.07411581274752191, 0.16117917934826057, 0.038618534951741466, 0.1253212443806935, 0.13300915245039738, 0.03521897562806872, 0.11147279434494922, 0.13584033455562536, 0.10220155733262141, 0.05697491526482719, 0.1816078016755134, 0.07969271452169627, 0.05805376220578022, 0.1310970693018138, 0.0730369448766686, 0.061344621311072524, 0.17409784408921167, 0.041155452748580644, 0.08437654186486573, 0.04578005569952901, 0.09128060119095446, 0.1795320181362442, 0.054709192674946394, 0.09837061192619023, 0.04815606764788727, 0.16487201672321236, 0.0528204392011534, 0.05237011644859128, 0.136453315084618, 0.04040311308030463, 0.047353622256995936, 0.10772977416161117, 0.14658204929120716, 0.05605685466030112, 0.18623471464091618, 0.17401968072073676, 0.15047603776708388, 0.09747543168057564]"
A1PC83477QHU77,"[-2.1857006549835205, -2.1857006549835205, 0.0, -1.0928503274917603, -2.1857006549835205, 0.0, -2.1857006549835205, -1.0928503274917603, -1.0928503274917603, -2.1857006549835205, 0.0, -2.1857006549835205, -1.0928503274917603, -1.0928503274917603, -2.1857006549835205, -2.1857006549835205, -2.1857006549835205, -1.0928503274917603, -2.1857006549835205, -1.0928503274917603, -2.1857006549835205, -2.1857006549835205, -2.1857006549835205, 0.0, -2.1857006549835205, 0.0, 0.0, -2.1857006549835205, 0.0, -1.0928503274917603, 0.0, -2.1857006549835205, 0.0, 0.0, -1.0928503274917603, 0.0, -2.1857006549835205, -1.0928503274917603, -2.1857006549835205, -2.1857006549835205, 0.17738825298838667, 0.0983740901622544, 0.11047196018413681, 0.07453362973180469, 0.1803901962935445, 0.16733389467101584, 0.10771995497931519, 0.11494978940809018, 0.14421448010435947, 0.16337774602577887, 0.11932778350526047, 0.13341427695553892, 0.11612894448268209, 0.06833907200204119, 0.06432859953841655, 0.05332415989289067, 0.11881223899463975, 0.05324290023275063, 0.15510691242634886, 0.15586280161817803, 0.08914845586701378, 0.09447850272090327, 0.16530376645471964, 0.0750709081106069, 0.056746913340979366, 0.16545219261917984, 0.08702771109862446, 0.14684082304708235, 0.11472463201157042, 0.06569976216768623, 0.06741828755074084, 0.07309876619379022, 0.04833454580621719, 0.1805440509962164, 0.13067547676062685, 0.1487003196564888, 0.1157531604263774, 0.11092467122220503, 0.12930272146259406, 0.048646454991229916]"
A1PI9G3J7CJRDR,"[3.7399919033050537, 4.313610553741455, 1.297491192817688, 0.9188242554664612, 3.6848502159118652, 0.16673719882965088, 3.4972987174987793, 1.6261889934539795, 0.0, 4.313610553741455, 0.0, 3.4972987174987793, 3.509054660797119, 3.5732548236846924, 3.4972987174987793, 3.509054660797119, 1.967013955116272, 1.8046573400497437, 3.7399919033050537, 0.0, 3.7399919033050537, 1.7685973644256592, 2.133751153945923, 1.7685973644256592, 2.8741068840026855, 0.0, 0.0, 3.7599401473999023, 1.1366938352584839, 0.0, 1.9071944952011108, 2.7569427490234375, 0.19841653108596802, 0.0, 0.19841653108596802, 1.2149021625518799, 3.509054660797119, 1.9552578926086426, 4.480348110198975, 1.1949540376663208, 0.02187624117408802, 0.12559428373026804, 0.10878141786819931, 0.055317628158317984, 0.01850539621084884, 0.15997979706645743, 0.09115837160628691, 0.06331828522035554, 0.13988116312224808, 0.030508743113811146, 0.026642640810284203, 0.07174881990998623, 0.13068117360115877, 0.0666742529427989, 0.0633112842505322, 0.1612303409945937, 0.017564769378286865, 0.12637291152378002, 0.15009734956804963, 0.1547904078225716, 0.0432485532988408, 0.056801338205867156, 0.061683623626777616, 0.07957894726636838, 0.08522775009471131, 0.09690153354316548, 0.07375336982737567, 0.13200687775713826, 0.04545446535113035, 0.10239656912328879, 0.05793192769370616, 0.07625616893033368, 0.08458952864360787, 0.13225147487470817, 0.06010955403416252, 0.15435287685819685, 0.07718267262122638, 0.13542952034268488, 0.032254537209811834, 0.15038418121691796]"
A1PWYEL1R4LMAQ,"[0.0, 0.0, 0.0, 0.0, 0.0, 0.0, 0.0, 0.0, 0.0, 0.0, 0.0, 0.0, 0.0, 0.0, 0.0, 0.0, 0.0, 0.0, 0.0, 0.0, 0.0, 0.0, 0.0, 0.0, 0.0, 0.0, 0.0, 0.0, 0.0, 0.0, 0.0, 0.0, 0.0, 0.0, 0.0, 0.0, 0.0, 0.0, 0.0, 0.0, 0.09462833107348075, 0.1413455330490049, 0.12948224375907716, 0.12766823834482435, 0.13786578824611795, 0.10424745032705811, 0.10346646227631565, 0.13944067358539472, 0.04243989035254019, 0.15633876122284385, 0.08387637635622018, 0.15408829824522696, 0.1725454635576544, 0.10915879875509574, 0.14426590522413915, 0.07053089089058784, 0.17117024398553887, 0.09052039942899653, 0.12301988745794598, 0.10132780267066942, 0.14766766527026107, 0.16434860033179313, 0.13858991775061744, 0.03411200225961323, 0.14845713126373658, 0.1518699624096504, 0.08811429905972035, 0.05425708368168584, 0.09933218182856172, 0.1488525934342069, 0.12814919143306355, 0.053647442798196984, 0.1135320445843512, 0.0765294350992841, 0.13014763347120895, 0.03365754846645108, 0.129362557083735, 0.07379490684750704, 0.15960389591546814, 0.06323012343404036]"
A1QBOC76MIOJYP,"[22.534826278686523, 22.534826278686523, 22.534826278686523, 22.534826278686523, 22.534826278686523, 17.278732299804688, 22.534826278686523, 21.246641159057617, 20.101900100708008, 22.534826278686523, 13.097633361816406, 22.534826278686523, 22.534826278686523, 22.534826278686523, 22.534826278686523, 22.534826278686523, 22.534826278686523, 22.534826278686523, 22.534826278686523, 13.097633361816406, 22.534826278686523, 22.534826278686523, 22.534826278686523, 4.170183181762695, 22.534826278686523, 7.228073596954346, 13.923954010009766, 22.534826278686523, 22.534826278686523, 22.534826278686523, 22.534826278686523, 22.534826278686523, 11.992437362670898, 0.0, 22.534826278686523, 22.534826278686523, 22.534826278686523, 22.534826278686523, 22.534826278686523, 22.534826278686523, 0.1622464687445247, 0.12873855375234997, 0.04977603749855864, 0.04299339466030199, 0.10269388207119681, 0.1502657080081967, 0.09286123945354596, 0.15899579788674278, 0.03916239689214794, 0.14474448143852717, 0.08666583164003239, 0.13954284452123483, 0.03517915499985721, 0.022304529892408848, 0.02406063717656738, 0.08084179942176939, 0.03648720731227255, 0.04578884961110272, 0.033517902938158095, 0.13356783890229118, 0.14618138962485877, 0.029928450823168518, 0.07136916128201616, 0.028006811234007382, 0.09823766142273292, 0.11098580913125494, 0.05458659332885317, 0.048017540411719004, 0.1298293722133915, 0.056782438370066676, 0.023537120025469895, 0.013477814864459401, 0.013230059968359272, 0.06277136526892077, 0.11746241569033335, 0.10622537404404257, 0.10485103219227122, 0.15047543121033047, 0.07113068421305009, 0.13497348676818505]"
A1QMMNAIOIP0YO,"[3.200075149536133, 0.3023967742919922, 0.6797059774398804, 2.137899875640869, 2.289172649383545, -0.2448945939540863, 2.289172649383545, 0.0, 0.5472913980484009, 0.3023967742919922, 0.0, 2.9551806449890137, 2.137899875640869, 2.2203850746154785, 3.3400630950927734, 2.2203850746154785, 0.3711840510368347, 3.1312875747680664, 3.200075149536133, 0.5472913980484009, 1.9754908084869385, 0.5472913980484009, 1.9754908084869385, 0.0, 1.3645719289779663, 0.0, 0.9933879375457764, 1.2269973754882812, 1.7418811321258545, 2.137899875640869, 0.6797059774398804, 1.2957847118377686, 0.9246006011962891, 0.0, 2.3827946186065674, 1.6593958139419556, 0.5472913980484009, 0.3023967742919922, 2.2203850746154785, 2.2203850746154785, 0.10393614566461351, 0.14520876072494418, 0.1184236827511674, 0.14049347611670132, 0.10131811957018769, 0.1524747658640745, 0.1025759231387452, 0.1007867647059303, 0.12952381638697205, 0.06094596773823895, 0.06175616271432001, 0.07122365898915389, 0.13002771570004715, 0.14863841687634072, 0.08719448229647832, 0.05804193830743491, 0.10646839730297929, 0.14681940387369963, 0.029396009256783474, 0.1478855569844969, 0.13752221626267025, 0.026921090877032323, 0.05204207302823203, 0.07742631529544068, 0.1661253472774678, 0.04524270780700564, 0.13015704576412704, 0.13948848244384773, 0.04225386478541262, 0.11922114929782762, 0.09788710056554878, 0.03135891844565597, 0.04098888380283928, 0.07058046221499752, 0.1602341657338378, 0.11031288635832187, 0.1476315363998059, 0.0360918383925257, 0.08604598536991369, 0.0820271544497993]"
A1QQHWTPZYIXM3,"[1.9242745637893677, 1.1452094316482544, 1.1452094316482544, 0.6910063624382019, 1.1452094316482544, 0.0, 1.233268141746521, 0.5422617793083191, 0.0, 0.6910063624382019, 0.6910063624382019, 0.6910063624382019, 0.6910063624382019, 1.3820127248764038, 1.233268141746521, 1.233268141746521, 0.6910063624382019, 1.233268141746521, 0.6910063624382019, 0.0, 0.6910063624382019, 0.0, 1.3820127248764038, 0.0, 1.233268141746521, 0.0, 0.0, 0.6910063624382019, 0.6910063624382019, 0.6910063624382019, 1.1452094316482544, 1.9242745637893677, 0.0, 0.0, 1.1452094316482544, 0.6910063624382019, 0.0, 0.6910063624382019, 2.012333393096924, 1.233268141746521, 0.06584169483647866, 0.1315684891601638, 0.1358844882549923, 0.06475412277981252, 0.15193981948860336, 0.1260092203820847, 0.07673599568516724, 0.0881073971330633, 0.08726914330013762, 0.04900850865734746, 0.1255290785035119, 0.04575957490080879, 0.11110193606511921, 0.17532810691594905, 0.13762525513834029, 0.13594138994741695, 0.12094808059876878, 0.11492384867202671, 0.05709560232389292, 0.06742284136961105, 0.03074250995257702, 0.12419159056330112, 0.1242147377037161, 0.12379475590359118, 0.1730957544933915, 0.06162699276121356, 0.0324880701162565, 0.13625442144755034, 0.08090700735125439, 0.09882865583712196, 0.13237045893863733, 0.027230373542880132, 0.12323473954123725, 0.02733749912888151, 0.15207623855464225, 0.17126229608886426, 0.037833628153244855, 0.13114873454953518, 0.11994013982505894, 0.1641510232330138]"
A1QVOO32ZSI252,"[24.74949073791504, 24.74949073791504, 24.74949073791504, 24.74949073791504, 24.74949073791504, 0.0, 24.74949073791504, 1.824408769607544, 11.358284950256348, 23.909866333007812, 2.4555208683013916, 24.74949073791504, 24.74949073791504, 24.74949073791504, 24.74949073791504, 24.74949073791504, 24.74949073791504, 24.74949073791504, 24.74949073791504, 12.90160083770752, 24.74949073791504, 23.909866333007812, 24.74949073791504, 10.096059799194336, 24.74949073791504, 0.6311119794845581, 1.824408769607544, 24.74949073791504, 20.28554916381836, 13.182692527770996, 22.347614288330078, 23.909866333007812, 0.0, 0.0, 24.74949073791504, 12.551582336425781, 24.74949073791504, 23.909866333007812, 24.74949073791504, 24.74949073791504, 0.04820923717077003, 0.1719779496398101, 0.10560040568243734, 0.12999478921423469, 0.03807759823353237, 0.059183117216521954, 0.16624500730304523, 0.059359300435205854, 0.08843598447240782, 0.17973307708461597, 0.071383622838111, 0.07534393490692629, 0.03486864200538087, 0.07650846912249087, 0.15258363621970053, 0.06752545428961784, 0.12388747675794289, 0.09590476338791395, 0.06575426726473171, 0.11444767818309291, 0.1553168365086505, 0.14831993371732746, 0.13376257711281234, 0.13683072710316482, 0.05933097515785226, 0.05988169320373965, 0.03758092296498785, 0.0882570699274124, 0.04456669260297123, 0.13934001759668596, 0.17820944342696787, 0.13872268942098856, 0.16674898087535842, 0.13310267949968457, 0.043008409836719504, 0.1414436325099533, 0.14614251515712043, 0.10722253756550412, 0.07284942139744477, 0.09008125434963624]"
A1QZ7QH2NEMECC,"[0.4359848201274872, 0.4359848201274872, 0.4359848201274872, 0.4359848201274872, 0.4359848201274872, 0.4359848201274872, 0.4359848201274872, 0.0, 0.4359848201274872, 0.748222827911377, 0.4359848201274872, 0.4359848201274872, 0.748222827911377, 0.4359848201274872, 0.4359848201274872, 0.4359848201274872, 0.748222827911377, 0.4359848201274872, 0.4359848201274872, 0.748222827911377, 0.4359848201274872, 0.4359848201274872, 0.748222827911377, 0.0, 0.748222827911377, 0.0, 0.4359848201274872, 0.4359848201274872, 0.748222827911377, 0.0, 0.4359848201274872, 0.4359848201274872, 0.0, 0.0, 0.4359848201274872, 0.4359848201274872, 0.4359848201274872, 0.4359848201274872, 0.748222827911377, 0.748222827911377, 0.05984111229155968, 0.027881877188203265, 0.058029121197914056, 0.08133270625552276, 0.13970520759297347, 0.08344264401484107, 0.04781146732177316, 0.1104680990539511, 0.1454113083484953, 0.044060079648516555, 0.1501526726587199, 0.0644941579410911, 0.1487343471554561, 0.02546379986396985, 0.11735071161439639, 0.07544475474808737, 0.050407132622756805, 0.041067927520649104, 0.017308770545255273, 0.0225548658241722, 0.06834323689976027, 0.04927181072670569, 0.09282629778398821, 0.09280723056799524, 0.15547103463931397, 0.12741949099664304, 0.10727470510119343, 0.13095829601958828, 0.04278898720780268, 0.09091274250084556, 0.059051818799466034, 0.05181341612555899, 0.09004946403660644, 0.13856573084488377, 0.12458456473016256, 0.11932420764551761, 0.11718519453651453, 0.06922336460858264, 0.10912935900529817, 0.14284366266501689]"
A1R1BFJCMWX0Y3,"[6.683001518249512, 7.2457804679870605, 4.810284614562988, 7.381041049957275, 7.284363746643066, 1.6918610334396362, 6.739313125610352, 4.931944370269775, 3.337108612060547, 3.188549757003784, 1.5106439590454102, 3.1080806255340576, 6.625912666320801, 7.016852855682373, 6.52464485168457, 6.595824241638184, 3.619807720184326, 4.526408672332764, 7.106710910797119, 1.909681797027588, 6.976367473602295, 3.0088324546813965, 6.608116149902344, 0.2595227360725403, 4.127925872802734, 1.1446499824523926, 1.8798630237579346, 6.318721294403076, 5.529541015625, 4.75604772567749, 6.626488208770752, 5.9275665283203125, 1.768333077430725, 0.23786376416683197, 7.181307315826416, 4.7562642097473145, 1.6014922857284546, 1.400139331817627, 6.784741401672363, 5.329062461853027, 0.08487136365228626, 0.026938765925460892, 0.14229818229598915, 0.025832810904381748, 0.10563868909828855, 0.13307224750333496, 0.009642677864190529, 0.13841268417221092, 0.030354061136286904, 0.05343019636385513, 0.07613372223037221, 0.09078179639669014, 0.1353712661177041, 0.04431548918191925, 0.1026268933716659, 0.1238427470934707, 0.03882917280367462, 0.14801860846492124, 0.015363303439298462, 0.052584966233954325, 0.052119382369937385, 0.047311228706923496, 0.13921183361911227, 0.11784508957906752, 0.046489801536429676, 0.08736183324318676, 0.08211221329322405, 0.06524030141405812, 0.06236363137906201, 0.06548106910789167, 0.05528211361886119, 0.033031907072966035, 0.09486530376673423, 0.035350079070381984, 0.15096643433435342, 0.06007226289263729, 0.06220683981379354, 0.12264474038405469, 0.11079902744501097, 0.11458477742784062]"
A1R1RN9N2EUPRZ,"[0.0, 0.0, 0.0, 0.0, 4.60893440246582, 0.0, 4.60893440246582, 0.0, 0.0, 4.60893440246582, 0.0, 4.60893440246582, 0.0, 0.0, 0.0, 0.0, 4.60893440246582, 0.0, 0.0, 0.0, 0.0, 0.0, 0.0, 0.0, 0.0, 0.0, 0.0, 0.0, 0.0, 0.0, 0.0, 4.60893440246582, 0.0, 0.0, 0.0, 0.0, 0.0, 0.0, 0.0, 0.0, 0.11040109024070953, 0.0364446687626516, 0.05190293806526311, 0.14407598475538813, 0.03318068045664938, 0.1664804218571627, 0.12509153967340045, 0.0918086192714169, 0.0763995890043939, 0.1424618372430758, 0.03404878207132757, 0.1601297964180837, 0.06753037786217, 0.06853966932571978, 0.14401796401347802, 0.03835682435245398, 0.036044720990611505, 0.11653142402964567, 0.1560505927310986, 0.07468068987389341, 0.11804739491293131, 0.045038023914967584, 0.04690542239084977, 0.10554629310547098, 0.05514212036527433, 0.1702396955292746, 0.05311743949706543, 0.07129680523559091, 0.11512503793363617, 0.08942372166549727, 0.16541806716555071, 0.04396036297587605, 0.1079373429716279, 0.023888424676110225, 0.05253505033947794, 0.14159900592744473, 0.049251365160861836, 0.045717586223488024, 0.062228163937320335, 0.048791483449441314]"
A1R2A7QAO05UN9,"[5.771906852722168, 4.15383243560791, 4.513060569763184, 1.4864108562469482, 5.378401279449463, 0.0, 11.193246841430664, 0.009775761514902115, 1.5729076862335205, 4.144056797027588, 0.0, 5.378401279449463, 9.757818222045898, 9.514104843139648, 5.158261299133301, 16.911571502685547, 4.144056797027588, 1.4864108562469482, 5.622115135192871, 1.1090539693832397, 5.622115135192871, 5.464897632598877, 5.622115135192871, 4.135704040527344, 4.607910633087158, 0.0, 1.0142042636871338, 5.842254638671875, 4.513060569763184, 5.622115135192871, 0.27365946769714355, 7.521396160125732, 1.0142042636871338, 0.0, 1.4864108562469482, 8.920196533203125, 5.034393310546875, 4.607910633087158, 6.202411651611328, 15.432648658752441, 0.15566982265373094, 0.163048750531586, 0.09064208340680556, 0.10690905616502255, 0.17134973173981968, 0.05048604606465839, 0.12472820792586575, 0.13179774542662337, 0.07524509182678775, 0.07901915511744506, 0.1155514961238755, 0.15092989141749438, 0.03754634276518114, 0.12461450186568594, 0.04808689898328919, 0.14376894462715253, 0.12890126531458274, 0.0367327090838977, 0.09439987384368259, 0.09165790702902217, 0.07219393933142294, 0.09950257099018853, 0.045600236328085325, 0.04485806387599827, 0.05483182064798654, 0.10347740941568856, 0.14374911691956213, 0.15787404144313696, 0.1349514378782246, 0.06499791557791157, 0.05351422987150725, 0.07374081806868168, 0.17245964034254932, 0.07312704042062282, 0.12182172646522806, 0.12007545777439749, 0.13081536934330723, 0.04446091688102991, 0.1644296440794904, 0.13568948337563957]"
A1R7TTGL0FLO3R,"[3.6363184452056885, 1.8181592226028442, 1.8181592226028442, 1.8181592226028442, 1.8181592226028442, 0.0, 1.8181592226028442, 3.6363184452056885, 0.0, 3.6363184452056885, 1.8181592226028442, 1.8181592226028442, 1.8181592226028442, 1.8181592226028442, 3.6363184452056885, 1.8181592226028442, 1.8181592226028442, 1.8181592226028442, 1.8181592226028442, 1.8181592226028442, 1.8181592226028442, 3.6363184452056885, 1.8181592226028442, 0.0, 1.8181592226028442, 0.0, 1.8181592226028442, 1.8181592226028442, 1.8181592226028442, 1.8181592226028442, 1.8181592226028442, 1.8181592226028442, 0.0, 0.0, 1.8181592226028442, 1.8181592226028442, 1.8181592226028442, 1.8181592226028442, 3.6363184452056885, 1.8181592226028442, 0.09346147774810613, 0.04413234948889608, 0.04396617862788766, 0.08879320303492061, 0.1485976179672181, 0.05480867158240534, 0.17038338107384093, 0.12096208786311012, 0.09599974911644257, 0.09123735242864066, 0.1532465184748091, 0.13266001850340756, 0.08769584558375225, 0.15093761214643237, 0.12079835619429982, 0.17209498427453152, 0.16552383888825825, 0.0661903379942868, 0.12177591317392181, 0.1370137202277339, 0.11873681684493502, 0.13659043086095418, 0.05402917401232225, 0.07232332853257636, 0.07752141529167635, 0.15564296610999107, 0.09763660954154856, 0.12189449254927462, 0.12502950828364845, 0.03785163591989326, 0.12354067002761157, 0.051204360671301706, 0.04822702351819962, 0.07759657782217753, 0.12050972909090395, 0.060009132170815264, 0.14722307974069762, 0.11364722513787642, 0.09068047010378326, 0.04410432284441337]"
A1RM3LETB09B5E,"[9.57100772857666, 3.2915282249450684, 1.6017347574234009, 3.2034695148468018, 6.03000545501709, 1.6017347574234009, 9.57100772857666, 0.0, 3.2034695148468018, 3.2915282249450684, 1.689793348312378, 3.2915282249450684, 3.2915282249450684, 6.03000545501709, 3.2915282249450684, 6.03000545501709, 3.2915282249450684, 6.03000545501709, 6.03000545501709, 3.2034695148468018, 6.03000545501709, 5.941946506500244, 7.367663383483887, 0.0, 3.2915282249450684, 0.0, 1.6017347574234009, 5.941946506500244, 4.42827033996582, 1.6017347574234009, 1.6017347574234009, 3.2915282249450684, 0.0, 0.0, 3.2915282249450684, 1.6017347574234009, 3.2915282249450684, 3.2915282249450684, 6.03000545501709, 6.03000545501709, 0.041992035768304216, 0.11448159595830479, 0.1015144976933254, 0.15138218745449308, 0.14751708347512463, 0.047832531078134205, 0.04075528914247162, 0.16951473748733614, 0.04905224773937644, 0.08959673775430145, 0.1578449322378881, 0.06341259478643782, 0.027697478518539872, 0.05396351420735203, 0.11027654673161154, 0.09855512481791624, 0.15500773180193203, 0.13778868956657953, 0.11548875297174506, 0.053532298297601234, 0.16545501553727568, 0.06857926888128289, 0.14561489773555206, 0.03243534830083184, 0.07133352199265891, 0.126662244561338, 0.09351340848338136, 0.08505010191390322, 0.15101019611630837, 0.13695934069849688, 0.1658380959172637, 0.14540962919882036, 0.16527335081788525, 0.16494740254138468, 0.12415337684623182, 0.15838446898854663, 0.16827300149078278, 0.07827341866070478, 0.11389056768783302, 0.02351830760963373]"
A1RO0GOES15LER,"[0.0, 0.0, 0.0, 0.0, 0.0, 0.0, 0.0, 0.0, 0.0, 0.0, 0.0, 0.0, 0.0, 0.0, 0.0, 0.0, 0.0, 0.0, 0.0, 0.0, 0.0, 0.0, 0.0, 0.0, 0.0, 0.0, 0.0, 0.0, 0.0, 0.0, 0.0, 0.0, 0.0, 0.0, 0.0, 0.0, 0.0, 0.0, 0.0, 0.0, 0.04995498625558849, 0.10961983302296127, 0.04924745265199841, 0.1547859513032723, 0.09378637267611756, 0.035556556657581784, 0.1044028431208662, 0.16821123656309, 0.10682043286554932, 0.13745391914441907, 0.03294977691372664, 0.10307023309542634, 0.051797132450362014, 0.12069451120427914, 0.09404493803737311, 0.031136860862974087, 0.16245247516899228, 0.11740416328583865, 0.07498418278151588, 0.15143884370397534, 0.13056416640794438, 0.11967709888029741, 0.09040912422561756, 0.0653717824728313, 0.06516630787150583, 0.14954719343777434, 0.06056108571605902, 0.1662528788869165, 0.029294801441446482, 0.07379202072211612, 0.12404988735664484, 0.11634438411964505, 0.07187228612242261, 0.04716064810975796, 0.02715937771449886, 0.14150211369579335, 0.1708631675212768, 0.10981631088963019, 0.16835692329058624, 0.1408662389872301]"
A1RO0OV2CHJLUG,"[8.306503295898438, 8.306503295898438, 7.083780288696289, 5.825009822845459, 8.306503295898438, 4.602287292480469, 8.306503295898438, 0.0, 0.0, 7.083780288696289, 0.0, 8.306503295898438, 8.306503295898438, 8.306503295898438, 8.306503295898438, 8.306503295898438, 9.52922534942627, 5.825009822845459, 5.765239715576172, 0.0, 9.52922534942627, 2.4814929962158203, 6.98796272277832, 2.4814929962158203, 8.306503295898438, 0.0, 0.0, 8.306503295898438, 4.602287292480469, 4.602287292480469, 7.047732353210449, 7.083780288696289, 0.0, 0.0, 0.0, 2.4814929962158203, 2.4814929962158203, 7.083780288696289, 9.52922534942627, 8.306503295898438, 0.04357825148770233, 0.10329006612994855, 0.06985465600576024, 0.09352386394352644, 0.16974585277696935, 0.15414823267882877, 0.09381048911735998, 0.08433791308695371, 0.04749736117410987, 0.14542222306418331, 0.04281666986262114, 0.16259595923901404, 0.09841845004040871, 0.10127227479753823, 0.16633000715468677, 0.1546803694623922, 0.12488568712854331, 0.1572984967110761, 0.04847507468225404, 0.09974134520103234, 0.09881076942592257, 0.043480081495074305, 0.06543172876834688, 0.0349741648802621, 0.06897829823099355, 0.06304608433249043, 0.156330810498983, 0.02632539433352036, 0.1599317311903762, 0.08044722793313087, 0.14291587317620102, 0.16163207380073932, 0.08209789611692439, 0.06403028563506291, 0.07750174646705547, 0.06293400046951882, 0.1588414262847074, 0.08908562777883192, 0.1631029853735568, 0.05262280473409185]"
A1RV9UBHXPXT3W,"[13.645675659179688, 12.073641777038574, 9.802606582641602, 7.052459716796875, 11.27592658996582, 1.098294973373413, 11.709373474121094, 2.562669515609741, 2.4088375568389893, 8.006109237670898, 0.6985253095626831, 6.594419479370117, 6.021960258483887, 9.160309791564941, 4.922333717346191, 12.165611267089844, 7.610799312591553, 1.5535469055175781, 10.528024673461914, 0.0, 9.903250694274902, 5.0006513595581055, 11.947790145874023, 2.4411182403564453, 8.155981063842773, -0.22132061421871185, 0.3993045687675476, 10.149369239807129, 3.1801581382751465, 4.081419467926025, 5.389091968536377, 12.267839431762695, 0.3993045687675476, 0.0, 5.322483062744141, 7.93660831451416, 6.543607711791992, 5.914577484130859, 12.655710220336914, 10.094690322875977, 0.11073697557283492, 0.15778663445635283, 0.1123704007386782, 0.10944104703632539, 0.16071419108875593, 0.11089706351898136, 0.12267867916552472, 0.16125555184637, 0.114491296163242, 0.05621899224192258, 0.08050296784063436, 0.08370367986676432, 0.10227951648619182, 0.12836639908137343, 0.0852430363849146, 0.0977028292758741, 0.13465122989279632, 0.07361287307713439, 0.0644045876106532, 0.04493547815819134, 0.024713068066393014, 0.15128150514564367, 0.11626321114008702, 0.15502763692947166, 0.07944244491072164, 0.07772031917641747, 0.05884056392746605, 0.07714425131425845, 0.1284256442016548, 0.11535883829431655, 0.09760869623112725, 0.09274344314499725, 0.017460126291750082, 0.07262523410466969, 0.045322651879921745, 0.14628301773028102, 0.10264859570810449, 0.08720027988293151, 0.13887185970401292, 0.12063324451265522]"
A1S44RIBM0ZD9U,"[13.387279510498047, 9.368731498718262, 7.651438236236572, 11.437156677246094, 14.51491928100586, 4.875368595123291, 24.74932098388672, 0.22014521062374115, -0.14762969315052032, 14.546598434448242, 0.0, 11.634099960327148, 5.795795917510986, 13.043634414672852, 14.546598434448242, 17.202756881713867, 17.198551177978516, 0.0, 4.630536079406738, 0.0, 14.91288948059082, 7.130527496337891, 11.927562713623047, 7.058011054992676, 8.02645206451416, -0.14762969315052032, 4.135797023773193, 10.674074172973633, 2.0463976860046387, 4.545212745666504, 11.332961082458496, 17.741735458374023, 0.0, 0.0, 2.0463976860046387, 21.701812744140625, 7.117780685424805, 7.058011054992676, 21.597618103027344, 13.108601570129395, 0.04150066859191247, 0.08764419352949122, 0.06957874582217288, 0.12257518836655586, 0.11154748530856494, 0.07544921966087614, 0.06593910286452194, 0.08783852736695939, 0.18030828644438435, 0.08512515559234601, 0.1600732387567303, 0.15006408590117584, 0.09655058596320025, 0.1080745142573413, 0.13925521352909867, 0.13748195152260326, 0.18063139636174855, 0.12612211456885633, 0.053558545494937715, 0.03450616116251487, 0.08002321431573416, 0.05540786614232772, 0.04002032489998305, 0.04203999715201769, 0.047304548926434785, 0.12067555382900345, 0.11819891384194212, 0.08469168896117196, 0.16888991575250176, 0.07179823073062104, 0.06552794805417289, 0.11296974598095189, 0.05564271625414845, 0.07984790307773831, 0.16191573460543088, 0.08675713585125992, 0.1759440013931079, 0.08338583642068964, 0.14386281880062754, 0.14695472812390648]"
A1S7I4K5PNOUDD,"[0.0, 0.0, -0.07325659692287445, 0.0, 0.0, -0.07325659692287445, 0.0, 0.0, 0.0, 0.0, 0.0, 0.0, 0.0, 0.0, 0.0, 0.0, 0.0, 0.0, 0.0, 0.0, 0.0, 0.0, 0.0, 0.0, 0.0, 0.0, 0.0, 0.0, 0.0, 0.0, 0.0, 0.0, 0.0, 0.0, 0.0, 0.0, 0.0, 0.0, 0.0, 0.0, 0.16119835510389968, 0.06866473453963592, 0.020736173574917336, 0.11007714901205189, 0.03031705409317269, 0.050384439556439835, 0.06681935054356897, 0.11708856172589914, 0.09608062576905392, 0.13459250990640026, 0.08550505460865054, 0.1117078760069605, 0.01951791975716401, 0.024916988852979344, 0.16208574275619464, 0.07790045086951874, 0.029566797471501493, 0.15258192096930692, 0.06584942525887438, 0.0260264349572327, 0.020085143710795245, 0.1565116114652165, 0.11011331109038039, 0.08539680224951705, 0.03807235895909775, 0.15868893894271097, 0.14072971196481354, 0.14512358920158577, 0.07206905858364594, 0.11653679777368327, 0.035899243793050636, 0.10054596552978094, 0.11345949300730743, 0.11773721298022297, 0.1372025867636807, 0.024844607387672066, 0.1390775191258855, 0.06676085167021588, 0.15014136496465263, 0.12458577510224858]"
A1SC0VA3U18WUP,"[4.40523099899292, 0.16802410781383514, 5.114006519317627, 3.4679198265075684, 3.292173385620117, 0.0, 6.0513176918029785, 2.1501591205596924, 1.6460866928100586, 3.9327139854431152, 0.4725167155265808, 2.118603467941284, 2.4546515941619873, 3.4679198265075684, 1.6460866928100586, 2.2866275310516357, 2.118603467941284, 0.4725167155265808, 5.45005464553833, 0.0, 2.4546515941619873, 0.0, 3.292173385620117, 0.0, 2.118603467941284, 0.0, 0.0, 1.6460866928100586, 1.8141108751296997, 0.0, 2.7591443061828613, 9.085997581481934, 0.0, 0.0, 4.809513568878174, 4.473465442657471, 0.0, 1.1812918186187744, 2.7591443061828613, 2.118603467941284, 0.09777875548948486, 0.08979107408034215, 0.048835931272067534, 0.146625327996483, 0.045443119695421044, 0.13182542945532566, 0.1727537474496841, 0.100581599363884, 0.08023329212381873, 0.06181570387244111, 0.14885479176383357, 0.16008706770479414, 0.043528433191931386, 0.04525189088154048, 0.08409118407704129, 0.12295881236137504, 0.09174405437689916, 0.17078472713568457, 0.1442999669931885, 0.10078182541041647, 0.09215644340677309, 0.0826990299641704, 0.10353743968997671, 0.11921882625776252, 0.052611891391063745, 0.12571740039406173, 0.12930470575627578, 0.09215930208969783, 0.08841156061575486, 0.16057199332864433, 0.1117573468893894, 0.1005529365619688, 0.08910847763027485, 0.1419707431787324, 0.10685964469464479, 0.1785232823800795, 0.15961079874341, 0.16860608767946114, 0.08495416136584584, 0.16320464770184104]"
A1SJFQ8VSKZWHF,"[1.9797579050064087, 2.5548856258392334, 1.233413577079773, 1.9797579050064087, 1.4486595392227173, 0.0, 1.4486595392227173, 0.16032694280147552, 0.7463443875312805, 1.4486595392227173, 0.16032694280147552, 1.2883325815200806, 1.3937405347824097, 1.4486595392227173, 0.8626420497894287, 1.4486595392227173, 0.8626420497894287, 0.8626420497894287, 1.9797579050064087, 0.5860174298286438, 1.9797579050064087, 0.7463443875312805, 1.9797579050064087, 0.0, 1.9797579050064087, 0.0, 0.0, 1.2883325815200806, 0.2766245901584625, 0.5860174298286438, 0.6473960876464844, 1.4486595392227173, 0.1162976622581482, 0.16032694280147552, 2.394558906555176, 1.3937405347824097, 1.4486595392227173, 1.2883325815200806, 1.4486595392227173, 1.9797579050064087, 0.139036627404312, 0.039844987248216474, 0.10016819307619809, 0.0850429310114532, 0.15887453352786676, 0.045298379078035654, 0.04560023966528402, 0.020117603843821823, 0.03702665960764615, 0.015140931757859608, 0.07748971763362442, 0.06656342936670369, 0.11213482759398187, 0.14704666650945644, 0.09041006497771804, 0.15235837971759528, 0.13894379071769214, 0.1496907075237369, 0.08171626599097763, 0.07661803875108897, 0.07053759511884372, 0.08314013806573885, 0.040331955906608236, 0.15334043660954566, 0.029988126431813176, 0.06951651611098701, 0.15345564345287702, 0.08673421251821004, 0.07127795551399789, 0.024377238010486694, 0.07458928625392103, 0.05672661392274127, 0.0870194333014687, 0.05442066892291016, 0.09101136923308721, 0.06138170214877146, 0.019937306304325813, 0.011386397532418572, 0.10296673132850565, 0.020546505191729063]"
A1SMX2GYS61UT,"[0.31611043214797974, 0.0, 0.0, 0.0, 0.31611043214797974, 0.0, 1.724778652191162, 0.0, 1.724778652191162, 0.0, 0.0, 2.356999635696411, 0.0, 1.724778652191162, 1.724778652191162, 1.724778652191162, 0.0, 0.0, 0.0, 0.0, 0.0, 4.081778049468994, 0.0, 0.0, 1.724778652191162, 0.0, 0.0, 0.0, 0.0, 0.0, 0.0, 0.0, 0.0, 0.0, 0.0, 0.0, 2.040889024734497, 0.0, 0.0, 0.0, 0.14382529445176143, 0.06163697709506478, 0.13208927044673935, 0.1265670029700857, 0.15392004156444547, 0.15202552107180378, 0.07729048657541591, 0.07195617668359948, 0.10281244283907864, 0.09157047676137453, 0.10865663590067089, 0.10461229493010837, 0.1476817639188284, 0.11850707251038106, 0.15552878052584718, 0.1433234974238909, 0.12545784204927501, 0.070274158328277, 0.15213495152200857, 0.10603867239013391, 0.14182084546193255, 0.027711428271633646, 0.11953905662448852, 0.1574557847886406, 0.121182518926492, 0.07821422783024977, 0.0778309430307157, 0.16044799693527884, 0.11728648870491747, 0.1343882699193818, 0.025242640659659903, 0.03144655755478367, 0.165328557395636, 0.0782050889287415, 0.02296808520811971, 0.1340662305893522, 0.0823725445757965, 0.0346452515559557, 0.034579887147615194, 0.15856438600213804]"
A1SRZ1S3FJPU1D,"[17.761005401611328, 17.045894622802734, 18.62411117553711, 17.008573532104492, 13.864562034606934, 9.159162521362305, 18.002099990844727, 16.43630599975586, 10.621808052062988, 13.601840019226074, 9.059033393859863, 9.359421730041504, 17.06009864807129, 16.56360626220703, 18.175729751586914, 19.624170303344727, 16.344985961914062, 9.459552764892578, 14.8800630569458, 10.646060943603516, 18.724241256713867, 12.062081336975098, 19.024629592895508, 0.0, 18.15009117126465, 7.586341381072998, 9.059033393859863, 18.724241256713867, 18.32372283935547, 14.03116512298584, 17.460617065429688, 19.79824447631836, 8.301453590393066, 0.0, 17.761005401611328, 17.460617065429688, 5.824049949645996, 2.7363154888153076, 17.045894622802734, 17.045894622802734, 0.1618274129325763, 0.1252069209068304, 0.03791933703386008, 0.03903431300016346, 0.13559857314547474, 0.04254462517610213, 0.03503488741747484, 0.09580457410213984, 0.06970204261646337, 0.11613327163405039, 0.13297267506782864, 0.12670339163478792, 0.07378093571919495, 0.061948349197394455, 0.06039223571539267, 0.1009162396444513, 0.11654550434843265, 0.11855974342397932, 0.11651762597912713, 0.10650825624502808, 0.036844792084844764, 0.17043168516957288, 0.10752520879430838, 0.0760043817230097, 0.0436149661778091, 0.10665559493309466, 0.14278745195420475, 0.1263620758991097, 0.1526204999630551, 0.14196892612609838, 0.1387035795699714, 0.12765737510549124, 0.13957799609054405, 0.1604695439571474, 0.1499262148119067, 0.04627301697900134, 0.11550693355559351, 0.04255220359872489, 0.04558391462622567, 0.13707919453116071]"
A1SW8WT1S0GHQV,"[9.724953651428223, 9.724953651428223, 9.724953651428223, 9.724953651428223, 9.724953651428223, 0.0, 9.724953651428223, 0.0, 19.449907302856445, 0.0, 0.0, 9.724953651428223, 9.724953651428223, 9.724953651428223, 9.724953651428223, 9.724953651428223, 9.724953651428223, 0.0, 9.724953651428223, 0.0, 9.724953651428223, 19.449907302856445, 19.449907302856445, 0.0, 9.724953651428223, 0.0, 0.0, 9.724953651428223, 0.0, 9.724953651428223, 0.0, 9.724953651428223, 0.0, 0.0, 9.724953651428223, 9.724953651428223, 0.0, 9.724953651428223, 9.724953651428223, 9.724953651428223, 0.04342346460748143, 0.16536275928529465, 0.03478593321884224, 0.13167035308826447, 0.046137051567898095, 0.09689306264047436, 0.13833785107660945, 0.06238172251279233, 0.06871212922537494, 0.09407060391527491, 0.09943222622198174, 0.02918963111336177, 0.16233630851100195, 0.05751499353446733, 0.07793960638635375, 0.05172307959986061, 0.1581163851458296, 0.14411259311294242, 0.12180940769477207, 0.1504344598126216, 0.17698310883097984, 0.032691903722806157, 0.05350864537575593, 0.12814559719204816, 0.1515123979498481, 0.11333593666048092, 0.11327465364933317, 0.06965630564367388, 0.07417749274991693, 0.09115000907053916, 0.14055687208237652, 0.037701860578947685, 0.11445081989658924, 0.1489852793731982, 0.03252092777064355, 0.11009654436527955, 0.15396454171700194, 0.11750251232898375, 0.07559647404139505, 0.14637855388448495]"
A1SY26REK8411L,"[0.0, 0.0, 0.0, 0.0, 0.0, 0.0, 0.0, 0.0, 0.0, 0.0, 0.0, 0.0, 0.0, 0.0, -0.5865879654884338, 0.0, 0.0, 0.0, 0.0, 0.0, 0.0, 0.0, 0.0, 0.0, 0.0, 0.0, 0.0, 0.0, 0.0, 0.0, 0.0, 0.0, 0.0, 0.0, 0.0, 0.0, 0.0, 0.0, 0.0, 0.0, 0.14837244605862557, 0.1430783654430283, 0.16080121665684233, 0.10943872196340398, 0.03955738839430101, 0.07300386907427044, 0.10175883269817233, 0.1386154659159294, 0.08172892006311847, 0.09580273731683625, 0.06827699823987696, 0.16233198630020404, 0.1229302235729601, 0.09863403095871282, 0.02795607900637572, 0.14059378621703178, 0.15306254392287355, 0.1147794256588372, 0.056877169161602285, 0.06192845906348895, 0.0974471092825136, 0.08232092560746082, 0.08959788973362663, 0.07065449601156533, 0.04372744806863537, 0.056623124305194145, 0.0543118561211176, 0.0990374152190225, 0.06119322530117885, 0.169175994566863, 0.0630999736972612, 0.11024130463908637, 0.04168525579325475, 0.023084688588959696, 0.08358541125451009, 0.10079252942863659, 0.14362174325812674, 0.05232449784888655, 0.06636498645515472, 0.12963728124972693]"
A1T7DRMZ9A9KEA,"[3.8718690872192383, 1.3054356575012207, 1.5822710990905762, 1.3054356575012207, 0.5892354249954224, 1.0365079641342163, 0.7572596073150635, -2.245903253555298, 0.0, 2.662548303604126, 1.6969475746154785, 2.662548303604126, 0.22515834867954254, 3.7878575325012207, 2.662548303604126, 3.023395538330078, 5.7880353927612305, 1.3054356575012207, 1.5822710990905762, 0.0, 6.064870834350586, -0.5086387991905212, 5.55623197555542, 0.0, 2.9393835067749023, 0.0, 0.8484737873077393, 1.3054356575012207, 2.662548303604126, 2.662548303604126, 4.0755696296691895, 0.24862083792686462, 0.0, 0.0, 0.5457630157470703, 1.6260404586791992, 0.8484737873077393, 2.662548303604126, 4.647208213806152, -1.4087895154953003, 0.0339994131473491, 0.11657492736499922, 0.045139957368763556, 0.1402769999133631, 0.08702636613286624, 0.12025827158903075, 0.07256359771169325, 0.13387282465063072, 0.07370073185814896, 0.1257239141076906, 0.031549096486927365, 0.026187888339957055, 0.029407798202183224, 0.10994667470298848, 0.08684417530072125, 0.1268990462701987, 0.0935857718714525, 0.06461274779774352, 0.15092075240371405, 0.10989574542455603, 0.14723923581680648, 0.1669643226434872, 0.08494567052908933, 0.1705111378038268, 0.036914250372299326, 0.08288523682964223, 0.13434265764946368, 0.08104260756255681, 0.16299339826763468, 0.1474359027122404, 0.14947829472185392, 0.11098421546589575, 0.09611924556671035, 0.0817379163210423, 0.08138293533588196, 0.1462924392933118, 0.05008997297681534, 0.04442824166797378, 0.095113315785647, 0.12703775970942946]"
A1T81NJLOGPL3P,"[-0.003192685544490814, -0.003192685544490814, 0.0, 0.0, -0.006385371088981628, 0.0, -0.003192685544490814, 0.0, 0.0, 0.0, 0.0, -0.003192685544490814, 0.0, -0.003192685544490814, -0.006385371088981628, 0.0, 0.0, -0.003192685544490814, -0.003192685544490814, 0.0, 0.0, 0.0, -0.003192685544490814, 0.0, -0.003192685544490814, 0.0, 0.0, -0.003192685544490814, -0.006385371088981628, 0.0, -0.003192685544490814, -0.003192685544490814, 0.0, 0.0, 0.0, 0.0, -0.003192685544490814, 0.0, -0.003192685544490814, 0.0, 0.12857060189546016, 0.08819985682857548, 0.03688807612698744, 0.06501218320443874, 0.07113467468787847, 0.11555783009060999, 0.13235858495931713, 0.05936931633861647, 0.03479508017147637, 0.036483749650364654, 0.14013445361761015, 0.08535008011804948, 0.14058447184578218, 0.129019970754928, 0.0866719157723146, 0.1544333507116316, 0.10279933400036917, 0.07189584181471803, 0.07221095352106684, 0.10607657143243256, 0.04234926659664136, 0.05123754062073568, 0.13940386629966453, 0.12237222007694827, 0.11832736467046329, 0.05754849532691818, 0.1467534345831162, 0.13045099093749019, 0.018258892598292054, 0.10741743425318281, 0.12165470428274326, 0.10188598140627947, 0.051569088494886194, 0.08813927633474532, 0.1314414966643574, 0.09642928813140332, 0.01533341651181772, 0.11203866837856034, 0.058813860314757146, 0.028464919303400185]"
A1TB2OE42GDXLB,"[2.0116782188415527, 1.907322645187378, 0.0, 0.0, 1.907322645187378, 0.0, 1.907322645187378, 0.13208737969398499, 0.0, 1.7752351760864258, 0.0, -0.10435572266578674, -0.23644311726093292, 2.143765687942505, 2.0116782188415527, 2.143765687942505, 2.0116782188415527, 0.0, 0.0, 0.0, 2.0116782188415527, 0.13208737969398499, 0.0, 0.0, 1.7752351760864258, 0.0, 0.0, 2.143765687942505, 0.0, 0.0, 0.0, 1.907322645187378, 0.0, 0.0, 0.0, 2.143765687942505, -0.23644311726093292, 0.0, 2.143765687942505, 0.13208737969398499, 0.05703261597783836, 0.08626334664746396, 0.0801367350344956, 0.06746468728496215, 0.15713382375401572, 0.10094568684506983, 0.16680200357496885, 0.12813708436703033, 0.1253446832935296, 0.13553069972131573, 0.11265736843792615, 0.11132659183512005, 0.12532601545204206, 0.05720510311589453, 0.10107088266803282, 0.1112229966274718, 0.15355363190153115, 0.04834703190855325, 0.1692143873379971, 0.05029219962319432, 0.056360088868932554, 0.15041924109284283, 0.11674444658604205, 0.022713961269030525, 0.12165863528817722, 0.049923308543780506, 0.03028854172021644, 0.055585985809392204, 0.0628257157596321, 0.1623046829011198, 0.03482227170329185, 0.1515993369316225, 0.07588826151659687, 0.05396552359578252, 0.13101033839411888, 0.08453242065246865, 0.03610326746668355, 0.08399768832139394, 0.04229732872361918, 0.08571269418276585]"
A1TEIICSK5IK0V,"[-1.6457536220550537, 0.0, -0.877232015132904, 0.0, 0.22348442673683167, -0.877232015132904, 0.0, 0.0, 0.0, 0.22348442673683167, 0.0, 0.0, 0.0, -0.6537476181983948, 0.0, 0.0, 0.0, 0.0, -0.877232015132904, 0.0, 0.0, 0.0, 0.0, 0.0, 0.0, 0.0, 0.0, 0.0, -0.877232015132904, 0.0, 0.0, 0.0, 0.0, 0.0, -0.9920060634613037, 0.0, 0.0, 0.0, -0.6537476181983948, 0.0, 0.08564580501751537, 0.03700029946046729, 0.04484961188170086, 0.05857834162473912, 0.038176614444561816, 0.17841827960782297, 0.10934435513268323, 0.0667612162642484, 0.09888523385309378, 0.10670893120327746, 0.1789353596645103, 0.09747869212789567, 0.126381757809854, 0.040399004602698026, 0.03467044317870179, 0.03407187700912505, 0.052207056183471504, 0.06797103417084371, 0.1722683689672081, 0.14336896809457514, 0.06171222526301838, 0.15633347696212804, 0.04360062180252898, 0.05577128112190013, 0.16332488307898035, 0.04617048274396078, 0.0800107364757203, 0.14343073660927147, 0.17120842803735503, 0.08061108521829044, 0.1568363760142146, 0.05476848542517914, 0.05854861319095756, 0.11751407818094742, 0.06261095454975721, 0.123896593738406, 0.06285337876116746, 0.17032659050095075, 0.09454074176806622, 0.1694039547979855]"
A1THB1R8LWTMPV,"[19.79958724975586, 19.79958724975586, 11.236166954040527, 0.964388370513916, 19.79958724975586, 0.0, 19.79958724975586, 0.0, 0.0, 19.79958724975586, 19.79958724975586, 19.79958724975586, 11.236166954040527, 11.236166954040527, 11.236166954040527, 19.79958724975586, 19.79958724975586, 0.964388370513916, 11.236166954040527, 0.0, 11.236166954040527, 19.79958724975586, 10.271777153015137, 10.271777153015137, 19.79958724975586, 0.0, 0.0, 10.271777153015137, 0.0, 0.0, 0.964388370513916, 19.79958724975586, 0.0, 0.0, 0.0, 10.271777153015137, 11.236166954040527, 10.271777153015137, 19.79958724975586, 11.236166954040527, 0.08832624095859137, 0.055426012107327546, 0.06924242010830359, 0.03367009097045887, 0.06289358257125463, 0.1519720689169158, 0.1378466828653973, 0.055022234403250096, 0.1324355009634725, 0.1576679142508832, 0.10858504916836892, 0.09115101307334163, 0.04839856690999829, 0.16304689536628586, 0.06351624665419729, 0.13982831101562154, 0.16923422187200196, 0.08008995124072758, 0.13131250869376948, 0.1317112174473279, 0.04205004132760359, 0.1217009880717438, 0.0648354065735444, 0.07602166159772639, 0.05114775672242407, 0.09495057872253719, 0.05501190097716543, 0.05833732538322698, 0.13981471626311595, 0.06585366624947707, 0.14886092343448384, 0.037856263735255476, 0.12060712347143294, 0.08183986796228186, 0.030380422430621064, 0.05637230446916534, 0.03795079850930024, 0.09528711856092426, 0.06773974833892393, 0.1445181819436494]"
A1TK8ZGWS7VJP2,"[7.422092437744141, 4.327233791351318, 1.232374906539917, -0.767839789390564, 4.393277168273926, -1.3151618242263794, 4.393277168273926, 0.0, 1.2013018131256104, 4.327233791351318, 3.201516628265381, 4.327233791351318, 5.047257423400879, 4.327233791351318, 5.1133012771606445, 4.327233791351318, 4.393277168273926, 2.565764904022217, 4.393277168273926, 1.2013018131256104, 4.327233791351318, 3.748838424682617, 4.874555587768555, 2.547536611557007, 5.1133012771606445, 0.0, 0.6539798974990845, 1.845740795135498, 1.232374906539917, -1.4218196868896484, -0.5951380133628845, 4.393277168273926, 0.0, 0.0, 3.814882755279541, 3.201516628265381, 6.296375274658203, 4.327233791351318, 8.14211654663086, 7.422092437744141, 0.16054730357075694, 0.0694512512235115, 0.04410390241532332, 0.1641519704066863, 0.1363484899336994, 0.1680362479018126, 0.1227477748786084, 0.026616774537939276, 0.038051666208854744, 0.078986815629639, 0.03355680362344041, 0.11869580707361226, 0.03553426202108186, 0.048615692985184, 0.15978500143007696, 0.11495589815024708, 0.0435998144165214, 0.11913659671001779, 0.16563046951649169, 0.061549911067542644, 0.16065961032923826, 0.019765844000917923, 0.059708109826852304, 0.11777760234762757, 0.1247738096681567, 0.1559551047901452, 0.03066945680268896, 0.06539016339231885, 0.14537889849559357, 0.16594457851081829, 0.12808437386666968, 0.10862625322452248, 0.1122955471966692, 0.11244869356180687, 0.13503089052577466, 0.15282602747595544, 0.15283170278005023, 0.0865532112643836, 0.1150064879794677, 0.049632608124973464]"
A1TRRL3F84BJNJ,"[8.268364906311035, 6.450207233428955, 8.271644592285156, 3.2251036167144775, 6.450207233428955, 0.0, 6.450207233428955, 5.043261528015137, -0.9107186794281006, 10.581265449523926, 4.135822296142578, 6.450207233428955, 9.67382526397705, 7.360925674438477, 8.268364906311035, 6.450207233428955, 6.450207233428955, 5.538003444671631, 6.450207233428955, 0.9074392914772034, 6.450207233428955, 8.268364906311035, 8.763107299804688, 4.135822296142578, 6.450207233428955, 0.0, 4.135822296142578, 6.450207233428955, 4.135822296142578, 3.2251036167144775, 6.4487223625183105, 6.450207233428955, 0.0, 0.0, 3.2251036167144775, 8.271644592285156, 6.450207233428955, 7.360925674438477, 8.268364906311035, 6.450207233428955, 0.07852456316453578, 0.13846463218979183, 0.04765799388297327, 0.16797759762167927, 0.13177086286346132, 0.12287692846246052, 0.06944843187360843, 0.05841424305440996, 0.06018569528012461, 0.14587742458055078, 0.08595833022460775, 0.03662642117503377, 0.16660410300606, 0.08214510848186146, 0.0744843754245227, 0.14994507359224094, 0.09888397467206836, 0.07940881329550786, 0.07194902275628978, 0.1716735129778994, 0.17256441581909865, 0.05787807310049443, 0.08442226859687567, 0.15628061916340705, 0.06431078847644432, 0.1081146245966863, 0.1611883363985137, 0.1125997130189208, 0.14410297360744703, 0.05795955356805495, 0.17022860409907595, 0.052161780502815114, 0.04211607608415897, 0.16986499459533355, 0.047124286867334386, 0.14864002434506654, 0.12951318957666083, 0.15709619408266046, 0.07026460772493726, 0.10381625304621472]"
A1TWEWYOCWT9T,"[1.3666187524795532, 1.733698844909668, 2.26770281791687, 2.018296480178833, 0.8288779854774475, -1.245652675628662, 4.68435525894165, 2.218186140060425, 5.906206130981445, 1.8737952709197998, -3.1196703910827637, -4.206852912902832, 2.6310904026031494, 1.443629503250122, 5.7255353927612305, 2.414116621017456, 2.4421446323394775, -3.4640614986419678, 1.5065371990203857, 0.14009644091129303, 3.455474853515625, 3.119447946548462, 1.4499471187591553, 0.0, 0.5866343379020691, 0.0, -3.1196703910827637, 2.554213285446167, 2.0748865604400635, 1.530694842338562, 2.8277769088745117, 0.3453695774078369, 0.0, 0.0, 2.5027835369110107, 2.752189874649048, -3.060455560684204, -3.831319570541382, 2.554213285446167, 2.4948644638061523, 0.05157513656662042, 0.06623661703669174, 0.14221793523822462, 0.1534079879788559, 0.15290361631901508, 0.05850194064778495, 0.07787253609886524, 0.13629141505904108, 0.07488332561942815, 0.07765198773836375, 0.16296593922274163, 0.060461927779429075, 0.08271536814317057, 0.0844138506385077, 0.17825598985374547, 0.029550363138877572, 0.06409944710244217, 0.03637984965575154, 0.1093420153912181, 0.0764319162977739, 0.16407718365880614, 0.08187827683791334, 0.059581701447200944, 0.07105703886995622, 0.1614901033951849, 0.055461881945270484, 0.10781076871671914, 0.14506172590846625, 0.08409429278300914, 0.08900707911478954, 0.09818881560888325, 0.06982122155896005, 0.1718734321433429, 0.053174459124314406, 0.05629705405060388, 0.15796287180149748, 0.1594575775435811, 0.12949665899112842, 0.06725564547926019, 0.16063210402453787]"
A1TY8P7VKFBQ2Q,"[0.0, 0.0, 0.0, 0.0, 0.0, 0.0, 0.0, 0.0, 0.0, 0.0, 0.0, 0.0, 0.0, 0.0, 0.0, 0.0, 0.0, 0.0, 0.0, 0.0, 0.0, 0.0, 0.0, 0.0, 0.0, 0.0, 0.0, 0.0, 0.0, 0.0, 0.0, 0.0, 0.0, 0.0, 0.0, 0.0, 0.0, 0.0, 0.0, 0.0, 0.12705356696198064, 0.1168989649399464, 0.15849210139833042, 0.16594726279885544, 0.1250491856273196, 0.1648833707283481, 0.15875419388190418, 0.07018389659914263, 0.11216117628742371, 0.10591530341372725, 0.023244568435384513, 0.13455003443067476, 0.06883582967017653, 0.16679014302875061, 0.07894259310195295, 0.1573460676097053, 0.0650565581046299, 0.03743331481988311, 0.0706774128085524, 0.12213587090258193, 0.1402583279130351, 0.15522741129568607, 0.052317698255966535, 0.1284697898347742, 0.11191404494396946, 0.10902595116268617, 0.12779068923784212, 0.14004991086065055, 0.07131077075909857, 0.09896494680473603, 0.054871763861760695, 0.1679895948999485, 0.09791496524439332, 0.16676132531894636, 0.016955951231660205, 0.02079716355061097, 0.10766839171438271, 0.02387339604020473, 0.1273555802842236, 0.15691987108204425]"
A1TYZNOET5SXZF,"[3.4588427543640137, 3.0373647212982178, 3.0373647212982178, 3.0373647212982178, 3.4588427543640137, 0.8719621896743774, 3.4588427543640137, 0.8719621896743774, 1.7439243793487549, 3.0373647212982178, 1.7439243793487549, 3.4588427543640137, 2.165402412414551, 3.4588427543640137, 3.4588427543640137, 3.4588427543640137, 2.165402412414551, 3.4588427543640137, 3.4588427543640137, 0.8719621896743774, 3.4588427543640137, 1.7439243793487549, 3.4588427543640137, 0.0, 3.4588427543640137, 0.0, 0.8719621896743774, 3.0373647212982178, 3.4588427543640137, 0.8719621896743774, 3.0373647212982178, 3.0373647212982178, 1.293440341949463, 0.0, 3.0373647212982178, 3.4588427543640137, 2.165402412414551, 3.0373647212982178, 3.4588427543640137, 3.4588427543640137, 0.1577105815614308, 0.13583265650114085, 0.1515156442338711, 0.09950776117309247, 0.04329507618141655, 0.07386389407854536, 0.11674811625483897, 0.1565968381866413, 0.08616529443199138, 0.061205887156848, 0.03236862693667392, 0.02538718944636862, 0.05147567608789597, 0.11749961301539547, 0.09047490414399305, 0.12691284585203116, 0.161726480814895, 0.10281594693922813, 0.1227493835308289, 0.08243508738448402, 0.08734526736896832, 0.1700106683823288, 0.11087767945799921, 0.15608757187697087, 0.07528643742204573, 0.0831276682146851, 0.11044839650124821, 0.1108195365287021, 0.1491909123182065, 0.07246609886476883, 0.10627850014860395, 0.13708540783460793, 0.11733707358370682, 0.16202208096595636, 0.11598740266040913, 0.04518500296088825, 0.11836117948769499, 0.16891139413619452, 0.098876876077683, 0.11806194132568108]"
A1U4MBURSADCDU,"[6.61724328994751, 6.61724328994751, 3.308621644973755, 0.0, 6.61724328994751, 0.0, 6.61724328994751, 3.308621644973755, 0.0, 6.61724328994751, 3.308621644973755, 6.61724328994751, 3.308621644973755, 6.61724328994751, 6.61724328994751, 6.61724328994751, 6.61724328994751, 3.308621644973755, 6.61724328994751, 0.0, 6.61724328994751, 3.308621644973755, 6.61724328994751, 3.308621644973755, 6.61724328994751, 0.0, 0.0, 3.308621644973755, 3.308621644973755, 0.0, 0.0, 6.61724328994751, 3.308621644973755, 0.0, 0.0, 3.308621644973755, 3.308621644973755, 6.61724328994751, 6.61724328994751, 6.61724328994751, 0.10643091908838838, 0.04661861583073762, 0.14870436239309262, 0.08758778060425114, 0.08604272801629326, 0.07929121814111262, 0.14541662831977387, 0.03417626984879971, 0.05124717472432547, 0.1676201660301975, 0.14745312295361843, 0.10836497447921938, 0.11714912029228211, 0.06707171258381898, 0.09638682051357828, 0.1760382127112146, 0.1150271492101667, 0.059260799522706714, 0.13636847199297736, 0.16422717133269682, 0.056566904450745664, 0.12286970945644143, 0.14581186207906552, 0.07720848640880468, 0.08565644131440635, 0.09300053732375108, 0.09415783532397691, 0.053472321650290575, 0.14331423112059424, 0.1657799857563865, 0.08822283778423154, 0.07766550395084977, 0.10414281181501267, 0.15080863554340213, 0.043337167150783416, 0.13954148729658924, 0.0489679630277433, 0.12744067773802062, 0.11411102992318828, 0.08223904572759799]"
A1UARSQWRRYEB7,"[3.308659076690674, 3.308659076690674, 1.654329538345337, 0.0, 3.308659076690674, 0.0, 3.44389009475708, 1.654329538345337, 0.0, 3.308659076690674, 1.654329538345337, 3.308659076690674, 1.654329538345337, 3.308659076690674, 3.308659076690674, 3.308659076690674, 3.308659076690674, 1.654329538345337, 3.308659076690674, 0.0, 3.308659076690674, 1.654329538345337, 3.308659076690674, 1.654329538345337, 3.308659076690674, 0.0, 0.0, 1.654329538345337, 1.654329538345337, 0.0, 0.0, 3.308659076690674, 1.654329538345337, 0.0, 0.0, 1.654329538345337, 1.654329538345337, 3.308659076690674, 3.308659076690674, 3.44389009475708, 0.0888660912588624, 0.05983047964772398, 0.10769228788627933, 0.1336894623473192, 0.10302526578392288, 0.10185759274508717, 0.016448612635389673, 0.08678368652466038, 0.03009782019814079, 0.09664005745519935, 0.13312354181305966, 0.10577573515947525, 0.09409845603401508, 0.057362013778372765, 0.15983502408379419, 0.11628942365590147, 0.01632519130687488, 0.1106133323083428, 0.11463853990319672, 0.052366957008770254, 0.029484553408834258, 0.09097364405983735, 0.08634078734211333, 0.1043932407962372, 0.0867052672615599, 0.1297906737363118, 0.04361821080577449, 0.09714779511078356, 0.07382850042463554, 0.10281033424436913, 0.10166586523009015, 0.13025867639122693, 0.14627748343449976, 0.1607185121369437, 0.028629198540935468, 0.1520129434742206, 0.027882984938625018, 0.08467769398158531, 0.15137695794924488, 0.09025748831621322]"
A1UBIQNOWJJO9N,"[1.9287742376327515, 0.9643871188163757, 0.0, 0.9643871188163757, 1.9287742376327515, 0.0, 1.9287742376327515, 0.0, 0.0, 0.0, 0.9643871188163757, 0.9643871188163757, 0.0, 0.9643871188163757, 0.9643871188163757, 1.9287742376327515, 0.9643871188163757, 0.0, 0.0, 0.0, 0.9643871188163757, 0.9643871188163757, 0.9643871188163757, 0.0, 0.9643871188163757, 0.0, 0.9643871188163757, 0.0, 0.9643871188163757, 0.9643871188163757, 0.9643871188163757, 0.9643871188163757, 0.0, 0.0, 0.9643871188163757, 0.9643871188163757, 0.0, 0.0, 0.9643871188163757, 0.0, 0.03274549672990091, 0.13712006660781584, 0.05658364844143525, 0.15100467795131273, 0.1222719276754286, 0.16622918473035975, 0.03982712899840655, 0.08922234473708403, 0.05819768515457845, 0.07747016027724873, 0.04259574701429121, 0.11933925169941667, 0.09695371297380223, 0.07781894794847272, 0.11737143729163416, 0.15033028747817148, 0.1111567760852458, 0.0634511002711709, 0.032518071641253525, 0.11523659552589757, 0.13912475126809842, 0.17637937928291275, 0.06691076972223953, 0.052456193739336264, 0.0442985754523589, 0.09716920290541307, 0.12707520692292565, 0.16668331790330182, 0.06832126949438716, 0.05201703881779036, 0.06672554341317331, 0.14355990673462285, 0.07527502317045613, 0.058499267376057, 0.06800880087632968, 0.1576972314529345, 0.15193207412948542, 0.09617649137807942, 0.10676099448277729, 0.0286952500885543]"
A1UDB6NF2GI5KF,"[0.0, 0.0, -1.4257874488830566, 0.0, -1.4257874488830566, 0.0, -2.8515748977661133, 0.0, 0.0, 0.0, 0.0, -1.4257874488830566, 0.0, 0.0, -1.4257874488830566, -1.4257874488830566, 0.0, 0.0, 0.0, 0.0, -1.4257874488830566, 0.0, 0.0, 0.0, 0.0, 0.0, 0.0, 0.0, -1.4257874488830566, 0.0, 0.0, -2.8515748977661133, 0.0, 0.0, 0.0, -1.4257874488830566, 0.0, -1.4257874488830566, -1.4257874488830566, -1.4257874488830566, 0.16562574037109093, 0.12446305995447543, 0.08246823672874919, 0.06424679427657937, 0.093012457337124, 0.03690957788837514, 0.07727160333969753, 0.09027545428448158, 0.049927163026085464, 0.13940595315609802, 0.0220695974763747, 0.10231427000275743, 0.046542399644299924, 0.16224396054688345, 0.1081813054445014, 0.05068735540740775, 0.07367070763609827, 0.15282360296442374, 0.09168790710811243, 0.14335147561712702, 0.14900248397569058, 0.13662783018350816, 0.14813654794088085, 0.10844154827893326, 0.10685958206793839, 0.0627953005298547, 0.1477007451055782, 0.16486472367503208, 0.16361241085210923, 0.07798319268680859, 0.13914256594086696, 0.0977067648169222, 0.11715265042888871, 0.1424223463351006, 0.0853778308179321, 0.12433291177663904, 0.05389947652335135, 0.10722878620140235, 0.0958066622134822, 0.057819549548977466]"
A1UMO57A3IQGT7,"[0.0, 0.0, 0.0, 0.9831061363220215, 0.9831061363220215, 0.0, 0.9831061363220215, 0.0, 0.9831061363220215, 0.9831061363220215, 0.0, 0.0, 0.0, 0.9831061363220215, 0.0, 0.0, 0.9831061363220215, 0.0, 0.9831061363220215, 0.0, 0.0, 0.0, 0.0, 0.0, 0.0, 0.0, 0.0, 0.0, 0.0, 0.0, 0.0, 0.0, 0.0, 0.0, 0.0, 0.0, 0.0, 0.0, 0.9831061363220215, 0.9831061363220215, 0.1464189387687061, 0.12669999372831944, 0.04740758359759758, 0.04464331086307888, 0.12159779477383377, 0.15931289512862265, 0.037458983919200266, 0.16001396847610724, 0.08885967672613933, 0.09467905439595554, 0.07094977227834412, 0.03604676519346237, 0.032671089879799275, 0.08825938521652373, 0.141317243416068, 0.12520370904174125, 0.05338414749059177, 0.06586748501505689, 0.15250553994784508, 0.13466247216123986, 0.14041835998325772, 0.1693644716413628, 0.08254325439719173, 0.03960440481699315, 0.1416326889981666, 0.11103329087183356, 0.1283256703617912, 0.02782575372510705, 0.10799144767033358, 0.15095179013383306, 0.16684531159492882, 0.03205366822025566, 0.03295496420074995, 0.08883671005038801, 0.13677264821318494, 0.16530146365383636, 0.08914010020437375, 0.024394776484414727, 0.10498244595907473, 0.13467913955761548]"
A1UQBFCERIP7VJ,"[26.541290283203125, 18.873130798339844, 23.781949996948242, 19.96805763244629, 23.931903839111328, 5.794159889221191, 23.69605255126953, 13.266228675842285, 12.97525405883789, 18.734943389892578, 6.221416473388672, 14.970450401306152, 17.50143051147461, 27.54426383972168, 21.93321990966797, 22.838598251342773, 17.048410415649414, 16.922927856445312, 27.706735610961914, 7.167917251586914, 26.571060180664062, 13.608724594116211, 31.139493942260742, 0.3011438846588135, 24.89228057861328, 4.5678839683532715, 7.38200569152832, 22.358863830566406, 16.817758560180664, 16.074951171875, 24.320878982543945, 17.775197982788086, 5.123823165893555, 2.250930070877075, 24.45448112487793, 15.646312713623047, 5.44097375869751, 13.185371398925781, 26.570444107055664, 26.20526123046875, 0.0353522063340314, 0.08479056669315263, 0.06961453767014185, 0.023564093605121024, 0.16138230789810445, 0.07604002319727168, 0.14775506138023053, 0.14630925885846566, 0.1569558011596827, 0.16575257322862286, 0.07037981762213612, 0.0991445162356904, 0.07273161605451489, 0.15467838352740299, 0.05463243528399365, 0.07338333879330373, 0.04051721295731281, 0.028083689085021464, 0.1535468952126557, 0.03893595341638201, 0.04264997705067107, 0.054711628216433994, 0.08708057600995005, 0.08539507011679359, 0.11287736447470526, 0.11086617848034228, 0.06506326391465335, 0.13092463297900164, 0.1316625390833161, 0.15368601268333726, 0.14947345905341763, 0.14842037393048496, 0.08914181832968651, 0.0776410532788622, 0.07786353619143689, 0.08419547721075324, 0.030098742178691473, 0.10829160897227195, 0.11675679152092126, 0.06122536949444549]"
A1UXOVYJ6OEQ24,"[0.3048143982887268, 0.3048143982887268, 0.0, 0.7297626733779907, 0.3048143982887268, -0.5773554444313049, 0.3048143982887268, -0.4249483048915863, 0.7297626733779907, 0.3048143982887268, 0.1524071991443634, 0.3048143982887268, 0.7297626733779907, 0.8821699023246765, 0.8821699023246765, 0.3048143982887268, 0.8821699023246765, 0.8821699023246765, 0.3048143982887268, 0.7297626733779907, 0.8821699023246765, 0.7297626733779907, 0.3048143982887268, 0.0, 0.3048143982887268, 0.0, 0.0, 0.7297626733779907, 0.1524071991443634, 0.7297626733779907, 0.0, 0.3048143982887268, 0.1524071991443634, 0.0, 0.7297626733779907, 0.0, 0.1524071991443634, 0.8821699023246765, 0.3048143982887268, 0.8821699023246765, 0.10568860348399135, 0.049341970427886545, 0.17219738703089976, 0.13567046550465925, 0.08475296778440539, 0.12820666077413842, 0.05418943850512068, 0.1399063603615121, 0.14195125646687226, 0.09471663661791016, 0.11022482789626324, 0.04950659123792244, 0.07547480935358299, 0.06572174697075195, 0.10329899775470582, 0.03126767346499678, 0.1777197089341933, 0.03657004774872025, 0.15286158871158473, 0.07556807949122271, 0.17372666851707547, 0.10527884341094693, 0.08403374580916535, 0.12213875414011749, 0.15525750594996365, 0.0491499948648251, 0.1598423027485473, 0.1258506208343313, 0.06857031543587645, 0.08090824367739685, 0.04408465884946822, 0.029154773242095696, 0.0554901461978291, 0.13000225404832083, 0.04194043223282969, 0.05845714526780317, 0.1696831850422651, 0.03919157804823939, 0.11826406190895178, 0.14066895579795755]"
A1V0TDDAKM4T63,"[-1.502429485321045, -2.354461908340454, -0.46060916781425476, -1.1566566228866577, -1.836118459701538, -0.831852912902832, -1.1400710344314575, -0.7894013524055481, -0.46060916781425476, -1.0831661224365234, -0.43387460708618164, -0.37124374508857727, -0.8229677677154541, -1.4648747444152832, -0.9356716871261597, -0.831852912902832, -0.8229677677154541, -1.1025160551071167, -3.6887829303741455, 0.0, -0.9898121953010559, -0.7688271999359131, -2.1031484603881836, -0.30821800231933594, -0.831852912902832, 0.0, 0.0, -0.8229677677154541, -1.3126413822174072, -0.46060916781425476, -0.8229677677154541, -1.6643773317337036, 0.0, 0.0, -1.0613281726837158, -0.46060916781425476, -1.194211483001709, 0.0, -1.6692739725112915, -1.2568422555923462, 0.05309060627064139, 0.15544273945122122, 0.12513832894090046, 0.06289020216936379, 0.10442710686919357, 0.12419131336451125, 0.09899483255827167, 0.059165779564479284, 0.129449660123671, 0.13508752424343115, 0.15616667413447607, 0.03169701348618219, 0.14206218485817157, 0.1526930052490597, 0.08871615497923427, 0.031215260389930596, 0.07279798121447299, 0.15102618362454315, 0.09813044377948928, 0.0750895794730801, 0.06449903955567712, 0.01645979664328932, 0.06801833666561401, 0.08716907973980174, 0.14244848883052003, 0.11571480947551765, 0.13350692338582584, 0.14684512573647907, 0.12089277834852617, 0.08234031126354698, 0.15777318653296984, 0.07338171639179063, 0.11207606892009352, 0.09438652163937329, 0.07253731793374558, 0.035548806374683724, 0.07264259317471634, 0.13636451433049787, 0.0890555790254734, 0.11985904653704971]"
A1V0UCYURG2LP,"[1.824380874633789, 1.824380874633789, 0.0, 0.9121904373168945, 1.4162061214447021, 0.0, 1.824380874633789, 0.9121904373168945, 0.9121904373168945, 1.824380874633789, 0.9121904373168945, 1.824380874633789, 0.9121904373168945, 1.824380874633789, 1.824380874633789, 1.4162061214447021, 1.824380874633789, 1.824380874633789, 1.824380874633789, 0.9121904373168945, 1.824380874633789, 0.9121904373168945, 1.824380874633789, 0.0, 1.824380874633789, 0.0, 0.0, 0.9121904373168945, 0.9121904373168945, 0.9121904373168945, 0.0, 1.824380874633789, 0.9121904373168945, 0.0, 0.9121904373168945, 0.0, 0.9121904373168945, 1.824380874633789, 1.824380874633789, 1.824380874633789, 0.154958369612749, 0.07872330356183178, 0.12624837655965765, 0.11967296276349329, 0.1525535082820371, 0.07928910393631665, 0.043984080173356185, 0.07139884620225842, 0.05483219139313668, 0.17402779066553412, 0.03622465054050036, 0.17236370733076964, 0.1610181141975673, 0.0743042755274996, 0.06394811984642253, 0.10997740608699819, 0.04518002161174484, 0.0393223770971826, 0.09628229728747568, 0.13816954377128843, 0.16466367223600237, 0.17061124831730023, 0.08749274360086685, 0.06558177388138117, 0.14845293603544646, 0.12938399640328158, 0.08145384186592672, 0.07760338331069744, 0.05696760769269606, 0.11701130707150396, 0.03996998030341025, 0.14889900989466706, 0.07001377835600704, 0.0646865387745413, 0.06155746750668854, 0.10216148232957803, 0.15711639193302557, 0.09411851574644, 0.0743817095528006, 0.09621634312932582]"
A1V4LZJKGV2YSU,"[19.799592971801758, 12.563138961791992, 3.140363931655884, -0.16829654574394226, 12.563138961791992, 0.0, 19.799592971801758, 19.799592971801758, 0.0, 12.563138961791992, 0.0, 12.563138961791992, 3.0601260662078857, 12.563138961791992, 19.799592971801758, 19.799592971801758, 12.811673164367676, 19.799592971801758, 12.563138961791992, 0.0, 12.563138961791992, 12.811673164367676, 12.811673164367676, 3.3086605072021484, 19.799592971801758, 0.0, 0.0, 3.2284228801727295, -0.08023785799741745, 0.0, -0.2485343962907791, 19.799592971801758, 0.0, 0.0, 0.0, 3.3086605072021484, 12.563138961791992, 12.811673164367676, 19.799592971801758, 19.799592971801758, 0.1098143543413709, 0.13725715091672136, 0.03453993581652544, 0.16926224483088048, 0.12825057922742839, 0.11745073845165033, 0.1283837761601785, 0.07377611124179674, 0.03472325003585552, 0.03630044124821669, 0.1324208032675547, 0.17080027228469907, 0.037463457289771684, 0.05931517217261749, 0.09948072919632764, 0.12499358622642219, 0.14099393532781596, 0.040634181974107425, 0.05972844925299891, 0.05712349791345173, 0.037972895068295494, 0.11079178736336653, 0.15457258558220027, 0.15776127016676852, 0.041529125133072234, 0.05862369985704914, 0.03440017300878326, 0.13521148201236838, 0.053043528553695686, 0.11811201623531081, 0.13467817310824734, 0.17499181137205463, 0.12598953791043152, 0.1030189421748849, 0.15329373278169453, 0.10245134918022457, 0.1358781228610762, 0.12226526284530718, 0.06163833615462044, 0.048801520117383514]"
A1V9QLYRT1O4KF,"[0.6539399027824402, 0.6539399027824402, 0.6539399027824402, 0.6539399027824402, 0.6539399027824402, 0.6539399027824402, 1.3078798055648804, 0.0, 0.6539399027824402, 0.6539399027824402, 0.6539399027824402, 0.6539399027824402, 0.6539399027824402, 0.6539399027824402, 1.3078798055648804, 1.3078798055648804, 0.6539399027824402, 0.6539399027824402, 0.6539399027824402, 0.6539399027824402, 0.6539399027824402, 1.3078798055648804, 0.6539399027824402, 0.0, 0.6539399027824402, 0.0, 0.6539399027824402, 0.6539399027824402, 0.6539399027824402, 0.0, 0.6539399027824402, 0.6539399027824402, 0.0, 0.0, 0.6539399027824402, 0.6539399027824402, 0.6539399027824402, 0.6539399027824402, 0.6539399027824402, 0.6539399027824402, 0.09721279297127805, 0.14340167268354198, 0.11779289270924463, 0.035922810746552444, 0.08608734146787815, 0.11320790305627224, 0.05776927033355449, 0.13314354294402653, 0.05515923272296065, 0.0839050823204554, 0.03442172721652524, 0.10577426875176943, 0.02374366637874529, 0.15085099903638705, 0.07564788758948442, 0.04254996384178166, 0.15965075627752426, 0.13499857337030605, 0.16054264048910383, 0.16750365512364598, 0.07647563684448333, 0.04262673502616627, 0.12084641266071104, 0.06707755718999725, 0.04788302583020733, 0.10087759934952505, 0.128617211388474, 0.1075386866004966, 0.07936700353226907, 0.058008811932393316, 0.07787867037925963, 0.08008401034511127, 0.025433889921669187, 0.11262597262437862, 0.048364098750477924, 0.16827821151302494, 0.09120308117985741, 0.13122279020934471, 0.05722225434686185, 0.07253495370117242]"
A1VN560NNZQIR0,"[3.4481735229492188, 2.382336378097534, 3.4481735229492188, 4.878904342651367, 4.878904342651367, 0.9516054391860962, 7.6778483390808105, 0.0, 0.9516054391860962, 2.382336378097534, 0.653980553150177, 4.581279277801514, 3.4481735229492188, 3.4481735229492188, 4.878904342651367, 0.9516054391860962, 0.9516054391860962, 3.4481735229492188, 3.4481735229492188, 0.653980553150177, 3.4481735229492188, 0.9516054391860962, 3.4481735229492188, 0.0, 4.878904342651367, 0.0, 0.653980553150177, 1.7511130571365356, 5.447609901428223, 0.29762500524520874, 0.9516054391860962, 3.4481735229492188, 0.0, 0.0, 4.247681140899658, 2.951042652130127, 3.150547981262207, 2.0847113132476807, 4.878904342651367, 3.4481735229492188, 0.06515580359562602, 0.14274558916071486, 0.15057087453952597, 0.1475574341497442, 0.09626904013055436, 0.10367422566204397, 0.08356033610125474, 0.01838321729081038, 0.07803732287589947, 0.10279475449440592, 0.07477176796400681, 0.08184094578411678, 0.1511006061162553, 0.1603360078929805, 0.16583541477275093, 0.1595999966601912, 0.060117026523407446, 0.14357854846356244, 0.0628727337208315, 0.1429142301160413, 0.15349345272579873, 0.04135991043521393, 0.08680140540861835, 0.13820528434165572, 0.15316201923756928, 0.12225515178130784, 0.10172571876315005, 0.15898106423725925, 0.037241019364236176, 0.14613566308633325, 0.1406382635770568, 0.03715744702885979, 0.11360216434770899, 0.10311252386993151, 0.13419216414700558, 0.1435629771283797, 0.15584617331325645, 0.12016699666796532, 0.14057025121283856, 0.14163116924059832]"
A1VOA3CU9XRDDS,"[10.642854690551758, 9.799891471862793, 10.221372604370117, 19.011491775512695, 19.432973861694336, 1.4312535524368286, 10.221372604370117, 0.0, 8.790120124816895, 1.009772539138794, 0.0, 1.4312535524368286, 19.011491775512695, 10.642854690551758, 10.221372604370117, 19.432973861694336, 1.009772539138794, 1.4312535524368286, 10.642854690551758, 0.0, 19.432973861694336, 8.790120124816895, 19.432973861694336, 0.0, 19.432973861694336, 0.0, 0.0, 19.011491775512695, 1.8527345657348633, 9.799891471862793, 1.009772539138794, 9.799891471862793, 0.0, 0.0, 8.790120124816895, 9.211600303649902, 9.211600303649902, 9.799891471862793, 19.799461364746094, 10.221372604370117, 0.10118394830408557, 0.16348525856541984, 0.032965129767403685, 0.11271695187266474, 0.1270012234577189, 0.07377697987829483, 0.03073903490979363, 0.12026490989120708, 0.10586624263453266, 0.1368096334815358, 0.09683794349356384, 0.08554346809176117, 0.15075177867225573, 0.16340095757852052, 0.033911651206396234, 0.13979622012583678, 0.15736857971575444, 0.08522502875089431, 0.11333827649407512, 0.08554965072434094, 0.1572572317918471, 0.16719617135758646, 0.026208702402848373, 0.0441991446040478, 0.1268712641085092, 0.09613355127711741, 0.09803801031379523, 0.052455755801933616, 0.15947344268956445, 0.08622627322590642, 0.07630575409588919, 0.10626787431501306, 0.039668788967523634, 0.06286669903982633, 0.06758922262708163, 0.07107227949662745, 0.14241342618530323, 0.09926749787834581, 0.15325830828586243, 0.13046832781964962]"
A1VRZOJ7MNAJME,"[9.073912620544434, 9.073912620544434, 9.073912620544434, 3.3086447715759277, 9.073912620544434, 0.0, 14.839180946350098, 2.456622838973999, 0.0, 11.530535697937012, 0.0, 9.073912620544434, 14.839180946350098, 11.530535697937012, 9.073912620544434, 14.839180946350098, 11.530535697937012, 3.3086447715759277, 17.29580307006836, 0.0, 14.839180946350098, 5.765267848968506, 9.073912620544434, 5.765267848968506, 17.29580307006836, 0.0, 0.0, 9.073912620544434, 5.765267848968506, 0.0, 3.3086447715759277, 17.29580307006836, 3.3086447715759277, 0.0, 3.3086447715759277, 14.839180946350098, 9.073912620544434, 9.073912620544434, 17.29580307006836, 9.073912620544434, 0.05965728859153511, 0.03297822037361696, 0.06021117619027571, 0.036224143935408654, 0.12368982131683953, 0.04531037823422234, 0.15734611448454425, 0.08821064442633597, 0.0718658064694441, 0.0696232978312768, 0.0531702103612552, 0.04178452966249478, 0.08368369641694436, 0.06032527054506683, 0.13694371956118045, 0.0604976224833222, 0.06753660089954534, 0.08067330245517355, 0.13558211675015364, 0.05944407646705976, 0.16901669374262648, 0.1134901861086275, 0.13616342844044405, 0.06447782092107943, 0.14281638806527822, 0.1323873292979062, 0.1530857376573109, 0.12262453578084294, 0.07790226591279728, 0.1248999267168542, 0.14876732778414828, 0.1338826195055192, 0.08827358399614303, 0.1252234847449724, 0.031863575692945775, 0.08942102108319372, 0.09280597240876803, 0.1405918521712865, 0.05897324660817697, 0.10242847566258255]"
A1VTPPQNT23IU8,"[7.339241027832031, 2.9031665325164795, -0.4243393838405609, -0.4243393838405609, 5.010283946990967, 0.0, 4.838104248046875, 5.232123851776123, 0.0, 3.2514472007751465, -0.4243393838405609, 2.9031665325164795, -0.5230666995048523, 7.123600959777832, 5.271091461181641, 4.971316337585449, 4.592144012451172, 5.374863624572754, 4.971316337585449, 0.5204606056213379, 6.759020805358887, 9.123406410217285, 4.872588634490967, 0.0, 2.8434066772460938, 0.0, -0.4243393838405609, 1.3181982040405273, 1.5450830459594727, 1.3243978023529053, -0.3853718936443329, 2.769954204559326, 0.0, 0.0, 1.3243978023529053, -0.5965191721916199, 2.9031665325164795, 5.016483306884766, 5.491776466369629, 4.872588634490967, 0.01789432563063289, 0.00933222426679579, 0.11336115188982847, 0.06472939368814351, 0.05412849754841325, 0.12090563526598581, 0.0791314510827328, 0.13274141717044194, 0.12201740783824451, 0.11264058948993791, 0.10434909645555314, 0.03965576876195098, 0.024399594221940997, 0.06004153039483476, 0.08099700419328879, 0.05042013795794092, 0.03054028689998835, 0.047388260505761406, 0.012399794858429096, 0.009443832276329948, 0.023086580572678386, 0.13321062187086796, 0.10330403470971003, 0.11517507997104297, 0.0483999751339209, 0.03788844750788207, 0.0190657602527593, 0.12537479412384603, 0.015677350624654966, 0.05395195879212638, 0.10969955050887449, 0.0441958675749643, 0.04564322039130211, 0.0989175389968411, 0.12323119354227689, 0.07886449547509314, 0.06519074984855364, 0.043478256205014276, 0.032119249467555185, 0.014461681032445321]"
A1VY8FIKPTP6AZ,"[14.849428176879883, 14.849428176879883, 11.899181365966797, 14.849428176879883, 14.849428176879883, 5.2231011390686035, 14.849428176879883, 14.849428176879883, 11.322206497192383, 14.849428176879883, 14.849428176879883, 14.849428176879883, 14.849428176879883, 14.849428176879883, 14.849428176879883, 14.849428176879883, 14.849428176879883, 14.849428176879883, 14.849428176879883, 1.8697288036346436, 14.849428176879883, 14.849428176879883, 14.849428176879883, 0.0, 14.849428176879883, 0.5363613963127136, 1.2563730478286743, 10.055624961853027, 14.849428176879883, 10.171042442321777, 14.849428176879883, 14.849428176879883, 0.5363613963127136, 0.0, 14.849428176879883, 14.316333770751953, 14.849428176879883, 14.849428176879883, 14.849428176879883, 14.849428176879883, 0.06013214609220164, 0.10992227357422522, 0.1166167022121046, 0.07655244156051998, 0.07890483945612846, 0.0536522975489099, 0.01414798706904224, 0.153169983285409, 0.10585471097921603, 0.05886910194346142, 0.15809663325529733, 0.061263655292689005, 0.1631237737114568, 0.05315640815859713, 0.09398064490356425, 0.056193766390717194, 0.15739852422778264, 0.09043544433806307, 0.12890150203062858, 0.14549467588506776, 0.07161716258676935, 0.10740649617856227, 0.10343726643684509, 0.14621339736497815, 0.10897737464279827, 0.141316963547006, 0.13753782348329868, 0.04790637219831813, 0.12444799148923164, 0.09259788625016985, 0.10428901676897148, 0.02478008256207954, 0.09056653476060797, 0.09364783479929663, 0.08710883166760719, 0.11903638630763967, 0.031807181619054214, 0.08506156647340284, 0.09356340498659367, 0.021175029655347514]"
A1WGC9NCI09T3D,"[-0.9353728294372559, -0.0438486710190773, -0.5124287009239197, -0.5415254235267639, -0.9212908148765564, -0.03031107224524021, -0.7975800037384033, -0.02761964686214924, 0.0, -0.0438486710190773, -0.013537603430449963, -0.1562754064798355, 0.11590404063463211, -0.6300843954086304, -0.8538939952850342, -0.6300843954086304, -0.051591549068689346, -0.0438486710190773, 0.12364690750837326, 0.0, -0.5492683053016663, -0.024821700528264046, -0.37402984499931335, 0.0, -0.42641204595565796, 0.0, -0.6349251866340637, -0.13240765035152435, -0.9468510746955872, -0.9468510746955872, -0.7975800037384033, -0.2999032437801361, 0.0, 0.0, -0.611057460308075, -0.5224984288215637, -0.013537603430449963, 0.13493101298809052, -0.2999032437801361, -0.2999032437801361, 0.05617090325300479, 0.0783228016714233, 0.011640806305035223, 0.12184053496568079, 0.05479155425393388, 0.03772985713038158, 0.12332292498353632, 0.10734182510637266, 0.06903821758305306, 0.0573746621620604, 0.14215362827466613, 0.11012405539817452, 0.12533974630381547, 0.091224480421149, 0.13349259324059254, 0.030746936898960093, 0.11336476834661761, 0.0008258379910159634, 0.10642955841506635, 0.04376135923946943, 0.14471678539452815, 0.0710036252947086, 0.09198658456168492, 0.06173201846031808, 0.010007325827586223, 0.020651115781555075, 0.048613447389715465, 0.10421914245623623, 0.06298129863924816, 0.08674575168543444, 0.0943193529718567, -0.0003044327421622681, 0.06431507668628433, 0.1361773048824263, 0.11025620640910598, 0.07231166147080781, 0.1396584831623864, 0.13112216149548053, 0.003184832653357917, 0.1090500083423911]"
A1WGVH160JCIC,"[11.639829635620117, 9.375163078308105, 8.803204536437988, 9.473367691040039, 8.704998970031738, 2.290208339691162, 7.163013935089111, 6.538537979125977, 5.301514148712158, 9.375163078308105, 7.163013935089111, 7.2867608070373535, 2.4604344367980957, 9.375163078308105, 7.163013935089111, 8.704998970031738, 2.4604344367980957, 9.473367691040039, 10.86606502532959, 0.6244762539863586, 9.349620819091797, 7.163013935089111, 8.777663230895996, 0.0, 7.2867608070373535, 0.0, 2.584181308746338, 7.261219501495361, 9.498909950256348, 6.538537979125977, 8.82874584197998, 7.137472629547119, 0.0, 0.0, 7.163013935089111, 7.261219501495361, 4.126166820526123, 8.704998970031738, 11.639829635620117, 9.375163078308105, 0.06747394520492174, 0.11423945282025454, 0.07787894004696976, 0.062305351508465306, 0.14992305788377175, 0.09382047964175251, 0.0699626053370255, 0.09610669095933054, 0.12042935041425473, 0.1664560129116714, 0.07474308891113188, 0.10772899355577978, 0.0976520511939572, 0.14937929601382344, 0.04209969173211964, 0.1672859722376357, 0.11550267594516118, 0.17602354655013977, 0.09951269397412597, 0.1563637371157947, 0.14234998801603707, 0.07186801893801398, 0.0971250086584145, 0.04902997077554056, 0.05944543106951653, 0.05035119842871881, 0.10590204443522816, 0.0476626250545098, 0.061794366339811106, 0.03527933456628864, 0.06953778327805096, 0.1297110047094694, 0.1371118644887564, 0.0652318777702167, 0.09385264598857361, 0.039964050484412636, 0.13604486719019335, 0.12487069051575714, 0.07814854756568193, 0.1395307782688511]"
A1WIWSI84T3543,"[10.559059143066406, 6.517047882080078, 6.517047882080078, 4.035552501678467, 10.559059143066406, 1.2302969694137573, 10.559059143066406, 2.481494903564453, 1.2302969694137573, 6.517047882080078, 3.711791753768921, 6.517047882080078, 6.517047882080078, 6.517047882080078, 10.559059143066406, 6.517047882080078, 10.559059143066406, 8.077564239501953, 10.559059143066406, 1.2302969694137573, 6.517047882080078, 6.193286895751953, 10.559059143066406, 2.481494903564453, 6.517047882080078, 0.0, 3.711791753768921, 6.517047882080078, 4.035552501678467, 2.80525541305542, 4.035552501678467, 10.559059143066406, 0.0, 0.0, 4.035552501678467, 6.517047882080078, 6.193286895751953, 6.517047882080078, 10.559059143066406, 10.559059143066406, 0.16937939209433397, 0.10212061967798759, 0.11322221807944573, 0.14658648245675604, 0.12942691058107675, 0.053954977432680205, 0.0838833839550491, 0.10737947725085874, 0.13831626109127415, 0.14049411246567917, 0.114203862794975, 0.08569041204311778, 0.030145351415507764, 0.09456269050428162, 0.06576489568461275, 0.04944258059265242, 0.08356560167686441, 0.07491702550403057, 0.0919812351981531, 0.11481709398268944, 0.038122028949322526, 0.14292097021513972, 0.15147828536618876, 0.11176743096565098, 0.06147353198981542, 0.0899787568943754, 0.13316312468252015, 0.16192478903947388, 0.15034164482120305, 0.10614287768440367, 0.03652287455920317, 0.10981619712230316, 0.0962517502517513, 0.024907087219203948, 0.06947857713063345, 0.0996125963470558, 0.08593515939137572, 0.061910736792918655, 0.14071216970009837, 0.13437516493302926]"
A1WL02Q81VWPX6,"[3.237130880355835, 3.237130880355835, 0.0, 0.0, 3.237130880355835, 0.0, 6.47426176071167, 3.237130880355835, 0.0, 3.237130880355835, 3.237130880355835, 3.237130880355835, 3.237130880355835, 3.237130880355835, 0.0, 3.237130880355835, 3.237130880355835, 0.0, 3.237130880355835, 0.0, 0.0, 0.0, 0.0, 0.0, 0.0, 0.0, 0.0, 0.0, 0.0, 0.0, 0.0, 3.237130880355835, 0.0, 0.0, 0.0, 0.0, 3.237130880355835, 0.0, 3.237130880355835, 3.237130880355835, 0.04151255805904623, 0.1395928397176714, 0.17028806339716382, 0.056472262929409045, 0.06731903020924936, 0.09413021510918751, 0.07695193043292241, 0.12052801245171058, 0.12431127191039408, 0.10454514857463645, 0.035285142057952815, 0.1218292030246048, 0.04988520789736962, 0.1163842517568635, 0.15211550047201697, 0.03640222311281816, 0.05669128078274285, 0.14107842636957266, 0.09233621661298985, 0.07690185622885343, 0.09015479300255141, 0.102237746037073, 0.12401362734341949, 0.10493093969036867, 0.15475873056276082, 0.0634255943465221, 0.044436250611090425, 0.1220180604529081, 0.07041454850104636, 0.03631635718623825, 0.08630166093401506, 0.031823453311516856, 0.15786215855710117, 0.12002586465115937, 0.09098226215152205, 0.12192861526099404, 0.16081909929517518, 0.04496237429686848, 0.11266781795874575, 0.07459803514091334]"
A1WME650PRYNO9,"[0.5127785801887512, 0.5127785801887512, -0.014453531242907047, -1.633001446723938, 0.6217740774154663, 0.0, 0.6073205471038818, 0.6362276077270508, -1.647455096244812, -0.9967739582061768, 0.5272321701049805, 0.5127785801887512, 0.1089954674243927, 0.5127785801887512, 0.0, 0.5127785801887512, 2.2547757625579834, 0.0, -0.8877784609794617, 0.0, -1.4150105714797974, 0.09454192966222763, -0.028907062485814095, 0.0, -1.633001446723938, 0.0, 0.0, 0.0, 1.6040945053100586, 0.0, 0.0, 0.6217740774154663, 0.0, 0.0, 1.7275433540344238, -0.014453531242907047, -1.1057692766189575, 1.618548035621643, 0.6217740774154663, 0.6217740774154663, 0.1011608002650158, 0.09611214861142053, 0.03775650880201441, 0.15406654856058624, 0.02494907835502342, 0.1511265269572418, 0.08470470389424727, 0.060013359148395444, 0.1480476564434319, 0.15367246721925917, 0.023844959193046255, 0.05761968459845792, 0.1260817311996208, 0.12934352457577658, 0.15636658073782775, 0.016230405358804146, 0.1298916119933456, 0.07625373511258933, 0.08331367145213343, 0.07304219753341962, 0.06886589865087107, 0.07152919389744193, 0.16002052433988923, 0.05167556751701027, 0.13891212475892176, 0.1424678004625551, 0.09111091968498093, 0.04406177016000689, 0.12423114367834939, 0.1476520999400508, 0.0857545237872571, 0.15995935166596614, 0.11436412568719849, 0.1299497070777547, 0.028418419794207908, 0.1139387452212251, 0.08220531102677563, 0.05300011972163889, 0.02843155338745659, 0.06519351400661877]"
A1WMNCCFKM2A4Z,"[-3.642874002456665, -3.642874002456665, -0.9107185006141663, -2.7321555614471436, -3.642874002456665, 0.0, -3.642874002456665, -1.8214370012283325, -1.8214370012283325, -3.642874002456665, -0.9107185006141663, -3.642874002456665, -2.7321555614471436, -2.7321555614471436, -3.642874002456665, -3.642874002456665, -3.642874002456665, -2.7321555614471436, -3.642874002456665, -1.8214370012283325, -3.642874002456665, -3.642874002456665, -3.642874002456665, 0.0, -3.642874002456665, 0.0, -0.9107185006141663, -3.642874002456665, -0.9107185006141663, -2.7321555614471436, -0.9107185006141663, -3.642874002456665, 0.0, 0.0, -2.7321555614471436, -0.9107185006141663, -3.642874002456665, -2.7321555614471436, -3.642874002456665, -3.642874002456665, 0.13238871890301382, 0.1380947932293004, 0.04885445314810729, 0.056806803462927394, 0.12519860066079305, 0.11390226597542422, 0.13059971159411293, 0.041958116275569037, 0.07904801262163973, 0.056812277745466856, 0.15976881523588526, 0.12136016761010456, 0.058514140283110326, 0.1821118885009647, 0.06990598533115586, 0.1642904222384201, 0.12166320805554715, 0.10082853647786133, 0.15374126218807238, 0.07612010923265145, 0.16354795984348633, 0.10918451939818027, 0.11358786822221462, 0.07263383551228088, 0.15753815061596, 0.13647155017088117, 0.13774011686228999, 0.1074001944848622, 0.04752029093589864, 0.06301552904964236, 0.12632155986592264, 0.17877384895667592, 0.03410421264798286, 0.08362927503376585, 0.06491037405064483, 0.16201526120987328, 0.08448765420822663, 0.15050300862872035, 0.06786300166188029, 0.030014710186671976]"
A1WN7VWKL2LF20,"[2.6680407524108887, 0.7297624349594116, 0.7749054431915283, 1.7599337100982666, 1.118229866027832, 0.0, 2.6680407524108887, 0.7749054431915283, 0.7297624349594116, 1.50466787815094, 0.0, 0.7297624349594116, 0.7297624349594116, 1.7599337100982666, 1.8931353092193604, 2.2795732021331787, 1.118229866027832, 1.8931353092193604, 1.118229866027832, 1.7599337100982666, 0.7297624349594116, 1.7599337100982666, 1.118229866027832, 0.0, 1.8931353092193604, 0.0, 0.0, 1.118229866027832, 0.7749054431915283, 1.7599337100982666, 0.0, 1.8931353092193604, 0.0, 0.0, 1.118229866027832, 0.0, 1.7599337100982666, 0.7297624349594116, 2.6680407524108887, 1.8931353092193604, 0.06938879485380517, 0.16033048010104198, 0.04051083619149247, 0.08761377791289146, 0.174666166178892, 0.06514648102000622, 0.09003340728361989, 0.059517110961884306, 0.06705143842966566, 0.07581336513342567, 0.032042775175670994, 0.03536977652221509, 0.10472298108502744, 0.13568363308257705, 0.12580696256398782, 0.15823750626787722, 0.15821050175069953, 0.08955251112789328, 0.15355609766702527, 0.038372926159101324, 0.08128119704481573, 0.10466824350397863, 0.0589970400525498, 0.10632168467135898, 0.08959805139752992, 0.042404903153335984, 0.047024150569528786, 0.1316642617652796, 0.055116680190295475, 0.06158846252216543, 0.15061438825135975, 0.10543888860129871, 0.11702374000107718, 0.06559360170694999, 0.1505492705059369, 0.10045953574683349, 0.049590745834481954, 0.11444380319841807, 0.10657381639400446, 0.1021776371250087]"
A1WWZ1NKXLFYNG,"[3.8820302486419678, 0.63924640417099, 5.04382848739624, 1.9538544416427612, 0.790259838104248, 0.22673854231834412, 1.6152756214141846, 0.22673854231834412, 0.6753614544868469, 1.161798357963562, 0.22673854231834412, 0.45347708463668823, 4.143524646759033, 2.8698859214782715, 2.0277833938598633, 4.2945380210876465, 0.63924640417099, 1.314607858657837, 3.9577553272247314, 0.22673854231834412, 3.8820302486419678, 0.0, 3.9577553272247314, 0.0, 3.0570144653320312, 0.22673854231834412, 0.22673854231834412, 2.290637254714966, 3.4524354934692383, 1.7271158695220947, 3.392437696456909, 2.3663620948791504, 1.0517542362213135, 0.0, 3.9577553272247314, 1.6152756214141846, 0.0, 0.9021000862121582, 1.4656212329864502, 1.2388827800750732, 0.13795038112785374, 0.04248047616562303, 0.007727869764964355, 0.1304488708614339, 0.017326687589488535, 0.0989483433010778, 0.04569286451852519, 0.10785829808432636, 0.11405244679771809, 0.04769554343302228, 0.010286980519732992, 0.11371626873018706, 0.13588116810867248, 0.10392888352370067, 0.11704333228235439, 0.06570496759688098, 0.07268871871056048, 0.029660591415055518, 0.12278546796739997, 0.11048438355057422, 0.1285353069470433, 0.10078366656638028, 0.12001281064572875, 0.07979557153230614, 0.0658557682424841, 0.06474126893851088, 0.0634948387449759, 0.02489850773547547, 0.1354008092785235, 0.020993104137586725, 0.006969050389936388, 0.08046109059676192, 0.028261873967248025, 0.10496195403018363, 0.045197835666801266, 0.11440499234792384, 0.06581948787168837, 0.10867515136075055, 0.11583599642715474, 0.01692335305282689]"
A1X15KWJ11IC1P,"[1.707664132118225, 1.2187135219573975, 0.48895058035850525, 1.2187135219573975, 1.707664132118225, 0.0, 1.707664132118225, 0.48895058035850525, 0.7297629714012146, 2.437427043914795, 0.48895058035850525, 1.2187135219573975, 1.2187135219573975, 1.2187135219573975, 1.2187135219573975, 1.707664132118225, 1.2187135219573975, 1.2187135219573975, 1.2187135219573975, 0.7297629714012146, 1.2187135219573975, 1.2187135219573975, 1.2187135219573975, 0.0, 1.2187135219573975, 0.0, 0.48895058035850525, 1.707664132118225, 0.48895058035850525, 1.2187135219573975, 0.48895058035850525, 1.2187135219573975, 0.0, 0.0, 1.2187135219573975, 0.9779011607170105, 1.2187135219573975, 1.2187135219573975, 1.707664132118225, 1.2187135219573975, 0.14131225030105665, 0.05628615353698728, 0.15900712021261804, 0.16076084907914254, 0.12800866870532146, 0.1578590499862581, 0.13922184266972445, 0.05485036043072602, 0.11831752462919866, 0.15214631367367737, 0.04089463754798112, 0.048775422826176855, 0.14440271994076193, 0.04701748556730224, 0.026669466144779316, 0.0986861277233057, 0.07056959021340886, 0.15546528512747482, 0.05314647339612432, 0.1531887045770418, 0.09722124947946272, 0.11075380436523814, 0.1444748679640984, 0.05633580521682519, 0.07471155254521412, 0.02749319413428795, 0.16829722564544078, 0.08789818610327153, 0.12391136930036303, 0.16149683606565804, 0.05241488000657524, 0.055688757870590605, 0.16161047738951456, 0.12179839736759923, 0.06921483884003168, 0.10893469746233107, 0.08646458460282311, 0.16322816501630924, 0.11482241588106576, 0.1053371638848378]"
A1X3ESYZ79H59E,"[3.9461495876312256, 2.276963472366333, 1.8204748630523682, 4.392862796783447, 3.4055557250976562, 0.27082163095474243, 3.4709250926971436, 1.1541666984558105, 2.018998861312866, 1.4250364303588867, 1.567667007446289, 1.5757813453674316, 2.70147442817688, 3.2734322547912598, 3.2326056957244873, 2.761082172393799, 1.7795982360839844, 1.8095483779907227, 3.755875825881958, 0.38048627972602844, 5.232862949371338, 2.006344795227051, 3.437755584716797, 0.0, 3.8566441535949707, 0.5486852526664734, 0.38048627972602844, 2.46551775932312, 1.5637011528015137, 1.3712563514709473, 2.204037666320801, 3.257072925567627, 0.20658129453659058, 0.6815478801727295, 2.6896862983703613, 2.986266613006592, 1.5468543767929077, 1.5823242664337158, 3.5215559005737305, 2.882174015045166, 0.023116453930260867, 0.030050734350121174, 0.09325670248543722, 0.07923138985595254, 0.0100634119583098, 0.06900631049781888, 0.06173851199301523, 0.11197495624960568, 0.14899985796920454, 0.15103886569823277, 0.013656818001291943, 0.13471659967854077, 0.05884867032122071, 0.062226919517526375, 0.02553587883375387, 0.022332138403253966, 0.12775154575246037, 0.035626627311251366, 0.07451103769610605, 0.10427514701365848, 0.023847195040951126, 0.09158930668834908, 0.11635862887223948, 0.13193790467066388, 0.07725332861164122, 0.09163303780548715, 0.15217608165986174, 0.14990757986431777, 0.08604063370765883, 0.012144273311659506, 0.07635072803851131, 0.037081023427911544, 0.14759089281053245, 0.022544312957830555, 0.0389645870454919, 0.07179160385980769, 0.01027102084445198, 0.12431194032537247, 0.05246644823508326, 0.04610584968803288]"
A1X60YTH1F0Y9A,"[5.220787048339844, 4.574121952056885, 5.252785682678223, 6.0421671867370605, 4.954038619995117, 1.2376744747161865, 5.587662220001221, 3.114738702774048, 3.4124209880828857, 4.377779006958008, -0.5595309138298035, 1.8460313081741333, 5.9315972328186035, 5.367760181427002, 5.511936664581299, 5.372066020965576, 4.361049652099609, 1.1674424409866333, 4.4414777755737305, 0.0, 5.02258825302124, 3.5341765880584717, 3.465132236480713, 0.0, 5.33014440536499, 0.0, 0.4557170569896698, 5.097769737243652, 3.553701877593994, 4.977004051208496, 5.423911094665527, 5.138701438903809, -0.15387719869613647, 0.0, 4.359218597412109, 3.174626588821411, 0.0, 0.6781435608863831, 5.271444797515869, 5.169561386108398, 0.08998553509239021, 0.07481028339376411, 0.026250867270055586, 0.024370840116145924, 0.07499519728957282, 0.13371486551286366, 0.06520901528967796, 0.020268182030690723, 0.10010181975057714, 0.08849492024912527, 0.16316707395066518, 0.09603693604367639, 0.06454688139179456, 0.11095830623053486, 0.11849575480098831, 0.046002286915301074, 0.0778155810667556, 0.1330983791568043, 0.03760900591061905, 0.15611285838418204, 0.045395273701337314, 0.03953019315989355, 0.07817913070107488, 0.122001027321038, 0.06941308143616387, 0.0844445802535174, 0.05236204945885038, 0.13224175699847132, 0.160089892266894, 0.02939904012015236, 0.028977614878512623, 0.1560879811704445, 0.11600922518930847, 0.03790369704833601, 0.08357914208791442, 0.07936422646872882, 0.10590978723944762, 0.03309673479720464, 0.08548605673580827, 0.03280904250206407]"
A1XCIY3DWUIC3C,"[14.849541664123535, 14.849541664123535, 0.0, 0.0, 14.849541664123535, 0.0, 14.849541664123535, 14.254371643066406, 0.0, 14.254371643066406, 7.850469589233398, 14.849541664123535, 0.0, 14.254371643066406, 14.849541664123535, 14.849541664123535, 14.849541664123535, 14.254371643066406, 14.254371643066406, 0.0, 14.254371643066406, 9.297039031982422, 14.254371643066406, 0.0, 14.849541664123535, 0.0, 0.0, 0.0, 7.127185821533203, 0.0, 0.0, 14.849541664123535, 7.127185821533203, 0.0, 0.0, 1.4465680122375488, 7.127185821533203, 14.254371643066406, 14.849541664123535, 14.254371643066406, 0.050855375660368636, 0.031910197906745985, 0.127212618290274, 0.04254271964735456, 0.0719057231698002, 0.0635191522131685, 0.15409469042418208, 0.12599898680161062, 0.09054782321527072, 0.07122658059461329, 0.05037991156492028, 0.14577105781449134, 0.08937408724686517, 0.16298002161465558, 0.05068734680511545, 0.06774987775408743, 0.14820925097741167, 0.15616186283125358, 0.03515158180722575, 0.15141760447307467, 0.13495414350226378, 0.08766817171772393, 0.032903321797724566, 0.036754528494324146, 0.10089589388768193, 0.09000028284354462, 0.05368158594941595, 0.09396403030622923, 0.1485697721092773, 0.0381201985412647, 0.049429862329229204, 0.15187282414129086, 0.13398582163218603, 0.0735419465393229, 0.1617782782809635, 0.05640127255730087, 0.16802258689063676, 0.06631099596321043, 0.16909096494362488, 0.048134276174437954]"
A1XCSAX4BRT89Y,"[12.868453025817871, 10.563169479370117, 12.358652114868164, 8.577532768249512, 11.587963104248047, -0.01567264087498188, 13.92059326171875, 6.009815216064453, 10.17756462097168, 8.785855293273926, 0.09964116662740707, 2.4030468463897705, 11.757696151733398, 10.213388442993164, 13.051658630371094, 11.393632888793945, 11.378873825073242, 3.575924873352051, 11.721356391906738, 0.0, 11.455488204956055, 7.386386871337891, 12.585914611816406, 0.0, 12.620351791381836, 0.0, 0.11747896671295166, 13.005517959594727, 8.641185760498047, 3.0545907020568848, 10.783378601074219, 10.273170471191406, 0.11747896671295166, 0.010415538214147091, 12.150397300720215, 10.354156494140625, 3.350034713745117, 0.7376800775527954, 11.40446662902832, 10.965909004211426, 0.15203724849969605, 0.10805285384147705, 0.021774016048688845, 0.021152829862722034, 0.07173048622122105, 0.11788137638079113, 0.05136626090306529, 0.030537783761148803, 0.07808100234039037, 0.12077701454075801, 0.02839422363493363, 0.047979781973836816, 0.11519431532828181, 0.10724444066359072, 0.0699569576174209, 0.04218764918632562, 0.09252098186040884, 0.05913488069832466, 0.0233807800912454, 0.14324856459863144, 0.07589030205277106, 0.03997671067869071, 0.054031145171084434, 0.14711880912528233, 0.08580293764180508, 0.08123497791572841, 0.09335799746755637, 0.08938001896072462, 0.051667362909032045, 0.03847786296346572, 0.02291443609309964, 0.026253815430155397, 0.09404011716978548, 0.06507000586583035, 0.07579313197767468, 0.014972587255632067, 0.04039828791887393, 0.09495950934108371, 0.06587620644833322, 0.039745456960998224]"
A1XCVKQ7EUU8TS,"[9.898873329162598, 9.898873329162598, 9.898873329162598, 9.898873329162598, 9.898873329162598, 5.390530586242676, 9.898873329162598, 5.390530586242676, 4.507674694061279, 9.898873329162598, 5.643521308898926, 9.898873329162598, 9.898873329162598, 9.898873329162598, 9.898873329162598, 9.898873329162598, 9.898873329162598, 9.898873329162598, 9.898873329162598, 6.008368492126465, 9.898873329162598, 4.453181266784668, 9.898873329162598, -0.05449330061674118, 9.898873329162598, 5.390530586242676, 5.390530586242676, 9.898873329162598, 9.898873329162598, 9.898873329162598, 9.898873329162598, 9.898873329162598, 9.898873329162598, 0.0, 9.898873329162598, 9.898873329162598, 9.898873329162598, 9.898873329162598, 9.898873329162598, 9.898873329162598, 0.048020901951244296, 0.15261056608649531, 0.016740106107636186, 0.06751308814298214, 0.05314657605234204, 0.11160392379954169, 0.04377887337981484, 0.08554389822202782, 0.0468698285286782, 0.12165624604761932, 0.02417087637651106, 0.016379384089775545, 0.09564025403299586, 0.14759221460228927, 0.11987054155673506, 0.13284630794012287, 0.11804865882841212, 0.10765182121402189, 0.028286782672712313, 0.10297972735754396, 0.016348091589083295, 0.01788830030634092, 0.14990317877717171, 0.12407140869280195, 0.1167338712731021, 0.08447607311664251, 0.03007143251738343, 0.1471299543095892, 0.10515437901071632, 0.13581622102209195, 0.025135424609691107, 0.12785968588416652, 0.06101157894847264, 0.12065477712188674, 0.07032365037892414, 0.03647504943672637, 0.12477160106066068, 0.07458290426337663, 0.018064703232572886, 0.05484031026980219]"
A1XDV760ZLXN57,"[0.2521847188472748, 0.16568532586097717, -0.0864994004368782, -0.060425832867622375, 0.320332407951355, -0.0864994004368782, 0.5464435815811157, -0.04207410290837288, 0.38075825572013855, 0.29425883293151855, 0.0, 0.29425883293151855, 0.026073569431900978, 0.026073569431900978, 0.29425883293151855, 0.2521847188472748, 0.29425883293151855, 0.20775943994522095, 0.29425883293151855, 0.38075825572013855, 0.20775943994522095, 0.38075825572013855, -0.060425832867622375, 0.0, 0.29425883293151855, 0.0, 0.0, 0.20775943994522095, -0.1729988008737564, 0.026073569431900978, -0.1729988008737564, 0.3647576868534088, 0.0, 0.0, 0.11257296800613403, 0.0, 0.3386841416358948, 0.29425883293151855, 0.5885176658630371, 0.16568532586097717, 0.1491544803921505, 0.14789106067424157, 0.12268603910971843, 0.04642169914064625, 0.11412636106968722, 0.0567332656084766, 0.06416807345363708, 0.1286502449116424, 0.10901545769929295, 0.12295250134337894, 0.15164571193851772, 0.05389565098551973, 0.1303602579877174, 0.03276883004693122, 0.007917519434729901, 0.024871548395273117, 0.11426354203799313, 0.050223945465479834, 0.14697717950065822, 0.04918005572235602, 0.010502314495322601, 0.07252780134838784, 0.1335065521023739, 0.07467858590781523, 0.144461601540445, 0.10841767511554513, 0.057556228694552306, 0.09916787971781257, 0.068283710846898, 0.05193531469989132, 0.10767249738449151, 0.15487222053612232, 0.13512021523609793, 0.14053186030510972, 0.08306150996601898, 0.0982588287695417, 0.122331313145647, 0.07507995834680152, 0.05248996347711804, 0.13862632041111764]"
A1XGD1A869SSXC,"[2.427830457687378, 2.427830457687378, 0.0, 0.0, 2.427830457687378, 0.0, 2.427830457687378, 2.427830457687378, 0.0, 2.427830457687378, 2.427830457687378, 2.427830457687378, 0.0, 2.427830457687378, 0.0, 2.427830457687378, 2.427830457687378, 0.0, 2.427830457687378, 0.0, 0.0, 0.0, 0.0, 0.0, 0.0, 0.0, 0.0, 0.0, 0.0, 0.0, 0.0, 2.427830457687378, 0.0, 0.0, 0.0, 0.0, 2.427830457687378, 0.0, 2.427830457687378, 2.427830457687378, 0.078886068680711, 0.02802003209810883, 0.1497729021118742, 0.10793904678812626, 0.1462664482632414, 0.0762642932262116, 0.11752544991654737, 0.07565222127791221, 0.14528980700623573, 0.1667400132391458, 0.13017909312641135, 0.07065989175212299, 0.04056555649595285, 0.04233320938680656, 0.15975484309652677, 0.09960221427100918, 0.06096890397505915, 0.07608418612950721, 0.08339415997236206, 0.043178083743046, 0.12538573966723543, 0.14242608033292525, 0.06852239481508056, 0.061039212346047214, 0.1367572073291616, 0.08653968168718172, 0.06874077187881716, 0.05909198756402676, 0.1533753628025809, 0.13917314814647472, 0.12442376387610506, 0.024013906174399434, 0.029212559969522614, 0.033243085990273105, 0.10771806559477247, 0.10913025474804544, 0.08512637912693007, 0.05534150958789757, 0.11010773013889362, 0.03491185873356284]"
A1XQ0F01CF84Y3,"[9.934814453125, 9.419679641723633, 4.641623497009277, 2.566537380218506, 9.419679641723633, 0.0, 11.477404594421387, 2.019214153289795, 3.0816738605499268, 10.449952125549316, 3.241791009902954, 9.934814453125, 9.419679641723633, 9.419679641723633, 9.419679641723633, 9.934814453125, 9.934814453125, 5.293191909790039, 9.419679641723633, 2.566537380218506, 9.419679641723633, 6.693024635314941, 6.693024635314941, 4.1264872550964355, 9.419679641723633, 0.0, 0.0, 6.693024635314941, 3.241791009902954, 2.566537380218506, 0.0, 9.419679641723633, 0.0, 0.0, 5.293191909790039, 4.1264872550964355, 9.419679641723633, 9.419679641723633, 9.934814453125, 9.419679641723633, 0.15075899370074702, 0.12047351002654744, 0.050179017291182404, 0.08971795271287075, 0.0930559540391433, 0.10762490737832481, 0.15425437125625263, 0.13124972402871696, 0.17341183201366292, 0.17924575576616664, 0.10192761177213595, 0.16211063177473584, 0.15369974485461121, 0.15198556408420816, 0.07579310501352576, 0.13271665306757446, 0.1770329416355252, 0.16956701404048402, 0.06873428622539329, 0.04715664727466877, 0.06099085546488686, 0.14687495802836073, 0.0904924496539787, 0.09094147239793025, 0.04219429796625065, 0.14932492362262123, 0.1579480694643905, 0.044543904510201, 0.07203317849803006, 0.05568623986091749, 0.1791482480844784, 0.07149458448487091, 0.14058013110403964, 0.09087856970759545, 0.059290822300032936, 0.09286810085797309, 0.053110878655473, 0.059235702040911734, 0.06429714251950838, 0.030199460224015415]"
A1Y5HC26OO5D4H,"[1.4545228481292725, 0.0, 0.0, 0.0, 0.0, 0.0, 0.0, 1.4545228481292725, 0.0, 1.4545228481292725, 0.0, 0.0, 0.0, 0.0, 1.4545228481292725, 0.0, 0.0, 0.0, 0.0, 1.4545228481292725, 0.0, 1.4545228481292725, 0.0, 0.0, 0.0, 0.0, 0.0, 0.0, 0.0, 0.0, 0.0, 0.0, 0.0, 0.0, 0.0, 0.0, 0.0, 0.0, 1.4545228481292725, 0.0, 0.1499823584967985, 0.13780760120785118, 0.05163799810256211, 0.08558861697474965, 0.13583134876092973, 0.08182921452363828, 0.0655754092373625, 0.14265773041158836, 0.06278795231670528, 0.16835139815393776, 0.13055595236092152, 0.13740678659137057, 0.03172129755312212, 0.0932760081689248, 0.16834530352362204, 0.06471767007285774, 0.0814732008549626, 0.10696606382962236, 0.10933920575621599, 0.09187547855486713, 0.0665879205016743, 0.14527880177418506, 0.05222951824485181, 0.038405749625435574, 0.02815362659027583, 0.1606413262479626, 0.15876528996360997, 0.03581336987708937, 0.12018299814295945, 0.10607742853397366, 0.10820550972960691, 0.17342913326597473, 0.14565100949206444, 0.10687136078842269, 0.08215696570468624, 0.09990111774664441, 0.1238079457891162, 0.11539116702993599, 0.13700153521987116, 0.0803896663069678]"
A1YMRBCFZ6C62E,"[14.849502563476562, 14.849502563476562, 11.37564754486084, 7.052289009094238, 14.849502563476562, 0.0, 14.849502563476562, 14.849502563476562, 8.168525695800781, 14.849502563476562, 14.849502563476562, 14.849502563476562, 7.429763317108154, 14.849502563476562, 14.849502563476562, 14.849502563476562, 14.849502563476562, 14.849502563476562, 14.849502563476562, 0.0, 14.849502563476562, 7.588653087615967, 14.849502563476562, 0.0, 14.849502563476562, 0.0, 0.6085326075553894, 14.849502563476562, 14.849502563476562, 11.37564754486084, 0.6371921896934509, 14.849502563476562, 14.849502563476562, 0.0, 7.052289009094238, 6.212697982788086, 0.0, 14.849502563476562, 14.849502563476562, 14.849502563476562, 0.043964568512685515, 0.04103916398007551, 0.0875963085356464, 0.1252788749930962, 0.10449958514986747, 0.1268089803464985, 0.11448465751282061, 0.14375885015084217, 0.15199624705011713, 0.1548121036732622, 0.1287169476778915, 0.14227447975733132, 0.10718769583657181, 0.07859751223510279, 0.022180288130614165, 0.03518951392596777, 0.08644410529887837, 0.13621329939465113, 0.16916265358945426, 0.07214802209971927, 0.04095694473531357, 0.0409367283582574, 0.14728341504197154, 0.04294684519476992, 0.06335066765882248, 0.10039937574937376, 0.10992082729825059, 0.13844655361802125, 0.15988474396737826, 0.06331634435649498, 0.1283942334215523, 0.08267296325858071, 0.16633055550339929, 0.17134847309716858, 0.08051651451188697, 0.09081534046367933, 0.08579287445904575, 0.08053845186807802, 0.1004312062184293, 0.07021853317270217]"
A1YVFD3TLX6E22,"[15.796249389648438, 15.796249389648438, 9.892992973327637, 0.7118974924087524, 15.796249389648438, 0.0, 15.796249389648438, 10.925436019897461, 0.8026073575019836, 8.729520797729492, 12.463082313537598, 8.729520797729492, 11.569765090942383, 15.796249389648438, 15.796249389648438, 15.796249389648438, 15.796249389648438, 15.796249389648438, 15.796249389648438, 0.0, 15.796249389648438, -2.9309544563293457, 15.796249389648438, 0.0, 15.796249389648438, 0.0, 0.0, 6.159431457519531, 15.796249389648438, 3.1808905601501465, 2.8067169189453125, 8.163540840148926, 11.660475730895996, 0.0, 12.271276473999023, -1.1566803455352783, 7.926913261413574, 12.463082313537598, 15.796249389648438, 15.796249389648438, 0.12941904715416858, 0.13092908431471428, 0.11660317311626783, 0.06203304295281168, 0.05733898727834322, 0.03131745333483781, 0.04310442672191657, 0.021395795483277035, 0.12410192154398691, 0.10338820725433473, 0.15677996602227723, 0.1301716896051286, 0.02848644550763786, 0.16679529771599458, 0.12125174945968377, 0.06632809197934214, 0.12066829423334988, 0.030259249722472025, 0.13517117018201555, 0.06485687839287477, 0.0265708484230316, 0.060932492765225735, 0.08304710794432166, 0.10365372297311001, 0.08889451650416151, 0.15922992880875636, 0.1485276173345004, 0.03356075705609503, 0.050053646668580094, 0.13913355266954142, 0.1167980913958423, 0.15189246345428623, 0.05672819994755887, 0.06313691477699714, 0.09769059254394644, 0.0915022710468767, 0.15499823059330695, 0.017352375744223585, 0.03204923864537224, 0.08194395975765507]"
A1Z14Z7HOM429U,"[0.0, 0.0, 0.0, 0.35436293482780457, 0.35436293482780457, 0.0, 0.0, 0.35436293482780457, 0.0, 0.35436293482780457, 0.0, 0.0, 0.0, 0.35436293482780457, 0.0, 0.0, 0.0, 0.0, 0.7087258696556091, 0.0, 0.35436293482780457, 0.0, 0.35436293482780457, 0.0, 0.35436293482780457, 0.0, 0.0, 0.35436293482780457, 0.0, 0.0, 0.0, 0.7087258696556091, 0.0, 0.0, 0.35436293482780457, 0.35436293482780457, 0.0, 0.7087258696556091, 0.0, 0.0, 0.08083971163401298, 0.10073901408741658, 0.14066007345557577, 0.0961125987986322, 0.06698330770910339, 0.12670559560811717, 0.019759343540165276, 0.12859341161230356, 0.07663013059887828, 0.12614558111526736, 0.10246960366691056, 0.143965925092436, 0.07951153084948952, 0.13470495914864608, 0.09547368820340149, 0.1361632422379905, 0.14668206183003726, 0.02939509724066925, 0.09472842191065203, 0.11065458676108979, 0.1478019077987323, 0.05857222466677835, 0.1030417110973394, 0.11467978655024466, 0.1682930615279848, 0.10787596071091297, 0.1408976069255098, 0.1602748817748128, 0.05560604246459564, 0.15466860151829837, 0.02599229727798153, 0.08595778253817977, 0.09636834097459865, 0.15991848767808908, 0.026865173458920005, 0.12829375361483547, 0.15969129863298867, 0.1416038267773428, 0.13301293123065122, 0.058523893141864805]"
A1Z9JYXS7Y6Z6X,"[14.849701881408691, 14.849701881408691, 14.849701881408691, 0.0, 14.849701881408691, 0.0, 14.849701881408691, 0.0, 0.0, 14.849701881408691, 0.0, 14.849701881408691, 14.849701881408691, 14.849701881408691, 14.849701881408691, 14.849701881408691, 14.849701881408691, 0.0, 14.849701881408691, 0.0, 14.849701881408691, 14.849701881408691, 14.849701881408691, 14.849701881408691, 14.849701881408691, 0.0, 0.0, 14.849701881408691, 0.0, 0.0, 0.0, 14.849701881408691, 0.0, 0.0, 0.0, 14.849701881408691, 14.849701881408691, 14.849701881408691, 14.849701881408691, 14.849701881408691, 0.14124964848973062, 0.027473486224812008, 0.1005942026432365, 0.02997453587964206, 0.07118886165700948, 0.14121987723588764, 0.15009655215474388, 0.04780160126360162, 0.09177393109657704, 0.09243093009665129, 0.1407216336960202, 0.0649096747071347, 0.04928389691513771, 0.16699860028005076, 0.06290898628045916, 0.10664487381264458, 0.16903006683657812, 0.051814628456621326, 0.12646653701395116, 0.11386238860749223, 0.1382570201811074, 0.02886145192210657, 0.1179261541944734, 0.12758052415545798, 0.05079072675647848, 0.0715314329952257, 0.0941292088912084, 0.16516418887385773, 0.06872764202406773, 0.15463810111274381, 0.027382701125159278, 0.12192829550506247, 0.03767476656873697, 0.024956158983935415, 0.09914608523153319, 0.10635778833421503, 0.15389692213986716, 0.1561731351541291, 0.11986563288708135, 0.06866362034292559]"
A1ZB4T8L0SPYV8,"[2.0116801261901855, 2.0116801261901855, 0.0, 0.0, 2.0116801261901855, 0.0, 2.0116801261901855, 0.0, 0.0, 2.0116801261901855, 0.0, 0.0, 0.0, 2.0116801261901855, 2.0116801261901855, 0.0, 2.0116801261901855, 0.0, 0.0, 0.0, 2.0116801261901855, 0.0, 0.0, 0.0, 2.0116801261901855, 0.0, 0.0, 2.0116801261901855, 0.0, 0.0, 0.0, 2.0116801261901855, 0.0, 0.0, 0.0, 2.0116801261901855, 0.0, 0.0, 2.0116801261901855, 0.0, 0.03046502154977877, 0.11042835419562701, 0.13493405121799767, 0.14134829227719586, 0.026127275606884336, 0.026632696503900478, 0.046074755166808555, 0.11544936189919838, 0.03647190940692764, 0.1337982628946824, 0.10842852881103071, 0.03905112966666163, 0.11074980415246699, 0.0813622704482959, 0.15398754219992594, 0.10140741045620083, 0.13103336202739155, 0.056169656433160645, 0.14687001187963225, 0.031899012546892994, 0.09935435632437026, 0.036858602101456694, 0.1566533472075244, 0.07967136104357503, 0.044618401200757996, 0.044921178834808353, 0.1484453620036231, 0.09894300309158219, 0.06970525188448908, 0.07497588777401688, 0.14190341673365384, 0.045238458095477684, 0.033814467964140504, 0.08225776209044675, 0.06678145187753613, 0.12897906888136826, 0.08491129483129799, 0.1025758183052304, 0.1598840074776841, 0.02586521876553705]"
A1ZH9XEBQIPLWT,"[3.308640718460083, 3.308640718460083, 3.308640718460083, 0.0, 3.308640718460083, 0.0, 3.308640718460083, 0.0, 0.0, 3.308640718460083, 0.0, 3.308640718460083, 3.308640718460083, 3.308640718460083, 3.308640718460083, 3.308640718460083, 3.308640718460083, 0.0, 3.308640718460083, 0.0, 3.308640718460083, 3.308640718460083, 3.308640718460083, 3.308640718460083, 3.308640718460083, 0.0, 0.0, 3.308640718460083, 0.0, 0.0, 0.0, 3.308640718460083, 0.0, 0.0, 0.0, 3.308640718460083, 3.308640718460083, 3.308640718460083, 3.308640718460083, 3.308640718460083, 0.03963772960293571, 0.1225641934146181, 0.08575040371678128, 0.055983732979080686, 0.16682666953774283, 0.09749610789981984, 0.08679923001826288, 0.13550694011838077, 0.06006088057298258, 0.13676533984200717, 0.1028009006269987, 0.15502623002441937, 0.15611608178654332, 0.15300727481990586, 0.17203930346355328, 0.08560894096559277, 0.1281245716585872, 0.09222440844672028, 0.07127627482609236, 0.10137069168534768, 0.164466059748074, 0.0626073683677581, 0.14448568332861014, 0.020613201177649507, 0.055420542170854334, 0.14328629653268135, 0.07119025848891922, 0.10959871889146776, 0.16312363264320096, 0.12457814819524501, 0.1418790452598081, 0.0534784445526803, 0.13848410563046432, 0.02931826131444055, 0.09721725589906453, 0.1273261468805223, 0.10554218443984681, 0.11913794405872706, 0.12071909350890772, 0.08180142143523893]"
A1ZIN388IVCX6Z,"[0.8719606399536133, 0.8719606399536133, 0.8719606399536133, 0.8719606399536133, 0.8719606399536133, 0.8719606399536133, 0.8719606399536133, 0.0, 0.8719606399536133, 0.8719606399536133, 0.8719606399536133, 0.8719606399536133, 0.8719606399536133, 0.8719606399536133, 0.8719606399536133, 0.8719606399536133, 0.8719606399536133, 0.8719606399536133, 0.8719606399536133, 0.8719606399536133, 0.8719606399536133, 0.8719606399536133, 0.8719606399536133, 0.0, 0.8719606399536133, 0.0, 0.8719606399536133, 0.8719606399536133, 0.8719606399536133, 0.0, 0.8719606399536133, 0.8719606399536133, 0.0, 0.0, 0.8719606399536133, 0.8719606399536133, 0.8719606399536133, 0.8719606399536133, 0.8719606399536133, 0.8719606399536133, 0.16849189336949474, 0.09545674921217857, 0.09793993008017479, 0.048676990120257155, 0.06113963487192377, 0.13257643405044695, 0.031250576126202904, 0.09372411426322834, 0.10706545759428797, 0.028037850847923384, 0.08924924112068869, 0.12643952655616042, 0.17756719957078468, 0.03992081968234588, 0.14018327975042946, 0.1743540610913006, 0.08365473882419339, 0.11160956152654823, 0.16807758647574428, 0.07303463991698131, 0.07825850386399151, 0.14802390179486372, 0.032669449231737265, 0.15793382819997373, 0.10551392514520651, 0.13566280200127306, 0.08590785275828383, 0.09803031901373918, 0.03877909074162917, 0.06146205942737895, 0.045345144998788826, 0.1569614473624012, 0.17727247014007846, 0.030681913584867024, 0.030516524438028762, 0.04669733355972684, 0.1180310168600196, 0.10088705289165269, 0.08084340125208123, 0.14972956992098446]"
A1ZM06J2A5XGHY,"[0.04438816383481026, 0.004236922599375248, -0.08832135796546936, 0.04438816383481026, 0.04438816383481026, 0.08854883909225464, 0.09278576821088791, 0.08854883909225464, 0.0, -0.08431191742420197, 0.08854883909225464, 0.09278576821088791, -0.12847259640693665, 0.04438816383481026, 0.09278576821088791, 0.04438816383481026, 0.004236922599375248, 0.004236922599375248, 0.04438816383481026, 0.08854883909225464, 0.04438816383481026, 0.0, 0.09278576821088791, 0.0, 0.04438816383481026, 0.08854883909225464, 0.08854883909225464, 0.09278576821088791, -0.08832135796546936, 0.004236922599375248, -0.04416067898273468, 0.09278576821088791, 0.08854883909225464, 0.0, 0.04438816383481026, 0.04438816383481026, 0.0, 0.004236922599375248, 0.04438816383481026, -0.04416067898273468, 0.01612127782020407, 0.04675391795147612, 0.029508161477423737, 0.04058073583070177, 0.00010570246992696892, 0.04542499753401478, 0.06629502111426896, 0.022986379547304966, 0.015058898932964417, 0.041945552796130436, 0.03873474645951542, 0.06554787189324913, 0.10370387142437584, 0.11086626109922108, 0.060398596145065354, 0.09421782369007543, 0.06302174855451664, 0.030805744932278372, 0.03154184716274371, 0.06433393864020848, 0.02177433400127141, 0.12981775883013608, 0.08905658329404972, 0.04855505380823928, -0.008221525218750731, 0.07129173695103853, 0.010549547679958589, -0.0023308197049806277, 0.1294195237724785, 0.05011208547884184, -0.0021171459807363493, -0.006253227280661883, 0.07805128572088825, 0.1020985409204713, 3.2108913915547615e-05, 0.05562969418859364, 0.06449484146128563, 0.13577042193425023, 0.07888041430361965, 0.1192541020637916]"
A1ZN7IP615TNQO,"[0.6509573459625244, 0.9307557344436646, 0.41047248244285583, 0.9307557344436646, 0.6509573459625244, 0.870207667350769, 0.6509573459625244, 0.24048484861850739, 0.24048484861850739, 0.6016947031021118, 0.24048484861850739, 0.41047248244285583, 0.6509573459625244, 0.6509573459625244, 0.6509573459625244, 0.6509573459625244, 0.6509573459625244, 0.6509573459625244, 0.6509573459625244, 0.0, 0.6509573459625244, 0.24048484861850739, 0.6509573459625244, 0.0, 0.6509573459625244, 0.0, 0.0, 0.41047248244285583, 0.6509573459625244, 0.41047248244285583, 0.41047248244285583, 0.6509573459625244, 0.0, 0.24048484861850739, 0.0, 0.24048484861850739, 0.24048484861850739, 0.41047248244285583, 0.7929168939590454, 0.6509573459625244, 0.08183967675166713, 0.07976938594309355, 0.09137497194253533, 0.0435427766575561, 0.02071324009945404, 0.0782556195908065, 0.13459111681207994, 0.1583551908698282, 0.13781474696768023, 0.12565941441749526, 0.1242605687741766, 0.11423903584826686, 0.11408185387001835, 0.10063455696881195, 0.09048815155483876, 0.05576893498111547, 0.1537675298839583, 0.11930660755508218, 0.09023608638685493, 0.16088232887468873, 0.06018025923511857, 0.1549050967815727, 0.09725594179480762, 0.08201576845168158, 0.1410537157523424, 0.1382196799815154, 0.1524118200139946, 0.06901551202436107, 0.12353624672950529, 0.07950071614350582, 0.16900536099940364, 0.14755678079184623, 0.16703268912534716, 0.09514290764529001, 0.11164169702485313, 0.08538470355281966, 0.058971432864713236, 0.021233024505267782, 0.03957583554151932, 0.03465183338260797]"
A205Q5S9B99B0L,"[4.135801792144775, 4.135801792144775, 4.135801792144775, 0.0, 4.135801792144775, 0.0, 4.135801792144775, 0.0, 0.0, 4.135801792144775, 0.0, 4.135801792144775, 4.135801792144775, 4.135801792144775, 4.135801792144775, 4.135801792144775, 4.135801792144775, 0.0, 4.135801792144775, 0.0, 4.135801792144775, 4.135801792144775, 4.135801792144775, 4.135801792144775, 4.135801792144775, 0.0, 0.0, 4.135801792144775, 0.0, 0.0, 0.0, 4.135801792144775, 0.0, 0.0, 0.0, 4.135801792144775, 4.135801792144775, 4.135801792144775, 4.135801792144775, 4.135801792144775, 0.17379065122835496, 0.12296553911824354, 0.07840623856554055, 0.17467628669668378, 0.13989506622888237, 0.07160025155210914, 0.08778728418039446, 0.07610468789507875, 0.038065604744008774, 0.15253074282526619, 0.05567487969173163, 0.029363478831799128, 0.04581276297867538, 0.10076178645755046, 0.09897998869006415, 0.11107402787592967, 0.1283701713371528, 0.14344770961635922, 0.16568860819041925, 0.157571710471241, 0.15859446391905707, 0.13950960505775944, 0.07615511470336286, 0.15084068466343645, 0.13279708996109393, 0.12097325262393994, 0.10752847981220688, 0.13373847296435404, 0.16711588094389185, 0.12552193043973756, 0.05139328250904402, 0.09670469040872823, 0.12559389189549944, 0.13469228607228573, 0.053326911607186674, 0.05733657103752662, 0.06673609485408534, 0.15952737728059144, 0.12894745535423408, 0.17064210067605895]"
A2068BC3ZXAVJQ,"[10.692655563354492, 12.015703201293945, 9.885417938232422, 13.51793098449707, 11.70346450805664, 3.2658166885375977, 11.133562088012695, 2.312662124633789, 4.311624526977539, 6.704779148101807, 3.961531400680542, 6.621018886566162, 13.607494354248047, 12.165573120117188, 10.208245277404785, 11.370307922363281, 11.346500396728516, 12.143457412719727, 11.878509521484375, 2.152519941329956, 14.756202697753906, 5.220493316650391, 12.633541107177734, 0.0, 11.718622207641602, 1.2456012964248657, 2.8669111728668213, 9.11161994934082, 10.276693344116211, 4.689210414886475, 9.391911506652832, 10.765108108520508, 2.4648571014404297, 0.564751386642456, 12.662738800048828, 10.366180419921875, 7.634675025939941, 6.6750617027282715, 11.73322868347168, 9.749385833740234, 0.12169019773378774, 0.027594931637780668, 0.07177390628082482, 0.08904268033112457, 0.14511719666056028, 0.106105569905609, 0.15062971493101915, 0.09678740134719209, 0.0468826969395333, 0.03383495014645509, 0.10839539787084136, 0.025451745782267256, 0.11697823838005877, 0.09571816558744686, 0.04792653552021557, 0.1281367292532278, 0.06652958816630689, 0.13123886534780715, 0.08935938658981685, 0.04388095027638471, 0.11308319187624476, 0.11486749390828879, 0.02726297312792101, 0.021092990294371946, 0.06228936142533802, 0.12932715872289854, 0.014490227418056638, 0.05585356687143819, 0.07749326743736233, 0.12986742373917481, 0.06721128579764865, 0.09899023753522156, 0.08343175284660419, 0.06236173100986417, 0.15698531481527356, 0.1415441097350563, 0.01485021796174184, 0.03983657883534135, 0.05538123402895663, 0.04902606228328246]"
A20B9DRVC87T06,"[3.3086609840393066, 3.3086609840393066, 3.3086609840393066, 0.0, 3.3086609840393066, 0.0, 3.3086609840393066, 0.0, 0.0, 3.3086609840393066, 0.0, 3.3086609840393066, 3.3086609840393066, 3.3086609840393066, 3.3086609840393066, 3.3086609840393066, 3.3086609840393066, 0.0, 3.3086609840393066, 0.0, 3.3086609840393066, 3.3086609840393066, 3.3086609840393066, 3.3086609840393066, 3.3086609840393066, 0.0, 0.0, 3.3086609840393066, 0.0, 0.0, 0.0, 3.3086609840393066, 0.0, 0.0, 0.0, 3.3086609840393066, 3.3086609840393066, 3.3086609840393066, 3.3086609840393066, 3.3086609840393066, 0.11872809357883574, 0.11763405744434212, 0.053012224956366386, 0.05731578188576955, 0.1363834815790325, 0.060759101100009746, 0.1400485574765621, 0.055408942856614886, 0.09583068719430128, 0.06802149536372074, 0.17019735506059303, 0.12392652106400974, 0.10589565553483417, 0.06115312089835559, 0.06636642211414502, 0.15118991231060197, 0.16676426755834192, 0.03419786630380009, 0.0891426930575267, 0.16113602976810704, 0.06215955427844434, 0.1523077255731655, 0.08220909324064231, 0.16188479886285287, 0.10277456746049123, 0.1479844033656505, 0.052159517860249784, 0.1472341668614147, 0.15004766486665694, 0.06694066906760342, 0.1006254450517946, 0.116745904591351, 0.021701359353765885, 0.12194582471982716, 0.07675047571281099, 0.125879604582901, 0.17143440686144784, 0.07130703308813931, 0.1044265367229364, 0.14748341136891016]"
A20K51AP7RX6V8,"[8.160116195678711, 8.137136459350586, 4.219366073608398, -0.8125331401824951, 8.160116195678711, 0.0, 10.664576530456543, 9.061896324157715, -0.8125331401824951, 9.941289901733398, -0.08924610912799835, 8.160116195678711, 1.6919264793395996, 9.941289901733398, 11.566356658935547, 10.664576530456543, 8.137136459350586, 7.346989631652832, 7.436830043792725, 0.0, 8.24936294555664, 8.137136459350586, 8.226383209228516, 1.6919264793395996, 9.852043151855469, 0.0, 0.0, 1.7149064540863037, -0.7895534634590149, 2.504459857940674, 0.0, 9.852043151855469, 0.0, 0.0, 2.504459857940674, 0.9023732542991638, 10.730842590332031, 9.03891658782959, 9.852043151855469, 10.753822326660156, 0.06265247289358396, 0.1425266492112275, 0.07416850142999705, 0.14415253697610073, 0.1309495728335922, 0.061304046441732964, 0.09031680874987962, 0.1642212121666864, 0.15257274309688634, 0.1510444068615028, 0.025676655350973455, 0.13905654533681258, 0.042223957158274844, 0.10041105799666201, 0.04428320569548144, 0.0859720328438247, 0.07118601163749955, 0.09362372727329042, 0.094181092459074, 0.12892823613816998, 0.14823751744101435, 0.16230611951670687, 0.15420126784135127, 0.05799808629060018, 0.05024637679170236, 0.13820704288051314, 0.09297092824193877, 0.0626514148070108, 0.07733255949251538, 0.08012957398638068, 0.16125906985449295, 0.16738161323599743, 0.14793905626962697, 0.029330968750304675, 0.10632009987426033, 0.13002384037212597, 0.10108283464137968, 0.1290848047801247, 0.16365136810929903, 0.13294030058540823]"
A20ODFGO5J70UA,"[0.0, 0.0, 0.0, 0.0, 0.0, 0.0, 0.0, 0.0, 0.0, 0.0, 0.0, 0.0, 0.0, 0.0, 0.0, 0.0, 0.0, 0.0, 0.0, 0.0, 0.0, 0.0, 0.0, 0.0, 0.0, 0.0, 0.0, 0.0, 0.0, 0.0, 0.0, 0.0, 0.0, 0.0, 0.0, 0.0, 0.0, 0.0, 0.0, 0.0, 0.05109875380511805, 0.0941279960809695, 0.1377053147995254, 0.18209323790060394, 0.0791017364493078, 0.11196773789500035, 0.17975572735842288, 0.16590542516677545, 0.08424581567792981, 0.08452139317298542, 0.06925861049510867, 0.14950830736652937, 0.09295957139045237, 0.05233392545907953, 0.03787934306638917, 0.13791551406567704, 0.07221060038969705, 0.06904591261944575, 0.16729262153620109, 0.05809528724218482, 0.15684168866001633, 0.14249317628684577, 0.12327219524439831, 0.11768823804695044, 0.13218187363431172, 0.04206190907684987, 0.11281021636983776, 0.06159226718425713, 0.06381512505092045, 0.09571634589729293, 0.12198257585045319, 0.06611446612159305, 0.11474878388448238, 0.0628689201973088, 0.13683994105292002, 0.04356877508164871, 0.17808601653202144, 0.1069218257908662, 0.1815337790794682, 0.10529779862444422]"
A20Q8XM208DXT1,"[-8.164449691772461, -7.988332271575928, -8.164449691772461, -7.940417289733887, -10.421501159667969, -7.940417289733887, -10.197468757629395, -0.04791494831442833, 0.0, -8.164449691772461, -0.22403207421302795, -7.988332271575928, -8.164449691772461, -7.988332271575928, -8.164449691772461, -10.197468757629395, -8.164449691772461, -8.164449691772461, -8.164449691772461, 0.0, -8.388482093811035, 0.17611713707447052, -8.388482093811035, 0.0, -10.37358570098877, 0.0, 0.0, -7.764300346374512, -8.164449691772461, -7.940417289733887, -7.940417289733887, -19.799564361572266, -0.22403207421302795, 0.0, -0.22403207421302795, 0.17611713707447052, 0.0, -8.164449691772461, -7.988332271575928, -7.988332271575928, 0.1374717364120836, 0.06836369291937497, 0.1642849405718638, 0.04830347264444028, 0.10765580568601527, 0.1197099115767417, 0.06924313099390986, 0.09960756836482977, 0.08902125811641234, 0.09789735975430129, 0.15788290397323784, 0.12103151695668626, 0.17434433456067502, 0.15840483217312162, 0.1323557333713848, 0.08750741893962062, 0.09485878417769639, 0.10796528400190639, 0.10846708125025767, 0.09432782962190764, 0.07995555183698762, 0.049252732925160234, 0.03521074855556218, 0.07963797222579287, 0.13157352394532817, 0.0787126677992797, 0.06293403964184281, 0.15205014773011974, 0.07653022171574574, 0.047961772723016556, 0.095379167147542, 0.15980156687087477, 0.10263474721088452, 0.10238192116324904, 0.11209462119719288, 0.12590321296783957, 0.0797754338347519, 0.0293616768226421, 0.08283496184368963, 0.13897945796019898]"
A20Y9PNINSXAE2,"[8.225571632385254, 8.225571632385254, 4.93994665145874, 3.285625457763672, 8.225571632385254, 0.0, 9.899742126464844, 6.571250915527344, 3.285625457763672, 8.225571632385254, 3.285625457763672, 4.93994665145874, 9.899742126464844, 8.225571632385254, 8.225571632385254, 9.899742126464844, 8.225571632385254, 3.285625457763672, 9.899742126464844, 0.0, 9.899742126464844, 4.93994665145874, 8.225571632385254, 1.6543210744857788, 9.899742126464844, 0.0, 0.0, 4.93994665145874, 6.571250915527344, 3.285625457763672, 3.285625457763672, 9.899742126464844, 3.285625457763672, 0.0, 3.285625457763672, 9.899742126464844, 1.6543210744857788, 4.93994665145874, 9.899742126464844, 8.225571632385254, 0.14806328738845956, 0.08288637326334305, 0.0149140450772515, 0.1029786401924135, 0.11552829925266007, 0.13200562431812976, 0.0882426252242893, 0.07195903867909696, 0.06652793371923824, 0.15983980263175993, 0.12785408291151754, 0.14574048479352186, 0.1324185593577395, 0.04647586129044667, 0.018200873986830655, 0.13033712304089956, 0.10183891518453857, 0.06359222712091378, 0.0734592354077306, 0.1390097272409208, 0.15556811408025206, 0.13697236941578053, 0.07600516869818821, 0.1560979236664632, 0.14029113388145498, 0.08935412122307147, 0.14737291883324097, 0.1373850107604844, 0.07785049958979294, 0.06439687378212348, 0.08256193426523185, 0.14811867370770726, 0.12146703192849274, 0.1374242573044394, 0.08735975227807123, 0.15136060606507096, 0.08156970455709348, 0.05378124379914217, 0.14530096896738334, 0.15626047150351094]"
A21931Z4J17AJ2,"[0.48098114132881165, 0.48098114132881165, 0.0, 0.24049057066440582, 0.48098114132881165, 0.0, 0.48098114132881165, 0.24049057066440582, 0.48098114132881165, 0.48098114132881165, 0.24049057066440582, 0.24049057066440582, 0.24049057066440582, 0.48098114132881165, 0.24049057066440582, 0.48098114132881165, 0.48098114132881165, 0.48098114132881165, 0.48098114132881165, 0.0, 0.24049057066440582, 0.24049057066440582, 0.48098114132881165, 0.0, 0.48098114132881165, 0.0, 0.0, 0.24049057066440582, 0.24049057066440582, 0.0, 0.24049057066440582, 0.48098114132881165, 0.0, 0.24049057066440582, 0.24049057066440582, 0.48098114132881165, 0.24049057066440582, 0.0, 0.48098114132881165, 0.48098114132881165, 0.11301759673455833, 0.15725561632281584, 0.1162658904294579, 0.03768478101414642, 0.07767562137565467, 0.12216979147750259, 0.04073991779458194, 0.15460590463403526, 0.15563729405986895, 0.1635162678573233, 0.10648436544795599, 0.05101266675867438, 0.10950997867629375, 0.043571696911154346, 0.10347564277306609, 0.1645984009082833, 0.13497342101271292, 0.16701067401811515, 0.09141080688079639, 0.08296562501100536, 0.03580038703684232, 0.044771634737371085, 0.05585677374713486, 0.05635823784757338, 0.06143690425793459, 0.02510913097696152, 0.12373427681427293, 0.13781942353267346, 0.16610853743134946, 0.1044791873012571, 0.0472610988536373, 0.08972769804250608, 0.12548081858668342, 0.11380418338681336, 0.03725621739650616, 0.10217303707778974, 0.05378821930206773, 0.11004874119931024, 0.16394604174470745, 0.036090437785520915]"
A21C5SBM0KCCH9,"[4.363579273223877, 0.0, 1.454526424407959, 1.454526424407959, 0.0, 0.0, 2.909052848815918, 2.909052848815918, 0.0, 5.818105697631836, 1.454526424407959, 2.909052848815918, 1.454526424407959, 2.909052848815918, 2.909052848815918, 1.454526424407959, 1.454526424407959, 1.454526424407959, 1.454526424407959, 2.909052848815918, 1.454526424407959, 2.909052848815918, 0.0, 0.0, 1.454526424407959, 0.0, 0.0, 0.0, 0.0, 0.0, 1.454526424407959, 1.454526424407959, 0.0, 0.0, 0.0, 0.0, 0.0, 0.0, 4.363579273223877, 1.454526424407959, 0.060096354132903505, 0.1054755554261234, 0.08310864756950363, 0.060330483646499795, 0.1080895220183664, 0.12621746202836015, 0.07461893118860427, 0.0975322178633223, 0.13350364286596428, 0.07377735078685896, 0.13070045321807175, 0.08628403305183634, 0.15454110923992184, 0.09653813860091444, 0.08479218619313589, 0.11861750924476491, 0.16329965040969116, 0.16003071373614886, 0.03423122778837446, 0.1578249759656803, 0.10695841858805234, 0.06342247730014139, 0.14107859328374792, 0.1230877186052468, 0.03934850211185727, 0.08283708441087194, 0.14196983230565396, 0.04377493611698413, 0.07511856437388131, 0.07535682098291682, 0.17176661838120222, 0.15434166918082742, 0.13212828149751, 0.0436101126545568, 0.15051009242994376, 0.09056211169391708, 0.041762775048742665, 0.09352431086983858, 0.07227858211567983, 0.04485629337571358]"
A21VGLAQKA6UXO,"[-0.38969266414642334, 0.040725238621234894, -0.5065967440605164, 1.0252587795257568, 0.5112001299858093, 0.7478668689727783, -0.38969266414642334, 0.0, 1.178284764289856, 2.043055772781372, 0.0, 0.3942960798740387, 0.6716879606246948, -0.38969266414642334, 0.7885921597480774, -0.8601675033569336, -0.7432634830474854, 0.7885921597480774, 0.6716879606246948, 1.2951889038085938, 2.043055772781372, -1.1375595331192017, -0.8601675033569336, 0.0, 1.1421629190444946, 0.0, 0.0, 2.043055772781372, -2.038452386856079, 1.9261515140533447, -0.38969266414642334, 0.1576293259859085, 0.0, 0.0, -1.608034372329712, -2.432748317718506, 0.2773919701576233, 0.3942960798740387, -0.38969266414642334, -0.5065967440605164, 0.032752947005848916, 0.11330777291920315, 0.14843989012361417, 0.09149260218443134, 0.027557026555273707, 0.1025746890555168, 0.048279088796101516, 0.07076924192557627, 0.02381918452996453, 0.15009282874337787, 0.05786825383585525, 0.1570983356833443, 0.17242784454348284, 0.061786969265586994, 0.12516105265528465, 0.04467209965690325, 0.1734698720427802, 0.09710862947926982, 0.049821474298597464, 0.03612541433715649, 0.15561126861265645, 0.14290333321701254, 0.16314953098585783, 0.06952334146471523, 0.08003229991135591, 0.15499376284187277, 0.1104267830961404, 0.023093705224726552, 0.06626484671492511, 0.16505735418251716, 0.101442630270552, 0.1414276061471423, 0.03675884271908154, 0.10192493764258888, 0.028198216503643507, 0.16034433171885637, 0.10705571758495304, 0.04612963485234231, 0.039806999527132625, 0.02961842264380459]"
A21YAPFNXKFIUC,"[9.449172973632812, 9.449172973632812, 8.88770866394043, 5.173614501953125, 9.449172973632812, 0.0, 9.449172973632812, -0.1682959347963333, 0.7297608852386475, 9.449172973632812, 0.0, 9.449172973632812, 8.31396770477295, 9.449172973632812, 8.31396770477295, 8.31396770477295, 9.61746883392334, 5.005319118499756, 9.449172973632812, 0.7297608852386475, 9.449172973632812, 4.038409233093262, 9.61746883392334, 3.3086483478546143, 9.61746883392334, 0.0, 0.0, 8.31396770477295, 4.275557994842529, 0.7297608852386475, 4.275557994842529, 9.449172973632812, 4.443854331970215, 0.0, 6.308820724487305, 7.75250244140625, 9.449172973632812, 8.48226261138916, 9.449172973632812, 8.48226261138916, 0.15113281136633985, 0.1741202523401135, 0.15915697767290762, 0.11790677740054867, 0.03133821077520054, 0.10537801389865044, 0.03799550142165313, 0.1538415765521374, 0.08217316316940493, 0.09586245414159855, 0.15299408847710838, 0.1412181165179933, 0.13952853554339165, 0.08970520974863437, 0.14738147194010798, 0.05785525544069655, 0.11255181051343285, 0.12060805370120432, 0.11954236540086005, 0.06947413646796693, 0.14648316708495102, 0.12762121917994426, 0.04813853256720856, 0.11486315213534248, 0.1450681982593283, 0.13028262671850233, 0.07085558177520172, 0.10895375505901488, 0.06618282930881068, 0.13238284564007485, 0.09868096304434387, 0.08391192497168062, 0.13183318514370745, 0.11143412375783669, 0.07088568631045683, 0.1528623638563571, 0.04930672100334155, 0.09113158148839218, 0.06464592300090082, 0.07114621028248197]"
A222BBVJ75BTFE,"[1.5096948146820068, 5.195651054382324, 2.5352535247802734, 2.597825527191162, 5.195651054382324, 0.0, 5.195651054382324, 2.2989957332611084, 0.0, 7.557218551635742, 2.597825527191162, 8.243412017822266, 5.195651054382324, 7.557218551635742, 5.195651054382324, 5.195651054382324, 3.871262311935425, -0.06257198005914688, -0.9285914897918701, 0.0, 2.5787429809570312, 5.195651054382324, 7.599814414978027, 2.597825527191162, 7.557218551635742, 0.0, 2.597825527191162, 5.195651054382324, 5.002882957458496, -1.0881305932998657, 2.597825527191162, 7.557218551635742, 0.0, 0.0, -0.06257207691669464, 2.5352535247802734, 5.195651054382324, 5.195651054382324, 3.871262311935425, 2.5352532863616943, 0.14124560133773706, 0.04386860196035765, 0.09354735295875452, 0.14903168415617563, 0.020927511898437515, 0.05943564300175603, 0.07290096040662883, 0.14992695181106516, 0.1433415544606315, 0.13546731640297138, 0.09243349125807726, 0.13184198140780756, 0.15103884849494226, 0.05600250623851374, 0.05029851713386294, 0.11031414584182994, 0.07374834086420175, 0.15205409160575228, 0.15816244691262207, 0.07357260424482824, 0.046218168503820205, 0.11588126169345031, 0.0336633326437709, 0.04033596521514103, 0.059969371795093755, 0.04321386045233705, 0.03356269589045015, 0.10174574639469428, 0.14595126182538917, 0.10036545730686722, 0.15158081463403536, 0.15228731779914215, 0.14784863395952946, 0.02271858559226003, 0.07658770196460352, 0.029512480611858335, 0.06221428561651477, 0.04044386966225945, 0.026715584345358697, 0.1332636756029365]"
A227E7W4KXAOXG,"[19.79836654663086, 19.79836654663086, 7.670827388763428, 8.400546073913574, 19.79836654663086, -0.5773203372955322, 19.79836654663086, 19.79836654663086, 0.7297182679176331, 19.79836654663086, 18.00770378112793, 19.79836654663086, 2.5084035396575928, 19.79836654663086, 19.79836654663086, 19.79836654663086, 19.79836654663086, 19.79836654663086, 19.79836654663086, 0.7297182679176331, 19.79836654663086, 12.505340576171875, 19.79836654663086, 0.10013023018836975, 19.79836654663086, 0.0, 1.778685212135315, 7.823225021362305, 19.79836654663086, 2.6085336208343506, 1.778685212135315, 19.79836654663086, 12.992083549499512, 0.0, 8.400546073913574, 7.670827388763428, 15.211332321166992, 19.79836654663086, 19.79836654663086, 19.79836654663086, 0.05683115519351921, 0.13058645867108779, 0.08934674635048401, 0.056848196861186646, 0.1187563484035921, 0.04316881062267803, 0.08202137970895468, 0.06554332724382764, 0.11806098343941875, 0.14937810024472625, 0.04754078915336732, 0.09058643663531213, 0.09647984360826382, 0.12334423459456008, 0.09155279135253046, 0.05397924894077637, 0.055749212740001594, 0.07938161627443674, 0.16249049291592654, 0.08704792977973337, 0.06635934553829843, 0.12380809704715733, 0.10353516596874048, 0.1740321905691341, 0.17293488547536218, 0.0650240269757385, 0.1056955152436924, 0.1750482623253049, 0.035703651938369024, 0.13544575874426937, 0.16906599136675138, 0.16422983899898624, 0.09475935833864019, 0.14608224838761205, 0.13920060784822455, 0.05229104261168246, 0.1321986627591957, 0.03763952232261953, 0.04638686970194938, 0.09568168102248296]"
A22CW0ZHY3NJH8,"[16.170101165771484, 13.371183395385742, 10.762937545776367, 12.273065567016602, 15.581802368164062, 5.891835689544678, 17.327228546142578, 12.940023422241211, 5.423888206481934, 11.778791427612305, 8.514091491699219, 11.728826522827148, 13.103797912597656, 14.53892993927002, 17.615432739257812, 20.728994369506836, 16.305667877197266, 12.482906341552734, 15.23305606842041, 3.905268907546997, 16.01813507080078, 10.784125328063965, 17.231616973876953, 1.672800064086914, 15.356546401977539, 3.905268907546997, 3.55509877204895, 9.593639373779297, 9.911884307861328, 14.464241981506348, 13.521890640258789, 16.712343215942383, 3.73445987701416, 0.0833558738231659, 14.370329856872559, 10.833719253540039, 5.110868453979492, 3.355705738067627, 18.06620979309082, 14.526742935180664, 0.10883252219189855, 0.07320881233781576, 0.09675075414899631, 0.028078621837873758, 0.06152461810732991, 0.14434485108087206, 0.05333085733553792, 0.019012916492007377, 0.06167393579580682, 0.05802590246166108, 0.10356239060727006, 0.06154011364300913, 0.14915284181905147, 0.068612555966219, 0.01640025729035737, 0.0995158523685318, 0.1422173855316974, 0.016456969525837677, 0.11412436882168699, 0.09892760163162749, 0.13142598926623114, 0.14181240348893814, 0.07317617427322358, 0.03266607729747416, 0.12023650069008487, 0.1144315663272256, 0.12764686037371037, 0.10349465261468545, 0.1466268212838189, 0.047361520011454, 0.09735764010133556, 0.0839724641685914, 0.02609060921540839, 0.05103523024615496, 0.12131563845881761, 0.16335848919736862, 0.11178897006006391, 0.05056097137694505, 0.04324590836044024, 0.15919362049618507]"
A22V1MD93T2FW9,"[19.79957389831543, 19.79957389831543, 16.822906494140625, 19.79957389831543, 19.79957389831543, 6.729330539703369, 19.79957389831543, 19.79957389831543, 19.79957389831543, 19.79957389831543, 9.436773300170898, 19.79957389831543, 19.79957389831543, 19.79957389831543, 19.79957389831543, 19.79957389831543, 19.79957389831543, 19.79957389831543, 19.79957389831543, 16.353160858154297, 19.79957389831543, 19.79957389831543, 19.79957389831543, 0.0, 19.79957389831543, 0.0, 9.348714828491211, 19.79957389831543, 17.966182708740234, 19.79957389831543, 19.79957389831543, 19.79957389831543, 1.05521821975708, 0.0, 19.79957389831543, 16.820480346679688, 19.79957389831543, 19.79957389831543, 19.79957389831543, 19.79957389831543, 0.04921757401884414, 0.17531882791760237, 0.1238935137213397, 0.054243693357618854, 0.05539430068623435, 0.1036327481255503, 0.10003038628233168, 0.15753217746697915, 0.030304562422936904, 0.09303169216288028, 0.14900552875649603, 0.13562193747128978, 0.13528791705707427, 0.1362984155834753, 0.035833186234370845, 0.06715321166823011, 0.044487642175362906, 0.1296892814400867, 0.06838912666646108, 0.14356436109485668, 0.10995359818382301, 0.1785853426005324, 0.10094702005516419, 0.1066317413878287, 0.16569289351972427, 0.0572578668311382, 0.03608902941792234, 0.07803421574662849, 0.12894953623558925, 0.05243330363227681, 0.12857181198260995, 0.036449509655377146, 0.11938322133932315, 0.03652877244247078, 0.17403808104332968, 0.03000188628904345, 0.05248317159481457, 0.0646717699186082, 0.1360965412809447, 0.12615602577497748]"
A22WRCL3T66COU,"[4.784553527832031, 1.9900002479553223, 0.0, 1.9900002479553223, 6.407841682434082, 0.3667118549346924, 5.1512651443481445, 1.9900002479553223, 0.0, 4.784553527832031, 1.9900002479553223, 1.9900002479553223, 1.6232882738113403, 3.613288164138794, 0.0, 5.1512651443481445, 2.3567118644714355, 0.0, 1.9900002479553223, 0.0, 0.0, 0.0, 1.6232882738113403, 0.0, 0.0, 0.0, 0.0, 2.794553518295288, 0.0, 1.6232882738113403, 0.3667118549346924, 3.9800004959106445, 0.0, 0.0, 1.6232882738113403, 3.1612653732299805, 1.9900002479553223, 0.0, 5.1512651443481445, 2.3567118644714355, 0.034489943231185066, 0.10295584125182687, 0.028686570316036972, 0.16076538632323573, 0.1688338997499014, 0.05612145193285584, 0.02403070321940572, 0.11329899784824345, 0.15822864753522276, 0.0734855569591563, 0.07204378257513008, 0.037310830914716514, 0.1587562571868655, 0.03043740478129607, 0.15882473737469507, 0.1292630906348449, 0.13537487632616935, 0.1666672528592504, 0.1054306905461272, 0.16660884672284956, 0.05065817074213511, 0.129431850853076, 0.12587517462157333, 0.07443293259186384, 0.13103023877967854, 0.03848311368271775, 0.0976357667007315, 0.1452969878028723, 0.08893570874904108, 0.16064427970771997, 0.07230828314928987, 0.102621712760241, 0.08772246657574848, 0.0582382282850639, 0.042019254255722734, 0.02502096355532207, 0.08283680212186688, 0.056622296145996946, 0.048590848566555565, 0.063793075055878]"
A22X7GUEMMORP8,"[0.3750745952129364, 1.5712542533874512, -2.1622908115386963, 2.523283004760742, 1.3073285818099976, -1.1285400390625, -3.0151984691619873, -0.7203263640403748, 0.43598243594169617, 0.15235625207424164, -1.0666917562484741, -2.228544235229492, -2.4968507289886475, 1.4419395923614502, -1.5017832517623901, 1.0383540391921997, -3.497387647628784, -2.710733652114868, 2.8079731464385986, -1.1725690364837646, -1.0358542203903198, 3.4399945735931396, 2.523283004760742, 0.0, -1.822508454322815, -1.6085515022277832, -1.1725690364837646, -0.4874113202095032, -1.457754373550415, -2.770404100418091, 0.6695904731750488, 0.8905515074729919, -2.770404100418091, 0.0, -2.005702495574951, -0.7985586524009705, -1.1021822690963745, 1.2336995601654053, -2.2661383152008057, -2.0497310161590576, 0.1312872207476359, 0.1117474917935034, 0.11139079172475377, 0.022943351357302428, 0.05985613192242748, 0.09344082126428098, 0.07082217785126504, 0.1233850686929921, 0.14333124964795005, 0.019040982945521475, 0.056621214423367074, 0.11196270012887322, 0.12922216582421578, 0.13286087368714133, 0.10694618108697194, 0.13209981266331905, 0.12868435448368143, 0.09806611094714156, 0.10445603587502794, 0.15346099672438523, 0.052417151786357745, 0.14624213291634877, 0.06579309933165921, 0.12689077442883379, 0.11714792214789199, 0.09007701625131373, 0.15815478630316054, 0.12229818133304135, 0.11082083899356107, 0.15137844258059133, 0.10934300395044963, 0.10627913758691905, 0.14458877460202843, 0.10318043376154928, 0.024565992322268148, 0.0961382949002167, 0.057388861580553105, 0.05777729096834306, 0.09907836331457666, 0.15337673276039018]"
A22XX80SB8WMUK,"[0.5151360630989075, 0.0, 0.5151360630989075, 0.0, 0.0, 0.0, 0.5151360630989075, 0.0, 0.0, 0.5151360630989075, 0.0, 0.0, 0.0, 0.0, 0.0, 0.5151360630989075, 0.0, 0.0, 0.0, 0.0, 0.0, 0.0, 0.0, 0.0, 0.0, 0.0, 0.0, 0.0, 0.5151360630989075, 0.0, 0.0, 0.0, 0.0, 0.0, 0.0, 0.0, 0.0, 0.0, 0.5151360630989075, 0.0, 0.02996478543439306, 0.11565489119685715, 0.08798723042571455, 0.042356212437623185, 0.05982037956520958, 0.08970295734829753, 0.1357218372116362, 0.1446890965808902, 0.13968579175895526, 0.14127706943966142, 0.1444212573923428, 0.0884667231831788, 0.15183049712595642, 0.04178198584234375, 0.07926775880542775, 0.06058349278177618, 0.13294213076732853, 0.1188426637944563, 0.03101771143495541, 0.0956075105618765, 0.028318682787349676, 0.0574245617798934, 0.03469569250245309, 0.14396024573816174, 0.024504336712204654, 0.09165065092546268, 0.08149950919622534, 0.08390913139585007, 0.036384530686587674, 0.08316657630975227, 0.05734369919660268, 0.16180163015174742, 0.13652833830263772, 0.06064896128764834, 0.0526064851417599, 0.13003153595707567, 0.1517480676215398, 0.14189837329422805, 0.027351118601449984, 0.03725892868117494]"
A23ALLEUZQKAR1,"[6.145244121551514, 6.145244121551514, 0.0, 0.0, 12.290488243103027, 0.0, 12.290488243103027, 0.0, 6.145244121551514, 12.290488243103027, 0.0, 12.290488243103027, 0.0, 6.145244121551514, 0.0, 6.145244121551514, 12.290488243103027, 6.145244121551514, 6.145244121551514, 0.0, 0.0, 0.0, 6.145244121551514, 0.0, 6.145244121551514, 0.0, 0.0, 6.145244121551514, 0.0, 0.0, 6.145244121551514, 12.290488243103027, 0.0, 0.0, 6.145244121551514, 6.145244121551514, 0.0, 0.0, 6.145244121551514, 6.145244121551514, 0.09364083203153155, 0.092811374017295, 0.17321584056114475, 0.0374551728528624, 0.1411850306945536, 0.1451628995106924, 0.10096865105003339, 0.055767919505109335, 0.12416084521308633, 0.10190154933536495, 0.03840379202161553, 0.08894666269920898, 0.08106113652038946, 0.07583774110294572, 0.02712409775267035, 0.057353746838932594, 0.1553345875459242, 0.13422680418326896, 0.1643759193211338, 0.062078686638923235, 0.08773144868286839, 0.17275529206698234, 0.039031674019984475, 0.11730592772665682, 0.044949054396515524, 0.17263552597522436, 0.1341744533732221, 0.15359359009912327, 0.0896178700262687, 0.028121497548248463, 0.06984440227239556, 0.1166422060917908, 0.060078555135234864, 0.08631902181927846, 0.14632615405219992, 0.09927396856305348, 0.10822801933355931, 0.1688315178008955, 0.03294214718244516, 0.14389197343549778]"
A23FCPNAHZDWCZ,"[18.533620834350586, 21.89471435546875, 13.391843795776367, 10.293575286865234, 13.69315242767334, 0.8472490906715393, 22.38577651977539, 15.666375160217285, 0.9121508598327637, 8.060065269470215, 7.257362365722656, 19.37808609008789, 15.102181434631348, 20.1762752532959, 14.914034843444824, 11.067880630493164, 14.089492797851562, 10.653287887573242, 21.835506439208984, 3.121779441833496, 20.14991569519043, 4.374711036682129, 14.115848541259766, 4.13558292388916, 20.439836502075195, 2.2096285820007324, 1.5366055965423584, 17.312366485595703, 5.921339988708496, 1.0863770246505737, 9.381424903869629, 14.622812271118164, 7.257362365722656, 0.0, 13.291923522949219, 15.427247047424316, 4.684679985046387, 8.733088493347168, 22.650022506713867, 22.62367057800293, 0.10527295347292807, 0.15021342672888288, 0.158070431152446, 0.14646549951769033, 0.18004342672829962, 0.17266565717978116, 0.16443166185640892, 0.09603229836009322, 0.12510943377111386, 0.08868827108536032, 0.12282328226584782, 0.07696961402212568, 0.12418720066410403, 0.11830875366441869, 0.1571573182629347, 0.09529960849212982, 0.12079241667879492, 0.08108262428594037, 0.06783403135471229, 0.16836923398554038, 0.07114690194463603, 0.0685622926231316, 0.16271692891580716, 0.06837215778986348, 0.15817528806430112, 0.12558760325326596, 0.09824394539589792, 0.06621929949222531, 0.04591153485474768, 0.06908723235655019, 0.17895923607634012, 0.1524416689732958, 0.03906280019870944, 0.09651440958746191, 0.05902674643178919, 0.09118626407573027, 0.05043823389555393, 0.16775265281636995, 0.04296785931193005, 0.15338210653790177]"
A23JI9AN3N4GFK,"[9.487163543701172, 11.418416976928711, 11.418416976928711, -1.814497709274292, 22.01787757873535, 0.8939461708068848, 23.819072723388672, 24.651329040527344, 10.524471282958984, 11.623464584350586, 0.8939461708068848, 22.720077514648438, 1.3409192562103271, 21.812829971313477, 12.84762954711914, 22.01787757873535, 13.424659729003906, 12.19560718536377, 9.487163543701172, 0.8939461708068848, 10.139184951782227, 11.176491737365723, 23.372098922729492, 0.6520212888717651, 9.487163543701172, 0.8939461708068848, 0.8939461708068848, 12.772638320922852, -1.0373066663742065, 1.54596745967865, -0.4602758288383484, 23.297109603881836, 0.8939461708068848, 0.0, -0.4602758288383484, -2.391528606414795, 10.524471282958984, 12.530713081359863, 23.438674926757812, 9.487163543701172, 0.17910861839813, 0.0407001687673731, 0.0779790235597354, 0.06654986816254259, 0.15096425349602663, 0.12532778658130275, 0.051006567017079764, 0.10937895360443209, 0.16685368400399572, 0.04541223860093305, 0.11260583791410508, 0.12294628190478385, 0.08598176207266787, 0.12081631287455534, 0.1251805818556117, 0.05425517212113515, 0.055713415942978316, 0.057016010263073805, 0.1127330388682837, 0.1002000109011034, 0.0704733919380616, 0.05436433305493127, 0.1733083471521398, 0.056396591659163754, 0.105943167416129, 0.15339252563648023, 0.17089450533744013, 0.17523138741316657, 0.10615955146714916, 0.05466193805827183, 0.16252329862109471, 0.10966067293097269, 0.041981768831081685, 0.10164496172181901, 0.0711712011630473, 0.07532676222309796, 0.05556915496281432, 0.17619926214364423, 0.04144211093476088, 0.1333935270616758]"
A23NIAK357LIYU,"[1.654331922531128, 1.654331922531128, 1.654331922531128, 0.0, 1.654331922531128, 0.0, 1.654331922531128, 0.0, 0.0, 1.654331922531128, 0.0, 1.654331922531128, 1.654331922531128, 1.654331922531128, 1.654331922531128, 1.654331922531128, 1.654331922531128, 0.0, 1.654331922531128, 0.0, 1.654331922531128, 1.654331922531128, 1.654331922531128, 1.654331922531128, 1.654331922531128, 0.0, 0.0, 1.654331922531128, 0.0, 0.0, 0.0, 1.654331922531128, 0.0, 0.0, 0.0, 1.654331922531128, 1.654331922531128, 1.654331922531128, 1.654331922531128, 1.654331922531128, 0.1623949204947671, 0.07493312703675717, 0.06176966828158192, 0.027532572091489804, 0.1277817965258147, 0.03513154027275885, 0.06819018685155954, 0.1475402578347702, 0.12045062564559572, 0.12614917226351696, 0.01759960633976378, 0.16136601369348885, 0.026143087241110953, 0.07778021031333032, 0.05221069012630961, 0.12308557694332034, 0.03884211551045316, 0.08483078328934869, 0.047630389139714534, 0.16341291154455612, 0.051728816587263776, 0.036948893308820965, 0.12572368397781308, 0.045732625349827374, 0.028827310913469382, 0.09885757040624917, 0.12649705936070238, 0.08486132096586342, 0.12538497140169402, 0.050178869100975354, 0.15222183416786844, 0.04004163792362234, 0.15964618543377687, 0.14719481855356462, 0.14483837545211514, 0.12451964023426326, 0.15629530071505732, 0.15400696850982873, 0.08745980373458825, 0.030145396173639705]"
A23NSBJ5CGLWAA,"[24.749252319335938, 24.749252319335938, 24.749252319335938, 8.382944107055664, 24.749252319335938, 6.1951093673706055, 24.749252319335938, 1.996274709701538, 6.856409072875977, 7.285066604614258, 6.378748416900635, 8.382944107055664, 24.749252319335938, 24.749252319335938, 24.749252319335938, 24.749252319335938, 24.749252319335938, 24.749252319335938, 24.749252319335938, 5.288791656494141, 24.749252319335938, 6.378748416900635, 24.749252319335938, 0.0, 24.749252319335938, 0.0, 5.288791656494141, 24.749252319335938, 24.749252319335938, 1.996274709701538, 7.954286575317383, 24.749252319335938, 0.477660596370697, 0.0, 24.749252319335938, 6.378748416900635, 23.558197021484375, 8.240387916564941, 24.749252319335938, 24.749252319335938, 0.09875755035467103, 0.10616873532140061, 0.034156701128397506, 0.12417561565754393, 0.1580397139653307, 0.1028709877995583, 0.0618254715124544, 0.06267359397842852, 0.05364747494820955, 0.04042401048659171, 0.1580257604782174, 0.11866500309709938, 0.17165058986838694, 0.1485047199418946, 0.1314316938969649, 0.06775410262499765, 0.16126829653348979, 0.06294225633047536, 0.07417505975673332, 0.05210516551169782, 0.1515355687212517, 0.07612060520529294, 0.1707705222669797, 0.049695649134377747, 0.06235477398828928, 0.08590246621867077, 0.0399522509393658, 0.17904521296140855, 0.086764903910339, 0.08211819098778649, 0.1215376532128799, 0.09088710446520527, 0.135659666387553, 0.06663680642382883, 0.044376401683873086, 0.15584288337314262, 0.07289361440258668, 0.040483794424031654, 0.17967694995045735, 0.08365528183169572]"
A23S9B3XGR5CMX,"[6.42157506942749, 4.768235683441162, 1.757584571838379, 3.6877472400665283, 6.3775458335876465, 0.0, 6.3775458335876465, 1.7135552167892456, 0.36488163471221924, 4.768235683441162, 1.7135552167892456, 2.078436851501465, 3.427110433578491, 6.3775458335876465, 4.768235683441162, 2.078436851501465, 4.768235683441162, 3.731776714324951, 5.036420822143555, 0.36488163471221924, 4.768235683441162, 2.078436851501465, 3.775805711746216, 0.0, 9.023314476013184, 0.0, 1.7135552167892456, 4.768235683441162, 3.3228654861450195, 2.1224660873413086, 3.3668949604034424, 4.768235683441162, 0.0, 0.0, 2.1224660873413086, 4.447383403778076, 3.6877472400665283, 2.078436851501465, 4.768235683441162, 3.731776714324951, 0.07086070171487066, 0.046078452021127675, 0.08843151515609203, 0.13523826111650616, 0.018279751397559208, 0.10125052450091825, 0.11704236800216476, 0.08338463104792282, 0.014510358386063467, 0.0564210483102878, 0.024436712885719237, 0.052591349212799364, 0.1451580874991724, 0.08566956610073291, 0.08959572971745726, 0.15360056905893452, 0.14975842595956615, 0.1304973403989387, 0.06687931705207607, 0.05662692979042105, 0.15290891542958632, 0.15900358974310128, 0.11178413132500638, 0.10133192546175983, 0.1498109649962288, 0.0709426412082343, 0.10447659393162534, 0.10602610604069058, 0.1049967742965789, 0.03236410139037735, 0.15263138853188912, 0.05019284037594354, 0.1097670938039742, 0.15232615274800712, 0.14803687797010712, 0.10241689215172711, 0.10988845459171884, 0.09198324508065614, 0.15698445318244297, 0.11989403802860654]"
A23TC03PKGDVQM,"[3.237118721008301, 3.237118721008301, 1.6185593605041504, 1.6185593605041504, 3.237118721008301, 0.0, 3.237118721008301, 3.237118721008301, 0.0, 3.237118721008301, 3.237118721008301, 3.237118721008301, 1.6185593605041504, 3.237118721008301, 1.6185593605041504, 3.237118721008301, 3.237118721008301, 1.6185593605041504, 3.237118721008301, 0.0, 1.6185593605041504, 1.6185593605041504, 1.6185593605041504, 0.0, 1.6185593605041504, 0.0, 1.6185593605041504, 1.6185593605041504, 1.6185593605041504, 1.6185593605041504, 1.6185593605041504, 3.237118721008301, 0.0, 0.0, 1.6185593605041504, 1.6185593605041504, 3.237118721008301, 1.6185593605041504, 3.237118721008301, 3.237118721008301, 0.02982268483083288, 0.07603804467660033, 0.1465286636621723, 0.06247598014209245, 0.039904303760282096, 0.15466769067772684, 0.08958190690899917, 0.11762443415632627, 0.0730730520803641, 0.1623716146066116, 0.01853363273496351, 0.06143725683441776, 0.11532956086646742, 0.08524515037910982, 0.05721121262131251, 0.11576465633112808, 0.11223590524600809, 0.09950832993957501, 0.15997290047384913, 0.06088172064183036, 0.09423750829604872, 0.06018909050335405, 0.10661605991127232, 0.055634685909615164, 0.13654604786265007, 0.157908377187511, 0.13810403759515297, 0.048691412118024295, 0.14865684740633733, 0.01394403966767168, 0.08255769953076873, 0.05712295744018186, 0.011763801046537195, 0.11054499945399267, 0.1330493492652352, 0.1572634837998714, 0.13987265579242888, 0.15620563444857774, 0.14812103111087047, 0.15592626490254458]"
A23ZC494ZWNEE0,"[3.2707395553588867, 2.667001485824585, 2.5409772396087646, 2.667001485824585, 3.2707395553588867, 0.6037382483482361, 3.2707395553588867, 1.3335007429122925, 0.7297624945640564, 2.667001485824585, 1.3335007429122925, 2.667001485824585, 2.667001485824585, 2.667001485824585, 2.667001485824585, 2.667001485824585, 3.2707395553588867, 3.2707395553588867, 2.667001485824585, 0.7297624945640564, 2.667001485824585, 2.063263177871704, 2.667001485824585, 0.0, 3.2707395553588867, 0.0, 1.3335007429122925, 2.667001485824585, 2.5409772396087646, 2.667001485824585, 1.9372390508651733, 2.667001485824585, 0.0, 0.0, 2.667001485824585, 1.3335007429122925, 2.063263177871704, 2.667001485824585, 3.2707395553588867, 2.667001485824585, 0.1257338385549694, 0.10958827507172084, 0.15955995839230994, 0.04933469871929716, 0.16268711436999075, 0.06695038462173772, 0.05227713707875583, 0.08053652404248425, 0.11425242793467918, 0.10059165062576393, 0.04331179636688647, 0.1316390318713412, 0.09967795441950732, 0.14318247617607702, 0.11575573902618753, 0.12668669649857012, 0.13948386871805157, 0.051470419448478105, 0.12324436012360206, 0.02956919890784585, 0.07266101725825477, 0.12683933999628225, 0.05546345853347386, 0.15655670646632663, 0.13539789863155885, 0.02841110956303468, 0.11176321730597809, 0.12436933061439767, 0.09295851750269635, 0.07176843735711892, 0.1002069976100679, 0.17532536870000237, 0.06426722776387789, 0.07245569519866271, 0.034894066642275755, 0.061097037564051715, 0.04120225041817318, 0.16100568924187317, 0.061939889537863876, 0.15607651064359]"
A244RDHGOX4Z2J,"[12.885185241699219, 13.457633972167969, -2.27565860748291, -1.3262895345687866, 13.457633972167969, -1.3262895345687866, 13.834554672241211, 15.160844802856445, 0.0, 13.834554672241211, 7.580422401428223, 14.783924102783203, -1.3262895345687866, 12.885185241699219, 13.834554672241211, 13.834554672241211, 14.783924102783203, 14.783924102783203, 11.5588960647583, 0.0, 13.834554672241211, 7.580422401428223, 13.834554672241211, 0.0, 14.783924102783203, 0.0, 0.0, -1.3262895345687866, 5.3047637939453125, -1.3262895345687866, -1.3262895345687866, 13.834554672241211, 6.631053447723389, 0.0, -0.9493691325187683, -0.9493691325187683, 7.580422401428223, 14.783924102783203, 13.834554672241211, 14.783924102783203, 0.047000198336610385, 0.1497795806666596, 0.08166626745467709, 0.0928211734730592, 0.1654236328918334, 0.15643133387830774, 0.152382132894915, 0.1319824000796576, 0.11664740750557259, 0.14980365093475093, 0.024731391002693094, 0.06795107433315983, 0.08389796158644502, 0.03482521267566132, 0.04211516742708074, 0.030319186755428103, 0.1415120137855147, 0.02976250614562116, 0.02969899130345243, 0.1292725752090973, 0.06649504328594726, 0.0513487049752666, 0.05379962828710349, 0.047299785562779084, 0.056025566625251606, 0.07316666436912257, 0.09903306494951228, 0.16409175241267349, 0.03197419165207993, 0.05647989202911505, 0.12039250337286511, 0.12229578907073757, 0.04960482236716298, 0.08371983255400346, 0.03812700044970247, 0.1387788192153929, 0.16844767370934022, 0.08858588821494495, 0.0697515788107343, 0.09365138704646817]"
A245UNW3PI53NG,"[-1.8431296348571777, -0.4270738959312439, -1.6858725547790527, -1.6529808044433594, -0.6495205760002136, 0.0, -0.6166287064552307, 0.0, 0.0, -0.4270738959312439, 0.0, -1.1273798942565918, -0.8666213750839233, -1.2134332656860352, -1.0561761856079102, -0.6166287064552307, 0.4066556990146637, -0.4270738959312439, -0.399527907371521, 0.0, -1.2134332656860352, 0.4395475387573242, -0.1895548701286316, 0.4395475387573242, 0.02754596620798111, 0.0, 0.0, -0.1895548701286316, -0.786359429359436, 0.0, -0.6824123859405518, -0.6495205760002136, 0.0, 0.0, -0.786359429359436, -0.22244668006896973, -0.4270738959312439, -0.1895548701286316, -0.6495205760002136, -1.0238783359527588, 0.029732020211702626, 0.15630708855790168, 0.13068663005575062, 0.07831130024244617, 0.0806744648191596, 0.16286817533727577, 0.09935229527631474, 0.11527212193994131, 0.03505349979045421, 0.11631409321063323, 0.11161644793688352, 0.14729154025648028, 0.1472830128600093, 0.15048463526251551, 0.050358671252304546, 0.12134311532775463, 0.07793372143088886, 0.06659848237913787, 0.10198521028255819, 0.05153106341155756, 0.050037813644167074, 0.10672429064740312, 0.10454033522067796, 0.044825402299581645, 0.16376860865630402, 0.052127352617739244, 0.13603125184706563, 0.12994057500125977, 0.12240202359215588, 0.08299784984829825, 0.12283961868555694, 0.10832013825170833, 0.08884577830500474, 0.09799314843648003, 0.06585345248949952, 0.15427790527376734, 0.04903786017207254, 0.15599394131280303, 0.040104165740522765, 0.1069946620406518]"
A24A9FRVM8TQZS,"[6.571194648742676, 6.571194648742676, 6.571194648742676, 6.571194648742676, 6.571194648742676, 6.571194648742676, 6.571194648742676, 6.571194648742676, 6.571194648742676, 13.142389297485352, 0.0, 0.0, 6.571194648742676, 6.571194648742676, 6.571194648742676, 6.571194648742676, 6.571194648742676, 0.0, 6.571194648742676, 0.0, 6.571194648742676, 13.142389297485352, 6.571194648742676, 0.0, 6.571194648742676, 0.0, 0.0, 6.571194648742676, 6.571194648742676, 6.571194648742676, 6.571194648742676, 6.571194648742676, 0.0, 0.0, 6.571194648742676, 6.571194648742676, 0.0, 0.0, 6.571194648742676, 6.571194648742676, 0.15458013589738243, 0.14286020642218397, 0.16306881875379575, 0.039192208420564964, 0.02513296278654555, 0.05605987811323991, 0.0781377841904849, 0.03861003940341997, 0.02863318140909132, 0.1181343878006178, 0.12402380941770555, 0.06605264175296209, 0.15730230443332802, 0.029502416505055425, 0.04010599403182014, 0.16626326219162718, 0.12425357324360142, 0.04757866890813282, 0.15586418844712766, 0.03395519067418587, 0.058397538886571114, 0.05095039370531141, 0.11834059618218662, 0.07105435190528202, 0.10056495668920333, 0.06602241983384709, 0.15815903397865308, 0.0589070319375902, 0.12122032804762961, 0.12667212105851713, 0.1672269791379737, 0.13272312934369418, 0.05636647947224213, 0.04981941442303237, 0.13280535831100118, 0.07644216948305302, 0.11553308228673775, 0.13991530115049788, 0.162645267555309, 0.15090971799575087]"
A24FALIPWP6850,"[9.899197578430176, 9.899197578430176, 9.899197578430176, 3.2954180240631104, 9.899197578430176, 0.3575589954853058, 9.899197578430176, 2.841737985610962, 0.4562787711620331, 9.899197578430176, 1.6986031532287598, 5.405011177062988, 9.899197578430176, 9.899197578430176, 6.7690958976745605, 9.899197578430176, 9.899197578430176, 3.0681324005126953, 9.899197578430176, 0.3575589954853058, 8.849214553833008, -0.4615253210067749, 9.899197578430176, 0.0, 9.899197578430176, 0.3575589954853058, 2.1042723655700684, 9.83477783203125, 2.889575481414795, 2.1042723655700684, 9.899197578430176, 9.899197578430176, 9.899197578430176, 0.0, 9.899197578430176, 9.899197578430176, 5.869481086730957, 0.862393319606781, 9.899197578430176, 9.899197578430176, 0.03742237576925268, 0.072735822658042, 0.15737734058275338, 0.03916407859119525, 0.13652911789365307, 0.1566606480045057, 0.050456548890518094, 0.039304892171588605, 0.12326306327298658, 0.16033700148496421, 0.09728909268398021, 0.16195973917103085, 0.15590264490567446, 0.026403873799715077, 0.06264775532958351, 0.15985454396438803, 0.08458040849817068, 0.11101537801162745, 0.02107879733566412, 0.04806040265304062, 0.050230000949952225, 0.10789431636768963, 0.05687594807485319, 0.05031137814308896, 0.0267815156705832, 0.017406225212982105, 0.06848221565474559, 0.15488935201160509, 0.15475753315501906, 0.06448610014040508, 0.03106318427625913, 0.043416206942696094, 0.040370827718135834, 0.07784879042034248, 0.06124561288607278, 0.08285000612903255, 0.1517593454726116, 0.03569466927669031, 0.05863496212158616, 0.025655301377646718]"
A24HQ2N7332W7W,"[6.44898796081543, 6.44898796081543, 5.795008659362793, 0.7430031299591064, 3.9674971103668213, 0.7200232148170471, 6.53801155090332, 2.570514440536499, 0.7200232148170471, 6.53801155090332, 1.4630264043807983, 3.9674971103668213, 3.9674971103668213, 6.53801155090332, 6.53801155090332, 6.53801155090332, 6.4260077476501465, 1.486006259918213, 6.44898796081543, 0.7200232148170471, 3.9674971103668213, 3.2015140056610107, 3.2015140056610107, 2.4814906120300293, 6.515031337738037, 0.0, 0.7200232148170471, 3.2015140056610107, 3.9445173740386963, 2.570514440536499, 0.7430031299591064, 6.53801155090332, 0.0, 0.0, 4.033540725708008, 3.2015140056610107, 9.019502639770508, 3.9445173740386963, 6.53801155090332, 9.019502639770508, 0.0634622002933144, 0.11679822942383092, 0.07215902530834101, 0.03424896641128867, 0.12226679419501427, 0.06802890276419848, 0.023285887102066534, 0.06869528256271593, 0.12056013282323348, 0.13907428597412502, 0.09248110044040767, 0.06683643249929334, 0.1207237572243321, 0.1651140453922685, 0.0850070140211349, 0.03381464884179437, 0.12962481507803134, 0.15576597064561895, 0.07119853899370143, 0.027070899421018493, 0.04645059271577667, 0.05971504196832848, 0.07567452134528313, 0.1339153333780641, 0.03331415644688765, 0.09028244801868938, 0.11836189288501793, 0.0764086076992225, 0.0714332844764905, 0.0934225921957268, 0.17173234852462516, 0.036655269441289, 0.05467460199706126, 0.09761528133219806, 0.10399105392352528, 0.10687454398703125, 0.03978069556402708, 0.0779063155071995, 0.13559038320712138, 0.03458685911222442]"
A24NTDGOS70ZA9,"[7.489287376403809, 7.489287376403809, 7.489287376403809, 4.180630207061768, 7.489287376403809, 4.180630207061768, 7.489287376403809, 0.0, 4.180630207061768, 7.489287376403809, 4.180630207061768, 7.489287376403809, 7.489287376403809, 7.489287376403809, 7.489287376403809, 7.489287376403809, 7.489287376403809, 4.180630207061768, 7.489287376403809, 4.180630207061768, 7.489287376403809, 7.489287376403809, 7.489287376403809, 3.308656930923462, 7.489287376403809, 0.0, 4.180630207061768, 7.489287376403809, 4.180630207061768, 0.0, 4.180630207061768, 7.489287376403809, 0.0, 0.0, 4.180630207061768, 7.489287376403809, 7.489287376403809, 7.489287376403809, 7.489287376403809, 7.489287376403809, 0.06705540727045202, 0.0272658380690414, 0.0814503094012929, 0.14978867035839696, 0.11659892850574499, 0.11513554104375766, 0.060768110543077555, 0.07805263907775083, 0.16171822990584483, 0.09132563627836467, 0.046937133851943216, 0.15370720679464198, 0.12434189619550916, 0.11069035614331911, 0.11869635658807388, 0.06654762992624143, 0.1749470050712259, 0.16063537886880985, 0.06627475589694132, 0.0454232496262137, 0.1321694846436183, 0.11972173070378232, 0.16280060487905104, 0.10615901932649317, 0.06208081177078335, 0.10381376181022277, 0.06418119504037563, 0.11033569659931759, 0.050260784520706626, 0.11071964109511769, 0.05388399385565112, 0.11556489266005468, 0.08376766493336583, 0.15572660942813335, 0.1651033159829041, 0.11782630378273422, 0.16805994763558407, 0.026832699715528527, 0.15733924242096525, 0.032947511483727175]"
A24OO89UB5PY7J,"[0.3331274390220642, 2.5442423820495605, 1.106980562210083, -3.6336512565612793, 0.6817852258682251, 0.0, 0.5127465128898621, 0.0, -0.16903868317604065, 2.7238612174987793, -0.16903868317604065, 0.9379419088363647, 1.106980562210083, 1.106980562210083, -0.0920679122209549, 0.6817852258682251, 2.7238612174987793, -2.859797716140747, 0.3331274390220642, 0.0, -0.0920679122209549, 3.5415828227996826, 0.6817852258682251, 3.5415828227996826, 2.5442423820495605, 0.0, -2.2111151218414307, 0.3331274390220642, -2.859797716140747, -3.2849931716918945, -3.6336512565612793, 1.106980562210083, -2.2111151218414307, 0.0, -3.6336512565612793, 3.3180954456329346, 3.96677827835083, 2.892899990081787, -2.30318284034729, 0.3331274390220642, 0.0813633297560009, 0.12623904602257027, 0.06340809820594046, 0.15498438112189786, 0.13136246879617042, 0.06626293421100282, 0.09546223945217643, 0.15811549547325457, 0.1580307670794951, 0.047116091789797664, 0.177470342487262, 0.04066895577888981, 0.04625919355070899, 0.14493733579763365, 0.04336558988983485, 0.03733007695401898, 0.11663546422595353, 0.16017860869573805, 0.12081864709922199, 0.15478343269683673, 0.04566370061162332, 0.14536836375700313, 0.17279105398373792, 0.10587891416332094, 0.03984976084676345, 0.13713031550971758, 0.040775267147538014, 0.1601907753784262, 0.09082790192339, 0.06028892013646183, 0.17735428576614531, 0.10909177590176054, 0.17591568279949865, 0.1579883721928826, 0.03835879732934183, 0.14988793043174853, 0.11099796798862475, 0.08051352564326822, 0.17884272024339343, 0.09023938909141554]"
A24W4W9E62FZP2,"[15.795957565307617, 15.459939002990723, 15.795957565307617, 5.781557559967041, 15.795957565307617, 3.305067300796509, 15.795957565307617, 0.033487431704998016, 0.2645033001899719, 2.801887035369873, 1.3764598369598389, 6.212707996368408, 15.795957565307617, 15.795957565307617, 15.795957565307617, 15.795957565307617, 15.795957565307617, 15.795957565307617, 15.795957565307617, 1.3764598369598389, 15.795957565307617, 0.2645033001899719, 15.795957565307617, 0.0, 15.795957565307617, 0.033487431704998016, 5.044676303863525, 15.795957565307617, 15.795957565307617, 4.908277988433838, 6.94690465927124, 15.795957565307617, 3.6753246784210205, 0.0, 15.795957565307617, 0.9936447739601135, 13.584721565246582, 3.967233657836914, 15.795957565307617, 15.795957565307617, 0.14865647795717568, 0.08168759776492703, 0.11680111513148438, 0.022487017101679222, 0.07939037319187188, 0.04679664001623692, 0.12102874030375675, 0.0671739538904151, 0.018135881221791935, 0.12541250825642686, 0.11635506140576217, 0.1489918277809286, 0.08898350166984881, 0.11272640399410848, 0.16444245892830692, 0.1512025173562635, 0.0852271511515383, 0.12528558944955137, 0.04145393165542332, 0.11634357264246604, 0.09171251505758587, 0.06699572462636492, 0.07642290463020034, 0.14175439332031248, 0.08069008269741945, 0.14541953485877854, 0.01781461290977346, 0.06568017750089652, 0.15951947664591754, 0.03540987679600597, 0.14639653825058635, 0.1263506569762696, 0.044072389336312454, 0.060929432907269265, 0.049588114213833245, 0.12769388418765046, 0.14143345386709288, 0.16363361760961978, 0.07342936340169023, 0.049633208984492604]"
A24XAYKFM8XZTR,"[14.254491806030273, 14.254491806030273, 7.127245903015137, 7.127245903015137, 14.254491806030273, 0.0, 14.254491806030273, 7.127245903015137, 0.0, 14.254491806030273, 0.0, 14.254491806030273, 7.127245903015137, 14.254491806030273, 14.254491806030273, 14.254491806030273, 14.254491806030273, 14.254491806030273, 14.254491806030273, 0.0, 14.254491806030273, 7.127245903015137, 14.254491806030273, 0.0, 14.254491806030273, 0.0, 0.0, 7.127245903015137, 7.127245903015137, 0.0, 7.127245903015137, 14.254491806030273, 7.127245903015137, 0.0, 7.127245903015137, 7.127245903015137, 14.254491806030273, 14.254491806030273, 14.254491806030273, 14.254491806030273, 0.1207922090468039, 0.09455322894044337, 0.06090248196198448, 0.03746610766513782, 0.13746313661924237, 0.13270221796053497, 0.05344583845845062, 0.03145715607491773, 0.11411890580404647, 0.15610098683823256, 0.032825812248683764, 0.08612044392149766, 0.12840791876081237, 0.11963058716147612, 0.06310621375715383, 0.09791767806127467, 0.10060589894409334, 0.08874233848703639, 0.14106777982732646, 0.017885745462807013, 0.05711759943830028, 0.14806441837216852, 0.04905509617218843, 0.14634390065592398, 0.05739821718228878, 0.07687200465060547, 0.04764672357531875, 0.11064918093686561, 0.08568620136846701, 0.05271367043082689, 0.14910974051171647, 0.10783149267322575, 0.09487789875745371, 0.0591775121772387, 0.1359309246568635, 0.15999289130443095, 0.034345538358290004, 0.11163304836225871, 0.05570602098131539, 0.09523003354792119]"
A2503LT8PZIHAD,"[16.836450576782227, 16.724679946899414, 16.14217758178711, 16.51353645324707, 16.718101501464844, 10.574301719665527, 16.210355758666992, 14.327661514282227, 12.147229194641113, 8.97674560546875, 9.312561988830566, 16.210355758666992, 17.282596588134766, 16.768272399902344, 16.20179557800293, 16.645763397216797, 17.35077476501465, 16.65650177001953, 17.666126251220703, 10.524706840515137, 16.875497817993164, 16.701948165893555, 16.836450576782227, 0.0, 16.836450576782227, 10.586576461791992, 10.65937328338623, 16.836450576782227, 15.64794921875, 17.792741775512695, 17.285730361938477, 17.921756744384766, 10.586576461791992, 0.0, 16.51353645324707, 16.768272399902344, 11.578474998474121, 15.454301834106445, 16.689048767089844, 17.35077476501465, 0.02585411475069307, 0.14844858045360787, 0.11853323295266029, 0.04152790319827416, 0.129418972569353, 0.06581884242859663, 0.07234548816552475, 0.09605343485125713, 0.0915471583362609, 0.04276683044298338, 0.06585998508060173, 0.10079963954047422, 0.09940080897076861, 0.08143121803474926, 0.036578406793084925, 0.15634679950880817, 0.06784781272998186, 0.09905651324498935, 0.010357141488137224, 0.08956652380142727, 0.039067812899255504, 0.025216999470385044, 0.06258090848984735, 0.09035878862065296, 0.1012853068404828, 0.11817066804551798, 0.0808158847019714, 0.07822365048271133, 0.018876866144801555, 0.0579992037148097, 0.04640333938317473, 0.0950630712880831, 0.12916006413232012, 0.08355942119901046, 0.14373067383229485, 0.058782712882575444, 0.11820826840247506, 0.030207859082030494, 0.11687606892310017, 0.05944437609315856]"
A250XH0NBH6AHN,"[1.163283348083496, 0.958977222442627, 1.163283348083496, 0.958977222442627, 1.163283348083496, 0.0, 1.163283348083496, 0.7546708583831787, 0.0, 0.958977222442627, 0.7546708583831787, 0.958977222442627, 0.958977222442627, 0.958977222442627, 0.958977222442627, 0.958977222442627, 1.163283348083496, 1.163283348083496, 0.958977222442627, 0.0, 0.958977222442627, 0.7546708583831787, 0.958977222442627, 0.0, 1.163283348083496, 0.0, 0.7546708583831787, 0.958977222442627, 1.163283348083496, 0.958977222442627, 0.958977222442627, 0.958977222442627, 0.0, 0.0, 1.163283348083496, 0.958977222442627, 0.7546708583831787, 0.958977222442627, 1.163283348083496, 0.958977222442627, 0.0534456510908655, 0.08007434330590907, 0.0920513428580508, 0.16661684002556942, 0.107099100757698, 0.08379914572209556, 0.1208741704074591, 0.1301579699647286, 0.061940011678627345, 0.16034933064832152, 0.09812916740221399, 0.09269565518314753, 0.10584756062204308, 0.16766025768726808, 0.05558908932628312, 0.15725755960454202, 0.1802911392728884, 0.16512316374101463, 0.1520298628564685, 0.11710701938406118, 0.05141038344509542, 0.09023624360274692, 0.16455480643496218, 0.04873372824961275, 0.14914615066244086, 0.039713405206423254, 0.1486538403605266, 0.1111979620420567, 0.1135694687601281, 0.03369899955803134, 0.09089020273147672, 0.06055008660017614, 0.05923399663304053, 0.04469029079456689, 0.11478624228734421, 0.10888517820415722, 0.1665209386273162, 0.10056480590709531, 0.16933838721752267, 0.04734568588042641]"
A251F9Y0GSZALP,"[7.801642417907715, 3.9367942810058594, 5.237715244293213, 2.655449628829956, 7.19728946685791, 2.342519760131836, 6.782961845397949, 1.6563705205917358, 1.4166241884231567, 5.563045024871826, 3.9494411945343018, 5.563045024871826, 3.665938138961792, 4.49711799621582, 6.720296382904053, 5.478451728820801, 5.668278694152832, 6.302751541137695, 7.801642417907715, 1.0403361320495605, 4.49711799621582, 1.4166241884231567, 5.072117805480957, 0.0, 4.78062105178833, 0.0, 1.0403361320495605, 3.331179141998291, 4.434452533721924, 1.268945336341858, 4.215817451477051, 6.4994587898254395, 0.0, 0.0, 3.6960580348968506, 2.505988597869873, 3.1876087188720703, 5.281744480133057, 8.584066390991211, 6.4994587898254395, 0.15106945036002908, 0.020154191578412858, 0.11213841651674418, 0.09038701656227155, 0.02354956858078089, 0.07636824020912288, 0.13463349755524073, 0.129849844354521, 0.03237801115961983, 0.061316985735750854, 0.05671404833610753, 0.10032665918282531, 0.12329157363704145, 0.08462886149365037, 0.029950142247329187, 0.1176160141723348, 0.02633859711043264, 0.0480600942344979, 0.08994317333787963, 0.13742262364581254, 0.13485023271129848, 0.02243203379546967, 0.10899541676531577, 0.02578320005794592, 0.08459135848008796, 0.021127069230586677, 0.05937801916582593, 0.037231275003227315, 0.07634121115039759, 0.0941329995160552, 0.14566853912949637, 0.1484639231490583, 0.09677414712641952, 0.056325757864266725, 0.14952071747164772, 0.04286927805983699, 0.07841377752237925, 0.04192720033938685, 0.06337653420904008, 0.07733995734344838]"
A257PM313YL6AY,"[-1.6261290311813354, -0.7012965679168701, -1.4554082155227661, -0.9991793036460876, -1.9058952331542969, 0.3337692618370056, 2.1341333389282227, 0.6812496185302734, 0.0, 0.6812496185302734, 0.0, 0.9346331357955933, -1.9598982334136963, -1.7916028499603271, 0.044350769370794296, 5.0909833908081055, 0.25338348746299744, 0.25338348746299744, 0.009800728410482407, 0.0, -1.7916028499603271, 1.2586016654968262, 0.36312195658683777, 0.0, -0.9810628294944763, 0.0, 0.0, -0.3239685297012329, 0.0, -0.577351987361908, -2.501363754272461, 2.0437488555908203, 0.0, 0.0, -1.4676343202590942, 0.6461551189422607, -0.24358275532722473, -0.9248324036598206, -1.6818643808364868, -0.7363911271095276, 0.04931961138133278, 0.1447582334930213, 0.06786216286081177, 0.0864700335954862, 0.10418950584998946, 0.060808527328316715, 0.0926619843930756, 0.1496876470189282, 0.08595326250246937, 0.04117485793664813, 0.13682487617443786, 0.12928212676562967, 0.04497137581437399, 0.03259107831586403, 0.05832376772441305, 0.1605978072924284, 0.08397402258854592, 0.07966103769947638, 0.12189814391881129, 0.11799512895044063, 0.1480329165734796, 0.10714210574949173, 0.04196148618239906, 0.03995148766294999, 0.13979797228449967, 0.13592337741010727, 0.16380127994832805, 0.05492264944263942, 0.06475241523236687, 0.1421692711239957, 0.17388116363150102, 0.06551904956109612, 0.11492334715768619, 0.11246404134154368, 0.08007035180680686, 0.0266970430329773, 0.10155216341586462, 0.17554847018598846, 0.1554081938574494, 0.14524569989378136]"
A258KAILGENIM3,"[1.7406384944915771, 1.7559216022491455, 1.3345417976379395, 1.7559216022491455, 1.7559216022491455, 1.3345417976379395, 2.192584276199341, 0.0, 0.4213797450065613, 1.7712045907974243, 0.6825540065765381, 1.7559216022491455, 1.7712045907974243, 1.7559216022491455, 2.192584276199341, 2.207867383956909, 1.7712045907974243, 1.7406384944915771, 1.7406384944915771, 0.43666279315948486, 1.7559216022491455, 0.8733255863189697, 1.7406384944915771, 0.0, 1.7712045907974243, 0.0, 0.0, 1.7406384944915771, 1.319258689880371, 1.7712045907974243, 1.3345417976379395, 1.7406384944915771, 0.0, 0.0, 0.43666279315948486, 0.0, 0.4213797450065613, 1.7712045907974243, 1.7406384944915771, 1.7712045907974243, 0.07711928929794892, 0.059032166476921756, 0.013699669212369592, 0.07834767026096974, 0.10681194556928261, 0.13646027129020996, 0.12739381748996115, 0.04917142617756691, 0.11066690674567736, 0.13900342839254373, 0.130051063532551, 0.07454194301384105, 0.09921695622712909, 0.019005949514068962, 0.10514987874001368, 0.12228308261309156, 0.06505236255651908, 0.04153335374358756, 0.04847339022586825, 0.1439514473896289, 0.14811558289622762, 0.035112131543381546, 0.13540869418916218, 0.09384813278270665, 0.05436853082397877, 0.10646536111131999, 0.12577619897349196, 0.03057162767093675, 0.05565626377446766, 0.13290706385509393, 0.07790233756282305, 0.1571216114495802, 0.04786577946370937, 0.04401403581833845, 0.05942827375618728, 0.05814854317485133, 0.15419830465888643, 0.15428668950999405, 0.06447636577592543, 0.03437002427345412]"
A25C2M3QF9G7OQ,"[17.25928497314453, 17.142383575439453, 14.812591552734375, 13.518158912658691, 18.58376693725586, -0.8532724976539612, 16.731094360351562, 11.516180992126465, 3.847970962524414, 9.259334564208984, 0.16360557079315186, 4.665910720825195, 16.98183250427246, 17.075122833251953, 15.017288208007812, 15.326451301574707, 16.677671432495117, 10.72126579284668, 17.322654724121094, 0.9851329922676086, 15.838151931762695, 14.060373306274414, 13.780683517456055, 0.0, 16.238554000854492, 0.761819064617157, 0.3550508916378021, 19.572839736938477, 10.358098983764648, 6.036344051361084, 13.490503311157227, 11.818037033081055, 1.6641851663589478, 0.28224384784698486, 13.7167329788208, 10.259761810302734, 9.309645652770996, 1.7876060009002686, 19.156665802001953, 16.05712127685547, 0.10813184299636582, 0.12924055702105108, 0.1335065014348103, 0.15912596633920054, 0.12920675554708766, 0.12964301032419387, 0.14256125316246113, 0.04908631440715615, 0.15888273763460797, 0.06343587809996676, 0.1579981966960685, 0.14557642289977762, 0.12729146460251298, 0.12082072412909267, 0.02868846459786457, 0.07265254034353158, 0.10981786336386011, 0.0387292619019828, 0.011716994308416339, 0.14092865336327756, 0.07169717805215162, 0.026069379113689273, 0.013910008433158141, 0.11824572237458841, 0.13368348695332596, 0.10968886994501015, 0.13756012276987903, 0.14917930947067584, 0.016119185860074145, 0.05766828561233022, 0.0350403971427782, 0.08559733548123041, 0.15096760138073106, 0.07207517635748188, 0.1370865986151362, 0.08429635084513826, 0.15075978301848153, 0.0875067374032637, 0.11251522499109744, 0.12858078580970744]"
A25DAQQXXA356R,"[7.745290756225586, 7.745290756225586, 7.745290756225586, 7.745290756225586, 7.745290756225586, 1.0303173065185547, 7.745290756225586, 1.3536444902420044, 0.6861553192138672, 2.087414026260376, 1.694746971130371, 7.745290756225586, 7.745290756225586, 7.745290756225586, 7.745290756225586, 7.745290756225586, 7.745290756225586, 7.745290756225586, 7.745290756225586, 1.162529468536377, 7.745290756225586, 1.1361180543899536, 7.745290756225586, 0.0, 7.745290756225586, 0.6239218711853027, 1.7323893308639526, 7.745290756225586, 7.745290756225586, 2.361790895462036, 2.9583332538604736, 7.745290756225586, 1.7173441648483276, 0.0, 7.745290756225586, 7.745290756225586, 7.745290756225586, 7.465394973754883, 7.745290756225586, 7.745290756225586, 0.07457684916664824, 0.027229988999710124, 0.1114916436354275, 0.12755574430545863, 0.10447176343189746, 0.1250429472463593, 0.014255488390621704, 0.0702825017481847, 0.1420372929633343, 0.013078702901843245, 0.035906763877510385, 0.07574997947261342, 0.035993831998371965, 0.1419273500679724, 0.10448653413001448, 0.01571736127495049, 0.10888539538711561, 0.1114404152578218, 0.07393383485966973, 0.009260114530154056, 0.12471916705687888, 0.09836454145024258, 0.07439833391953236, 0.13243560461042947, 0.05516746744728389, 0.06254002823892822, 0.13572269929234404, 0.10101197382684592, 0.084257536918821, 0.09828647197823745, 0.0524960477952474, 0.0011038690199484463, 0.01120901410110208, 0.09900634497144462, 0.010851964767605476, 0.024876964754940258, 0.07041514288154714, 0.04142367166369483, 0.01564476033138003, 0.06062638468785584]"
A25DGSQA3AN7H5,"[14.254464149475098, 14.254464149475098, 0.0, 0.0, 14.254464149475098, 0.0, 14.254464149475098, 14.254464149475098, 0.0, 14.254464149475098, 0.0, 14.254464149475098, 0.0, 14.254464149475098, 14.254464149475098, 14.254464149475098, 14.254464149475098, 14.254464149475098, 14.254464149475098, 0.0, 14.254464149475098, 14.254464149475098, 14.254464149475098, 0.0, 14.254464149475098, 0.0, 0.0, 0.0, 0.0, 0.0, 0.0, 14.254464149475098, 0.0, 0.0, 0.0, 0.0, 14.254464149475098, 14.254464149475098, 14.254464149475098, 14.254464149475098, 0.09241860229919185, 0.10852528002260825, 0.05143498833299172, 0.06863233525804423, 0.08076016322447388, 0.1008998008804125, 0.10042662090448508, 0.053095379449327844, 0.139882353885936, 0.06292234980229745, 0.16933376710065076, 0.1599604590755692, 0.07840667875875096, 0.17478575903511798, 0.0796176545564868, 0.17965739159447477, 0.1501798155862173, 0.17795898711215424, 0.06197468902436236, 0.125850026393332, 0.10379338968745369, 0.06861140757783825, 0.1785315962638776, 0.11800915561276808, 0.08934646898302573, 0.03234130140818919, 0.06598293322382867, 0.1358716628730831, 0.10281120539017394, 0.182393527588746, 0.07416343768699057, 0.04220542476111463, 0.036052311104180605, 0.1260042922817909, 0.12775381716745574, 0.1284372011652868, 0.13185280494127105, 0.17132963977199445, 0.041541984342964654, 0.15181979180056968]"
A25NX4BU2GD908,"[0.6413078904151917, 0.6413078904151917, 0.0, 0.3206539452075958, 0.6413078904151917, 0.0, 0.6413078904151917, 0.3206539452075958, 0.6413078904151917, 0.6413078904151917, 0.3206539452075958, 0.3206539452075958, 0.3206539452075958, 0.6413078904151917, 0.3206539452075958, 0.6413078904151917, 0.6413078904151917, 0.6413078904151917, 0.6413078904151917, 0.0, 0.3206539452075958, 0.3206539452075958, 0.6413078904151917, 0.0, 0.6413078904151917, 0.0, 0.0, 0.3206539452075958, 0.3206539452075958, 0.0, 0.3206539452075958, 0.6413078904151917, 0.0, 0.3206539452075958, 0.3206539452075958, 0.6413078904151917, 0.3206539452075958, 0.0, 0.6413078904151917, 0.6413078904151917, 0.09698943417279285, 0.03335991043440159, 0.16415549879507563, 0.06481244868426252, 0.10765271383764938, 0.058988866502879066, 0.15099190148667146, 0.14660283650450043, 0.04540480017698324, 0.1026155655686655, 0.13212875925692516, 0.13274660649549638, 0.06476549008543775, 0.07959018227095674, 0.15403072644787527, 0.09322732622920951, 0.07090815835380053, 0.04807578618026343, 0.02935894195932522, 0.03674527187360209, 0.11155990679884996, 0.04227909431820791, 0.0894030128428666, 0.1362053327325411, 0.12166611975904923, 0.06809537960097005, 0.11979737352296456, 0.1476063854851104, 0.1564941151306929, 0.07880833026867264, 0.03497857690795391, 0.1470647903245127, 0.1425630581751983, 0.04128610791227664, 0.05132033699003171, 0.14257527608259185, 0.1598279797728598, 0.1312865799147114, 0.15216267949580936, 0.10829312274944543]"
A25QBCHO0KFT0P,"[9.240325927734375, 7.658431053161621, 3.0625033378601074, 3.3067259788513184, 9.391695022583008, 0.45895880460739136, 9.195720672607422, 3.3861680030822754, 0.8513531684875488, 8.187647819519043, 0.37767493724823, 7.816709518432617, 1.0871502161026, 9.301063537597656, 6.516739845275879, 8.502513885498047, 5.931316375732422, 5.970545768737793, 9.771743774414062, 0.9120904207229614, 10.26407241821289, 6.110162734985352, 9.791813850402832, 0.0, 8.166149139404297, 0.37767493724823, 0.4277147948741913, 4.75136137008667, 2.3628621101379395, 1.0057398080825806, 1.0174657106399536, 8.467466354370117, 0.0, 0.0, 4.039568901062012, 2.6177518367767334, 8.451799392700195, 7.484282493591309, 9.240325927734375, 9.163978576660156, 0.10846998172509673, 0.02909753738388463, 0.10426261657000403, 0.008517174280345156, 0.01743286528734675, 0.09287553155064018, 0.015412856444033266, 0.13962437556446447, 0.020913223824921223, 0.03391152294776596, 0.06996671961238422, 0.016171356229392492, 0.021647862267130016, 0.12450152236277685, 0.09047290180430483, 0.08414767179712851, 0.09330307638661918, 0.021227742772551263, 0.07397848517234634, 0.15452949797104729, 0.09282698956246067, 0.12683119756659522, 0.08832667365872893, 0.14769913870795226, 0.031119020766937507, 0.06332390867163674, 0.07792391723426824, 0.01722222005237325, 0.09002409704770664, 0.03980289230251705, 0.058505821558550386, 0.1569705727606764, 0.09161789998425023, 0.13029717553256118, 0.11913351328116427, 0.05148240909234706, 0.09531427003737744, 0.07238609276027436, 0.036911145298681586, 0.048382430626212225]"
A25TLMKU5AXWHF,"[8.817660331726074, 5.452566623687744, 0.08805879205465317, 0.08805879205465317, 7.01713228225708, 0.0, 10.041176795959473, 0.0, 2.770312786102295, 5.9415178298950195, 0.0, 4.570839881896973, 0.08805879205465317, 6.440121650695801, 2.682253837585449, 5.4703369140625, 5.452566623687744, 2.8583714962005615, 2.8583714962005615, 0.0, 2.682253837585449, 0.0, 4.658898830413818, 0.0, 6.440121650695801, 0.0, 0.0, 6.929073333740234, 0.9875553250312805, 0.9875553250312805, 3.8459267616271973, 7.663639068603516, 0.0, 0.0, 3.7578680515289307, 7.253093719482422, 0.08805879205465317, 0.0, 7.01713228225708, 4.981384754180908, 0.16263846779882526, 0.175685469865207, 0.12411402508253887, 0.06886858255996044, 0.11961076276692809, 0.07234366551732015, 0.12617565766531438, 0.03656262283213972, 0.032032791783576584, 0.05509997886610095, 0.10605230977933856, 0.14482283185504935, 0.04819109884609862, 0.06575954650558456, 0.08217025205034961, 0.1495406552096124, 0.1728416540535369, 0.09103227281342724, 0.06696041923571544, 0.03060786953730794, 0.07727536003389272, 0.09188674060023214, 0.05812955338078343, 0.10532483841409729, 0.05158405417506803, 0.06512640156344919, 0.12902090071819447, 0.13975668427321694, 0.08540105008363365, 0.1628186135673174, 0.10323058871594139, 0.0502194078479493, 0.0759669972803402, 0.0487048657866061, 0.17251916860938746, 0.1017461009653517, 0.17183579098404023, 0.042942912718785885, 0.09203450055936908, 0.04385807486969463]"
A265E2JC4S3YWC,"[5.364494800567627, 5.364494800567627, 2.6822474002838135, 2.6822474002838135, 5.364494800567627, 0.0, 5.364494800567627, 2.6822474002838135, 0.0, 5.364494800567627, 2.6822474002838135, 2.6822474002838135, 2.6822474002838135, 5.364494800567627, 5.364494800567627, 2.6822474002838135, 5.364494800567627, 2.6822474002838135, 2.6822474002838135, 0.0, 5.364494800567627, 2.6822474002838135, 2.6822474002838135, 0.0, 5.364494800567627, 0.0, 2.6822474002838135, 5.364494800567627, 2.6822474002838135, 2.6822474002838135, 2.6822474002838135, 5.364494800567627, 0.0, 0.0, 2.6822474002838135, 5.364494800567627, 2.6822474002838135, 2.6822474002838135, 5.364494800567627, 2.6822474002838135, 0.05311326047735155, 0.02927223688793766, 0.0407490439170119, 0.06607666383608819, 0.10501115557223975, 0.16172710996417575, 0.10644113205058997, 0.07522159536779482, 0.09795244220863747, 0.03379169375193295, 0.07786899744242817, 0.04107190106524509, 0.06104072262406581, 0.07398614977291319, 0.13852519807836491, 0.11346504808598419, 0.1674360955971456, 0.03234681292901767, 0.1136100077259865, 0.03672738776523054, 0.11607561818703038, 0.1391587599170396, 0.034038042820001925, 0.15152102401991768, 0.10170411682004309, 0.039019427245156585, 0.12849062802417152, 0.13677819622622275, 0.04888574588456763, 0.049446097295640534, 0.09179121887821243, 0.03492475895873763, 0.15744906291956104, 0.0962714905826226, 0.0790049585619282, 0.1482941388662071, 0.08190225002391721, 0.09030508145122178, 0.1691224399104156, 0.056792718769239484]"
A265U4400IMZN4,"[0.08409857004880905, 0.08409857004880905, -0.1700780987739563, 0.5929220914840698, 0.08409857004880905, -0.2886773645877838, 0.08409857004880905, -0.2886773645877838, 0.5096155405044556, 0.05086008086800575, -0.22014619410037994, 0.39769861102104187, 0.5175105929374695, 0.3727759122848511, 0.3727759122848511, 0.08409857004880905, 0.46622979640960693, 0.6863759756088257, 0.17755241692066193, 0.5096155405044556, 0.3727759122848511, 0.5096155405044556, 0.5424332618713379, 0.0, 0.3042447566986084, 0.0, 0.0, 0.8311106562614441, -0.1700780987739563, 0.559683620929718, -0.1368396133184433, -0.04259376972913742, 0.0, 0.0, 0.2460835874080658, -0.1700780987739563, 0.4410843551158905, 0.33953744173049927, 0.08409857004880905, 0.3727759122848511, 0.13488177668910223, 0.05427629843503836, 0.0852673196533882, 0.06757610191187101, 0.021062411040372285, 0.13753768307629183, 0.16308190685604634, 0.05576668329135582, 0.11085996239659839, 0.13955921738495927, 0.12954864372005237, 0.14463482159824737, 0.04831869287104042, 0.08700914705697108, 0.1181359630546748, 0.10754386708345672, 0.027858267734766125, 0.14899333852364657, 0.1243085363940231, 0.1554827289080235, 0.126736846196775, 0.04027931059694543, 0.038040165982054244, 0.1356486131369327, 0.06478239746061597, 0.06105499696611388, 0.10523679207841091, 0.055479025089708485, 0.057352733492921644, 0.1356432781266027, 0.14552053555098, 0.12751388005858943, 0.05264566273211897, 0.12269281786234436, 0.09209546808649491, 0.1576442608778871, 0.148340501715528, 0.11121871414128973, 0.14929359747258272, 0.13243812318100337]"
A267Z5OBD39VHZ,"[12.208935737609863, 12.18973159790039, 13.903182983398438, -1.458293080329895, 19.798969268798828, 0.0, 19.798969268798828, -1.458293080329895, 0.0, -1.458293080329895, 0.0, -1.458293080329895, 14.615203857421875, 15.36147689819336, 13.156909942626953, 19.798969268798828, 11.953776359558105, 14.615203857421875, 11.698617935180664, 0.0, 19.798969268798828, -1.458293080329895, 11.698617935180664, 0.0, 13.667228698730469, 0.0, 0.0, 12.444890022277832, 14.870363235473633, -1.2031339406967163, -0.947974681854248, 11.130139350891113, 0.0, 0.0, 14.870363235473633, 0.2551592290401459, 13.156909942626953, 0.0, 19.798969268798828, 13.412070274353027, 0.11088403717727714, 0.13328453397345058, 0.05902643808103936, 0.12753938656751915, 0.039895519800850696, 0.059881745385508584, 0.03287841917192912, 0.12308473431935281, 0.13813621546767726, 0.1635533115642303, 0.1431476582791925, 0.07697609276110379, 0.047095329453056736, 0.09684602139788503, 0.0899900023743335, 0.03944792343899219, 0.10731488544052076, 0.14738396569017884, 0.17125293623289067, 0.12824671827130885, 0.17563596509513774, 0.1121154452299615, 0.06810533514987947, 0.047748102789922975, 0.11864377017992143, 0.13004053207440505, 0.10765589926035495, 0.06440608813039682, 0.10137827179245192, 0.07589019600380936, 0.12458079460664266, 0.14583661559699823, 0.06968524270706308, 0.08392930215102028, 0.08439426587104858, 0.1134093580053317, 0.09363782838765979, 0.031144822327117138, 0.1031998853085932, 0.0776795006269257]"
A26CEJL5AR4U3B,"[13.252361297607422, 12.708251953125, 13.252361297607422, 13.007953643798828, 13.252361297607422, 0.47867530584335327, 13.252361297607422, 0.5470575094223022, 7.708269119262695, 11.180685997009277, 0.35900646448135376, 9.929099082946777, 13.252361297607422, 13.252361297607422, 13.252361297607422, 13.252361297607422, 9.317569732666016, 2.8666844367980957, 13.252361297607422, 0.47867530584335327, 13.252361297607422, 12.56234359741211, 13.252361297607422, 7.720096588134766, 13.252361297607422, 0.35900646448135376, 0.47867530584335327, 13.252361297607422, 7.027196884155273, 9.40298080444336, 6.135379314422607, 13.252361297607422, 3.704465866088867, 0.0, 13.252361297607422, 13.252361297607422, 9.450424194335938, 13.252361297607422, 12.848428726196289, 12.848428726196289, 0.05820251290587517, 0.10989610637890256, 0.04740161315233071, 0.168842639977462, 0.08364783280233445, 0.10514241819983372, 0.07969567951668691, 0.08713371388229964, 0.08395735674688493, 0.09186373352713306, 0.09831643434083205, 0.07918786050789248, 0.08792548136562328, 0.1515513619653064, 0.04162923882974167, 0.04025196101506001, 0.11372223222084614, 0.11111346917740518, 0.03432670316046296, 0.14872903241648874, 0.03546510110357402, 0.02982913136460331, 0.07716485389150964, 0.045636951408184044, 0.05420373880218613, 0.0863210067502195, 0.13659982963992287, 0.04869050858279245, 0.0848223376810039, 0.06568175083987954, 0.16811622001957727, 0.17145318735555787, 0.08480476553093139, 0.1557241354694451, 0.05518266448270366, 0.1230584199425008, 0.0779748066415504, 0.08916082023868904, 0.08838681162732054, 0.15133776676405594]"
A26DR70GPC8R5T,"[0.5892355442047119, 0.5892355442047119, 1.1665912866592407, 1.1665912866592407, 0.5892355442047119, 0.29461777210235596, 0.5892355442047119, -0.2827380299568176, 0.8719735145568848, 5.3565287590026855, 1.1665912866592407, 0.5892355442047119, 1.1665912866592407, 1.1665912866592407, 1.1665912866592407, 0.5892355442047119, 1.1665912866592407, 1.1665912866592407, 0.5892355442047119, 0.8719735145568848, 1.1665912866592407, 1.1665912866592407, 0.5892355442047119, 0.0, 0.5892355442047119, 0.0, 1.1665912866592407, 1.1665912866592407, 1.1665912866592407, 0.29461777210235596, 1.1665912866592407, 0.5892355442047119, 0.0, 0.0, 1.1665912866592407, 1.1665912866592407, 0.5892355442047119, 1.1665912866592407, 0.5892355442047119, 1.1665912866592407, 0.170323614739165, 0.14024259169102293, 0.04422612976339583, 0.12886421071560866, 0.10299956227338614, 0.046871075366538395, 0.08179098348812062, 0.11841630229894365, 0.030281911655463407, 0.08720696493309275, 0.13507579014024004, 0.0784256432305471, 0.028300698330044463, 0.052759331615713445, 0.04355078598885127, 0.05112819708588836, 0.038640791277813474, 0.12252577312833836, 0.12137163747008448, 0.11389415658131251, 0.05705808265365521, 0.14086415777390665, 0.12457926149960197, 0.09690141812953862, 0.07629359923309259, 0.051682465259609914, 0.12003356055201464, 0.1503957258229329, 0.0978046699132231, 0.09878863670911803, 0.10247784019868875, 0.03871244413994589, 0.08520506831812102, 0.1306901650926104, 0.10070977507535453, 0.11232545497759151, 0.16974664764230765, 0.14641912060615733, 0.1566165037307641, 0.15648483682276537]"
A26FGQS4JIPDH5,"[0.0, 0.0, 0.0, 0.0, 0.0, 0.0, 10.8482666015625, 0.0, 0.0, 0.0, 0.0, 0.0, 0.0, 5.42413330078125, 5.42413330078125, 0.0, 5.42413330078125, 0.0, 0.0, 0.0, 0.0, 0.0, 0.0, 0.0, 0.0, 0.0, 0.0, 0.0, 0.0, 0.0, 0.0, 0.0, 0.0, 0.0, 0.0, 0.0, 0.0, 0.0, 0.0, 0.0, 0.1224252570198124, 0.10136818467432404, 0.14132201673045228, 0.14947875807706038, 0.13731542506589517, 0.07724750690512293, 0.17397253989635025, 0.10507236036739737, 0.05144816501113573, 0.07072670604082422, 0.12063773722670972, 0.06506874631352931, 0.14824822773482124, 0.17976616161133882, 0.06073135765021481, 0.14054304707522544, 0.15703159304950248, 0.16318154054963757, 0.11521747350433872, 0.07444422257397738, 0.11590271680354632, 0.04969602102704719, 0.1620841460043228, 0.11841072694469505, 0.17499211439143209, 0.044470724834130344, 0.09377084301124071, 0.1801562372485232, 0.10518224886347584, 0.04234971668482982, 0.15878960477213983, 0.07111399865966439, 0.05055055767145733, 0.07429036490310878, 0.08882582882882062, 0.06723224494939337, 0.05442745327678282, 0.04592084498824973, 0.08122234770502432, 0.12136688267156898]"
A26GEEGKDA0D58,"[16.250652313232422, 11.356197357177734, 6.139404296875, 5.880920886993408, 15.810359954833984, 0.0, 19.799579620361328, 3.3086581230163574, 3.018643856048584, 6.289682865142822, 3.3086581230163574, 13.353727340698242, 11.637152671813965, 13.353727340698242, 14.08403491973877, 19.109960556030273, 5.590906143188477, 10.045069694519043, 19.55025291442871, 0.0, 19.799579620361328, 6.177023410797119, 13.353727340698242, 3.3086581230163574, 19.55025291442871, 0.0, 0.0, 8.899563789367676, 8.165494918823242, 3.2710390090942383, 5.590906143188477, 14.062255859375, 0.0, 0.0, 2.981024742126465, 16.940372467041016, 2.8683650493621826, 6.579697132110596, 19.109960556030273, 13.353727340698242, 0.08597792279305182, 0.11753381372784796, 0.0585484662686777, 0.10502098668646795, 0.0963712701883057, 0.11458082905129309, 0.1539857437576472, 0.081349219097568, 0.18166578823520033, 0.13904525719892563, 0.04718747128386854, 0.1649297947387394, 0.08937110574184841, 0.17225317824555633, 0.057203698369891656, 0.08776813710432149, 0.08284214443621432, 0.05349882696252732, 0.05764634770411424, 0.06605772076710788, 0.15793740042903645, 0.15942363356942094, 0.08715145413570755, 0.03594276964454233, 0.06264142637655316, 0.07414388388424074, 0.04632678135162678, 0.06623113183329438, 0.07609791017930258, 0.08335174863190158, 0.12343115603094437, 0.06699881603439888, 0.06557959506090398, 0.11398140722747797, 0.12425198600518185, 0.03916941095626395, 0.04815443984316697, 0.04801199509164347, 0.17952269663142814, 0.049757916357448854]"
A26HF31NL346VR,"[0.0, 0.0, 0.0, 0.0, 0.0, 0.0, 0.0, 0.0, 0.0, 0.0, 0.0, 0.0, 0.0, 0.0, 0.0, 0.0, 0.0, 0.0, 0.0, 0.0, 0.0, 0.0, 0.0, 0.0, 0.0, 0.0, 0.0, 0.0, 0.0, 0.0, 0.0, 0.0, 0.0, 0.0, 0.0, 0.0, 0.0, 0.0, 0.0, 0.0, 0.04744951624269492, 0.07988806005529199, 0.12623840034219452, 0.11329312091544831, 0.14704103378555308, 0.03450890283140158, 0.022323143803385806, 0.15904307589167166, 0.07063270638975405, 0.1260908548506761, 0.02252560130002654, 0.12063990295592705, 0.03026896446704852, 0.1571230871200538, 0.07438860656638625, 0.15820233000712067, 0.06843527454230541, 0.063377386300836, 0.10582281531325552, 0.09150151176859433, 0.05247266289251704, 0.11339092081575698, 0.01555594958560308, 0.07606033455222228, 0.16412976071299934, 0.1537724487612336, 0.06510975667597263, 0.07952293449105832, 0.08882306155792456, 0.16354691377810635, 0.04556806168645291, 0.11300937574874012, 0.06108942898709377, 0.07729444676000613, 0.07101535457193948, 0.11773346865067681, 0.027535142526105377, 0.02567917640708578, 0.0867085859147084, 0.018829066749989985]"
A26MBVPPXZN1YM,"[8.640810012817383, 8.90167236328125, 5.424242973327637, 4.9610276222229, 10.44717025756836, 0.3151145577430725, 5.975244522094727, 5.475494384765625, 1.7790309190750122, 7.299833297729492, -0.09416036307811737, 4.217746734619141, 0.805919885635376, 8.999667167663574, 5.818026542663574, 5.417686462402344, 7.0132622718811035, 5.784078598022461, 7.107159614562988, 0.3151145577430725, 8.469429969787598, 6.662309646606445, 7.429955959320068, 0.9676488637924194, 8.35443115234375, 0.17877627909183502, -0.09416036307811737, 9.436162948608398, 2.1175642013549805, 3.995234966278076, 4.026748180389404, 6.0208048820495605, 0.17877627909183502, 0.0, 5.0251007080078125, 2.018716812133789, 6.638587951660156, 5.348745346069336, 10.44717025756836, 11.664064407348633, 0.13625997429712908, 0.023928735212178885, 0.07394840870094875, 0.10425861949963865, 0.09725129355430559, 0.13427131191352043, 0.11349369281051042, 0.04770998999172687, 0.14889968261091757, 0.041777545756932294, 0.07021922376264045, 0.04112957870107278, 0.10531820617915379, 0.04858149374174247, 0.08595409718257808, 0.12479813273697607, 0.08517357835320005, 0.04536610739819439, 0.07512342754148603, 0.09967803213950933, 0.15353297351448345, 0.0869767189436892, 0.07858678399517097, 0.09417621334310274, 0.0584462972996246, 0.13247645702178062, 0.11773297142038318, 0.15067107645955558, 0.08895492042802396, 0.10284824923288616, 0.04504381857322722, 0.02049082694629618, 0.15469742894453786, 0.0999890721184642, 0.11034926535808691, 0.0566201931689351, 0.0421500522256921, 0.08102017681209034, 0.05108500507899594, 0.10192024868686314]"
A26V69GHN5DVOG,"[-0.13806408643722534, 0.02201465703547001, 0.0, -0.13806408643722534, -0.13806408643722534, 0.0, 0.0, 0.0, 0.0, 0.0, 0.0, -0.1600787341594696, 0.0, 0.0, -0.13806408643722534, 0.0, 0.0, 0.0, -0.13806408643722534, 0.0, -0.1600787341594696, 0.0, -0.11604942381381989, 0.0, 0.02201465703547001, 0.0, -0.16829641163349152, 0.0, 0.0, 0.0, 0.0, -0.1600787341594696, 0.0, 0.0, 0.0, -0.1600787341594696, -0.1600787341594696, -0.1600787341594696, -0.13806408643722534, -0.1600787341594696, 0.0183800901189109, 0.05366717555037957, 0.061299350836061126, 0.06884803661070289, 0.09646147047033166, 0.08830694434955672, 0.09430386667539867, 0.11168473286318722, 0.05644496604416108, 0.02607556680951488, 0.06167581387038609, 0.04285286261610139, 0.039483110669644814, 0.10115909498943125, 0.14750965638460345, 0.15632749246479177, 0.054454954118274786, 0.1017749272861659, 0.019198992188951942, 0.06004668053344094, 0.11384264078552615, 0.13469185646670523, 0.14387734324841098, 0.04231396006628188, 0.06409884061046266, 0.10994973326282459, 0.09836047119855955, 0.10390301149699455, 0.016736032594663205, 0.14673271874181298, 0.009150128147614246, 0.028371623204072775, 0.015645194018263527, 0.052044440129493, 0.14615381869086091, 0.022443427723879923, 0.05997560371238238, 0.01730300021271187, 0.03381321461505824, 0.09426402727558836]"
A270QYQEV3CQGH,"[0.4893310070037842, 0.8511064052581787, 0.27311965823173523, 0.9213793277740479, 0.8511064052581787, -0.27420249581336975, 0.4472693204879761, 0.13208791613578796, 0.6769567131996155, 0.7190184593200684, 0.12963460385799408, -0.05602354556322098, 1.2242788076400757, 0.9525297284126282, 1.2242788076400757, 0.9525297284126282, 1.2242788076400757, 1.2242788076400757, 0.994591474533081, 0.6769567131996155, 1.3984285593032837, 0.30378425121307373, 0.5907543301582336, 0.0, 0.3151813745498657, 0.0, -0.27420249581336975, 1.356366753578186, 0.27311965823173523, 0.14348505437374115, 0.6769567131996155, 0.722842276096344, 0.547322154045105, 0.0, 0.8204418420791626, 0.29053670167922974, 0.994591474533081, 1.3984285593032837, 1.0252560377120972, 1.1266793012619019, 0.12095753167256174, 0.14318875020965968, 0.053625341522134405, 0.12149107731146501, 0.03414939547479765, 0.052154972297774944, 0.09249276605277944, 0.1230974888780962, 0.09532593431720343, 0.1505625629316197, 0.12620040489748816, 0.08553200732921305, 0.10637291987171739, 0.08808177749326164, 0.06322455072820608, 0.1469625519275775, 0.10899771329503759, 0.11060550098650525, 0.08625496305454232, 0.11912428836893624, 0.1101588080939557, 0.09905694712684959, 0.07038099500065045, 0.10267680245398568, 0.1010708317863228, 0.09108736291357823, 0.14026369346506917, 0.166643244623149, 0.07445581056282453, 0.11929462835200444, 0.1615731955300037, 0.07550342188339476, 0.11150661256476688, 0.04412618100324429, 0.049691353168050234, 0.09381950995656645, 0.08983375607869981, 0.1368169370925072, 0.10233044772310347, 0.03949123802564694]"
A274J0XAP9U68Y,"[24.749479293823242, 21.483413696289062, 23.757518768310547, 23.757518768310547, 24.749479293823242, 0.0, 24.749479293823242, 24.749479293823242, 0.0, 24.749479293823242, 11.878759384155273, 24.749479293823242, 23.757518768310547, 23.30633544921875, 24.749479293823242, 24.749479293823242, 24.749479293823242, 23.30633544921875, 24.749479293823242, 0.0, 24.749479293823242, 21.483413696289062, 24.749479293823242, 0.0, 24.749479293823242, 0.0, 0.0, 21.93459701538086, 0.0, 0.0, 24.749479293823242, 24.749479293823242, 0.0, 0.0, 11.878759384155273, 11.878759384155273, 21.483413696289062, 11.427576065063477, 24.749479293823242, 24.749479293823242, 0.06332703361298163, 0.07158218586278196, 0.14856262293166447, 0.031760664137770525, 0.10180105573941622, 0.16848819375068097, 0.08851882156763097, 0.1561822147269357, 0.08143928364844703, 0.039239091842754176, 0.050381999174210865, 0.15178808787739637, 0.15178573674108292, 0.13382454539108476, 0.08671758150070104, 0.1570693912690648, 0.15885865139053423, 0.06476075669927692, 0.10661294113948327, 0.1534000811378437, 0.11327372961437089, 0.06500788949656403, 0.14470410551363116, 0.13090922252265078, 0.10680102191405137, 0.16624005297481675, 0.1598041508363055, 0.10544992651198215, 0.16167016194270126, 0.09314535071828241, 0.09646108325762812, 0.11630552445577481, 0.08405495759947565, 0.11099980779999835, 0.11126540004981099, 0.03026390041500485, 0.1677989225047127, 0.1397187041570724, 0.08420703269661278, 0.1337609732052145]"
A275L578ORHUVL,"[0.4674741327762604, 0.0, 0.0, 0.2337370663881302, 0.2337370663881302, 0.0, 0.4674741327762604, 0.0, 0.0, 0.2337370663881302, 0.0, 0.2337370663881302, 0.0, 0.2337370663881302, 0.0, 0.2337370663881302, 0.2337370663881302, 0.2337370663881302, 0.2337370663881302, 0.0, 0.2337370663881302, 0.2337370663881302, 0.0, 0.4674741327762604, 0.2337370663881302, 0.0, 0.0, 0.2337370663881302, 0.2337370663881302, 0.0, 0.2337370663881302, 0.2337370663881302, 0.0, 0.0, 0.0, 0.0, 0.4674741327762604, 0.2337370663881302, 0.4674741327762604, 0.2337370663881302, 0.13316766273612077, 0.053686373913245135, 0.06368737457463931, 0.08313644215977839, 0.04854654141439651, 0.07756627562496711, 0.06634319313083901, 0.0838659729348868, 0.025835356349168115, 0.12255087677670148, 0.08303582102831138, 0.0949196114727674, 0.05954641112095293, 0.09928565832969867, 0.0371270735919792, 0.02494064075514936, 0.08099848570707305, 0.04766942403493608, 0.03202790868833933, 0.13046329257426564, 0.06829570405155973, 0.11763206027687215, 0.07401818924221085, 0.12483163893353913, 0.08292037326212075, 0.14820911301544495, 0.08615946072282564, 0.05100658279784958, 0.09465340916581483, 0.10447096544283094, 0.030693831735606667, 0.05091568265795891, 0.12248350746656038, 0.15955476593081072, 0.06543812640783635, 0.04625585867944475, 0.07832556086887946, 0.06064998416023341, 0.06432616744474666, 0.09768148235789843]"
A27I10FZD5Y0OA,"[24.36318588256836, 24.36318588256836, -0.1583961844444275, 1.1038233041763306, 24.749401092529297, -0.1583961844444275, 24.521583557128906, 24.679977416992188, 0.0, 24.521583557128906, 12.80125617980957, 24.521583557128906, 1.1038233041763306, 24.36318588256836, 24.521583557128906, 24.749401092529297, 24.521583557128906, 24.36318588256836, 24.36318588256836, 0.0, 24.749401092529297, 11.87872314453125, 24.749401092529297, 0.0, 24.749401092529297, 0.0, 0.0, 1.1038233041763306, 12.484464645385742, -0.316792368888855, -0.316792368888855, 24.36318588256836, 12.80125617980957, 0.0, -0.1583961844444275, -0.1583961844444275, 13.140941619873047, 24.521583557128906, 24.749401092529297, 24.36318588256836, 0.15989570436195538, 0.06623285931805463, 0.13426192135796067, 0.030543895155659063, 0.16093417640067537, 0.16513997129358823, 0.12469080279930134, 0.131235019607568, 0.12665215549228764, 0.0651131410443358, 0.13819480756638064, 0.10354757386060928, 0.11716570283189126, 0.15103491303750835, 0.056393276530558784, 0.12376714183808327, 0.15712679498878415, 0.09489449537929165, 0.15085941189196772, 0.13460918737344582, 0.14996072476575226, 0.09272415028020102, 0.14912291315730725, 0.1427691965044006, 0.12287371108773291, 0.11147118437382954, 0.16116431759779604, 0.08233198480423977, 0.06678785467273271, 0.1589080417470597, 0.05217891394485469, 0.07521134175746731, 0.1667215517729277, 0.11771682475788948, 0.0991174810150085, 0.033663259313168575, 0.0601460010140495, 0.05993438699091481, 0.04339674955546575, 0.0906108409237054]"
A27IT9W7WU080F,"[4.512996673583984, 4.512996673583984, 2.160051107406616, 3.797846794128418, 4.051673412322998, 1.4449013471603394, 4.051673412322998, 2.8752007484436035, 1.8916224241256714, 3.0680952072143555, 2.8752007484436035, 4.051673412322998, 2.6213741302490234, 4.512996673583984, 4.051673412322998, 4.051673412322998, 3.3365237712860107, 5.242748260498047, 4.512996673583984, 2.6213741302490234, 4.512996673583984, 1.8916224241256714, 4.051673412322998, 0.0, 4.051673412322998, 1.4449013471603394, 1.4449013471603394, 3.3365237712860107, 3.3365237712860107, 3.3365237712860107, 2.160051107406616, 4.051673412322998, 2.160051107406616, 0.0, 3.3365237712860107, 2.160051107406616, 1.176472783088684, 2.606771945953369, 4.512996673583984, 4.512996673583984, 0.12242377913199444, 0.05459913050161342, 0.1474963379006076, 0.1427845306365563, 0.13775317757524094, 0.07803933652835748, 0.03122546380073478, 0.07608366711776217, 0.1290511330708658, 0.16216898843572722, 0.14630709742651168, 0.11554653100356249, 0.16374960660072455, 0.11251237211928383, 0.15709868937214416, 0.06673739740738034, 0.11472194710771434, 0.03952931827357882, 0.13244827301783385, 0.12517039169965075, 0.032244642641358075, 0.12476339341918549, 0.1555487277746938, 0.09100308052230813, 0.03286025070401908, 0.05056257962550373, 0.04519656100606531, 0.0810919074163754, 0.17146460219420698, 0.03248311654618438, 0.11058586240400411, 0.11359621385751142, 0.14200910052326396, 0.14671702882636967, 0.10382418472141261, 0.17157478819781058, 0.10750363878836704, 0.03638136202290739, 0.04420211480200551, 0.12699663820767818]"
A27PPA3O7PX0OH,"[0.10142162442207336, 0.09013728052377701, 0.241648867726326, 0.09013728052377701, 0.009587660431861877, 0.0, 0.08054962009191513, 0.0, 0.0, 0.08054962009191513, 0.0, 0.0, 0.16109924018383026, 0.08054962009191513, 0.16109924018383026, 0.16109924018383026, 0.08054962009191513, 0.08054962009191513, 0.16109924018383026, 0.0, 0.08054962009191513, 0.0, 0.16109924018383026, 0.0, 0.0, 0.0, 0.0, 0.08054962009191513, 0.2721085250377655, 0.08054962009191513, 0.16109924018383026, 0.16109924018383026, 0.08054962009191513, 0.0, 0.16109924018383026, 0.16109924018383026, 0.0, 0.0, 0.0, 0.0, 0.12399504774075232, 0.06127483527836703, 0.02434832009778055, 0.08607600262525268, 0.10217434971957942, 0.03781500755224578, 0.06659422664738726, 0.01583320739425151, 0.0012566678865054011, 0.041236452591350184, 0.07688906313138366, 0.11468796588119252, 0.08640419244268521, 0.0409283700248851, 0.10522304401704106, 0.12253807677392063, 0.11549972768877709, 0.053113393284173166, 0.04979385587010009, 0.11193920571254846, 0.1090829938795603, 0.052785754445556395, 0.061493605253938585, 0.11679702234011793, 0.050435712061153104, 0.125979334272684, 0.007709303495617793, 0.12199079078723765, 0.1428549350521848, 0.030573946317118936, 0.010493324355449623, 0.0911237844513157, 0.057548812612674416, 0.03370809185068015, 0.11326998904256268, 0.12092142532449184, 0.0033844884375337845, 0.1328491475276594, 0.12370952894970794, 0.14382431204120044]"
A27V608OPEA3CD,"[4.927224159240723, 4.927224159240723, 4.927224159240723, 0.0, 8.200119018554688, 0.0, 8.200119018554688, 4.891461372375488, 4.927224159240723, 4.927224159240723, 1.6185661554336548, 8.200119018554688, 1.6543290615081787, 8.200119018554688, 1.6543290615081787, 8.200119018554688, 4.927224159240723, 1.6543290615081787, 4.927224159240723, 0.0, 1.6543290615081787, 1.6543290615081787, 6.581552982330322, 1.6543290615081787, 3.3086581230163574, 0.0, 0.0, 6.581552982330322, 0.0, 0.0, 1.6543290615081787, 8.200119018554688, 0.0, 0.0, 1.6543290615081787, 3.3086581230163574, 3.272895336151123, 1.6543290615081787, 8.200119018554688, 4.927224159240723, 0.05859720121019997, 0.01982372171640327, 0.07409812443440113, 0.0808056056380602, 0.039672656418467185, 0.01841918334564742, 0.09480338576027798, 0.026596039152876633, 0.07901385780014065, 0.15359128055571908, 0.11166979890957374, 0.10381642336732293, 0.11530299812083135, 0.10010518983642508, 0.08862313106972829, 0.03367294568489404, 0.03245498352850391, 0.07292321412925466, 0.042349563449464556, 0.1532694380398039, 0.15424321942530536, 0.14445622619136297, 0.12414558371191252, 0.15252308340980286, 0.06526613497514515, 0.04331493332449818, 0.14651003967575352, 0.10095743737831434, 0.06692532380641132, 0.15268622456114714, 0.07572546109302879, 0.13709438849054098, 0.046179312947227796, 0.14356519819460228, 0.020370443012866963, 0.148998988724018, 0.04661121087732477, 0.16046952164324543, 0.11194317073840258, 0.03585612114223776]"
A27VWQXCDU4U9D,"[2.4814958572387695, 2.4814958572387695, 2.4814958572387695, 0.0, 2.4814958572387695, 0.0, 2.4814958572387695, 0.0, 0.0, 2.4814958572387695, 0.0, 2.4814958572387695, 2.4814958572387695, 2.4814958572387695, 2.4814958572387695, 2.4814958572387695, 2.4814958572387695, 0.0, 2.4814958572387695, 0.0, 2.4814958572387695, 2.4814958572387695, 2.4814958572387695, 2.4814958572387695, 2.4814958572387695, 0.0, 0.0, 2.4814958572387695, 0.0, 0.0, 0.0, 2.4814958572387695, 0.0, 0.0, 0.0, 2.4814958572387695, 2.4814958572387695, 2.4814958572387695, 2.4814958572387695, 2.4814958572387695, 0.1408881368763803, 0.09693495906328764, 0.04486957953413487, 0.14379350082877423, 0.12875899413074443, 0.10281232929833839, 0.03470227902364176, 0.15682212205932808, 0.09767982295987034, 0.15534371298521762, 0.05050888352860751, 0.03555135223797082, 0.03809294663848357, 0.07154024616861546, 0.03160807897320135, 0.12864431444155555, 0.06869020234544433, 0.12103934820779594, 0.11461735213666405, 0.10676674089037978, 0.15285001700049392, 0.1661336473370741, 0.024873266389769808, 0.028926103463176242, 0.15556391778217463, 0.11940839790587672, 0.11056871755405345, 0.16110794327038275, 0.1324987624258737, 0.030823566556495142, 0.027962308660511057, 0.13271015648158396, 0.07398145540822203, 0.05994177534985406, 0.05594116716519488, 0.051628734182946334, 0.11619550448383345, 0.050696568677687084, 0.027812457656118977, 0.06846936142286236]"
A280XZUEBJ0G3Z,"[0.0, 0.0, 0.0, 0.0, 0.0, 0.0, 0.0, 0.0, 0.0, 0.0, 0.0, 0.0, 0.0, 0.0, 0.0, 0.0, 0.0, 0.0, 0.0, 0.0, 0.0, 0.0, 0.0, 0.0, 0.0, 0.0, 0.0, 0.0, 0.0, 0.0, 0.0, 0.0, 0.0, 0.0, 0.0, 0.0, 0.0, 0.0, 0.0, 0.0, 0.10379845607253113, 0.09382045369536403, 0.0796136416848276, 0.07118596377344164, 0.05459351796726328, 0.09903370937082157, 0.09897671447808855, 0.043793428547259386, 0.11947398717043053, 0.14698552907821266, 0.1741209656587578, 0.06658375606205558, 0.14516706040766478, 0.16073436924851434, 0.07283970348840063, 0.16277285525791485, 0.0579744825237684, 0.10392151581131505, 0.14440437871167633, 0.07020853476252482, 0.15284904069409147, 0.03792383188717853, 0.03957202984602761, 0.1038907373270032, 0.10824111870315267, 0.08739101062625028, 0.16993639050499054, 0.14470185328968088, 0.14911967738878623, 0.16115939396521298, 0.03989504870219561, 0.15876337627668194, 0.16394310409525506, 0.058501866527817324, 0.10607770127673255, 0.137770361775025, 0.10828809294189617, 0.16240493285268753, 0.162626706667323, 0.06360541876443887]"
A2813CU4C11BIE,"[14.848756790161133, 11.742396354675293, 12.474477767944336, 2.1730782985687256, 14.848756790161133, 1.3703546524047852, 14.848756790161133, 0.7199790477752686, 1.5604186058044434, 2.0903337001800537, 1.3739184141159058, 1.183854341506958, 11.117449760437012, 14.848756790161133, 14.848756790161133, 13.957868576049805, 14.848756790161133, 14.848756790161133, 14.848756790161133, 0.6539392471313477, 13.862836837768555, 0.7970070838928223, 14.848756790161133, 0.0, 13.957868576049805, 0.0, 0.6539392471313477, 12.474477767944336, 14.071943283081055, 0.6213833093643188, 2.8414580821990967, 11.808436393737793, -0.6370487809181213, 0.0, 13.33292007446289, 12.426443099975586, 14.087610244750977, -0.17317363619804382, 14.848756790161133, 14.848756790161133, 0.12739425575372565, 0.034659804723653855, 0.034379717214491436, 0.16965088233716444, 0.10957938069313154, 0.10607017151798745, 0.06213069174037131, 0.0355560327381046, 0.11826752213390579, 0.04041166387973599, 0.09969640286361914, 0.14437573706434567, 0.0972622881091821, 0.1393218708218447, 0.16329256784011012, 0.16455505612784713, 0.049490561166980515, 0.04092584517923051, 0.03890348127212862, 0.05603755158814078, 0.06817620602559778, 0.11773907396872195, 0.09819773065021715, 0.077766653876345, 0.054429639200522885, 0.05288505788403802, 0.03472961640787043, 0.16688598040704633, 0.10001835646022893, 0.052480657408661244, 0.1552971067088796, 0.04038847554558185, 0.07710702009341885, 0.045208591404183006, 0.14575916597542202, 0.050195945189974445, 0.06755700802993295, 0.08556911784460142, 0.10071721465445362, 0.09523420804433651]"
A281NPSIMI1C2R,"[14.613504409790039, 14.613504409790039, 11.630705833435059, 10.88206672668457, 14.613504409790039, 1.896559238433838, 14.613504409790039, 4.14584493637085, 4.619400978088379, 13.403738975524902, 1.4734141826629639, 9.850929260253906, 14.203657150268555, 14.613504409790039, 12.247629165649414, 14.613504409790039, 13.146656036376953, 7.815746307373047, 13.403738975524902, 0.9972574710845947, 14.613504409790039, 9.5324068069458, 14.613504409790039, 4.390464782714844, 14.613504409790039, 1.0832887887954712, 0.8127086162567139, 13.85054874420166, 9.936189651489258, 10.280587196350098, 10.672478675842285, 14.613504409790039, 0.5533822178840637, 0.0, 11.190713882446289, 11.903231620788574, 7.785147666931152, 9.145574569702148, 14.613504409790039, 14.613504409790039, 0.010367854578222598, 0.029105190567604727, 0.0040392771845607165, 0.15202820811161724, 0.11903403727960038, 0.010516179062803015, 0.022726464482822364, 0.10236422561462884, 0.04102327064051961, 0.034861051629392716, 0.13575697337125292, 0.015278345436603356, 0.04393850061578548, 0.0971234485640992, 0.10481375243105495, 0.07628302679229418, 0.04535637841594894, 0.03530393230549309, 0.01662780386684711, 0.03825284520099156, 0.12111232588164025, 0.006701976052789367, 0.11966490905486823, 0.01397216141186044, 0.09309423224632406, 0.03600566932150175, 0.14023756457552253, 0.11151431372670893, 0.05271926298989726, 0.14921675641640986, 0.022322541999248033, 0.1219710107168334, 0.0862013060179876, 0.1520031440014788, 0.12875676420135612, 0.08449079462374105, 0.10778717948603507, 0.11211669376317532, 0.06560617201118847, 0.018043521304443994]"
A2831PTXQCEFCM,"[11.88118839263916, 11.88118839263916, 4.434662342071533, 0.0, 12.835183143615723, 1.4805142879486084, 13.961185455322266, 2.4345080852508545, 3.3780078887939453, 7.041179656982422, 4.8400092124938965, 12.835183143615723, 4.262653350830078, 5.560665130615234, 3.308659791946411, 11.88118839263916, 11.891583442687988, 2.2520053386688232, 7.041179656982422, 0.0, 3.308659791946411, 8.148669242858887, 8.167181968688965, 3.308659791946411, 11.88118839263916, 0.0, 0.0, 5.560665130615234, 2.079996109008789, 0.0, 2.2520053386688232, 12.835183143615723, 0.0, 0.0, 2.2520053386688232, 5.560665130615234, 5.743167877197266, 3.308659791946411, 11.88118839263916, 5.560665130615234, 0.07139850866032517, 0.06994723845344597, 0.10474293124034094, 0.07062725016721386, 0.11836936239759865, 0.0368375642437026, 0.07309821694855463, 0.054626566530517257, 0.13822975926010514, 0.14642202561620093, 0.030940246435032615, 0.12629770019132902, 0.07280722030806619, 0.08329402255750576, 0.045067396756795185, 0.05913193320815085, 0.1756056236025487, 0.15881487031907626, 0.04005720497290355, 0.11285200080922078, 0.03651909230001932, 0.06836291647313107, 0.05632850143417379, 0.179261976411672, 0.13223420263677213, 0.06190746461495394, 0.10535562522647572, 0.16703172466881852, 0.12255845093110555, 0.11587610430100705, 0.10298595266466859, 0.14456533120962878, 0.0657930634584276, 0.11309220294646725, 0.06825381045018665, 0.10781215936862894, 0.10218490162072763, 0.034470106533472024, 0.0465811246643635, 0.0358220979284766]"
A289XUH39KKR89,"[0.587253212928772, 0.0011879700468853116, 0.0, 0.7297601103782654, 0.587253212928772, 0.0, 1.1733183860778809, -0.7285721302032471, 0.7297601103782654, -0.8710790276527405, 0.0, -1.4571442604064941, -0.7285721302032471, 1.3158252239227295, 0.587253212928772, -0.2850138247013092, 0.587253212928772, 1.3158252239227295, -0.8710790276527405, 0.7297601103782654, 0.587253212928772, -0.2850138247013092, 0.0011879700468853116, 0.5860652327537537, 0.587253212928772, 0.0, 0.0, 0.0011879700468853116, -1.4583321809768677, 0.7297601103782654, 0.0, 0.587253212928772, 0.0, 0.0, 0.7297601103782654, -1.4583321809768677, 0.587253212928772, 0.7297601103782654, 0.587253212928772, -0.8710790276527405, 0.11617528319964247, 0.1236847457139528, 0.15751373671193905, 0.1061857432115029, 0.08768495260016956, 0.09660475224987163, 0.03034524073153522, 0.03892106656557552, 0.1647419191199886, 0.0825681290446912, 0.09723534414259481, 0.03334210079877892, 0.15851438830014875, 0.10854822023204036, 0.0857893230280313, 0.02688777759984941, 0.03987348296481972, 0.08513907173475556, 0.16126541208315112, 0.12065617276973555, 0.11932891927734034, 0.037933434861665886, 0.15332963632182872, 0.03979938639904008, 0.11406105859544492, 0.05865365727592637, 0.13460759149561843, 0.15218198362400337, 0.05873021223906614, 0.1050526317396683, 0.09287254508483885, 0.12466333155315418, 0.10145605508454289, 0.1541934548470136, 0.16464336711012775, 0.1430751242369083, 0.15063130646462558, 0.07274807966007028, 0.0862805817960859, 0.12985135932532868]"
A28F08XFZRKIH5,"[5.130908966064453, 2.735374689102173, 4.498250484466553, 5.130908966064453, 2.7105953693389893, 0.4254417419433594, 1.8349326848983765, 0.4254417419433594, 4.097588062286377, -0.08534682542085648, 0.4254417419433594, 0.3400949239730835, 4.705467224121094, 3.1608164310455322, 1.8349326848983765, 4.68068790435791, 0.3400949239730835, 2.7604081630706787, 5.130908966064453, 0.6078788042068481, 4.68068790435791, 1.6772749423980713, 4.255246162414551, -0.45022088289260864, 5.130908966064453, 0.4254417419433594, 0.4254417419433594, 4.705467224121094, 2.553192138671875, 4.072808742523193, 1.0333205461502075, 4.255246162414551, 0.6078788042068481, 0.0, 5.130908966064453, 2.52815842628479, 0.36487406492233276, 3.3795833587646484, 4.68068790435791, 4.68068790435791, 0.0756930442634028, 0.025090617734005886, 0.14609901948849724, 0.0653210286964438, 0.13460694446275198, 0.08577714331066215, 0.14517414825037392, 0.03286311416310536, 0.08510077395323497, 0.0123736368741181, 0.11813100638484084, 0.11195592401562228, 0.1037999677118349, 0.14221774331209602, 0.1303400850474457, 0.013648197867454264, 0.022568931406641547, 0.11238325425980056, 0.06606136359619018, 0.10509706535565781, 0.03597462832181242, 0.07842783130703328, 0.1328896124140062, 0.10190377173519395, 0.02747753029466954, 0.03189790104287896, 0.0452838579568993, 0.08866581325680715, 0.11051876387727076, 0.034860292301968555, 0.09132440204148695, 0.1136707562057069, 0.030809684621158302, 0.12881772476012573, 0.1363747132253165, 0.03816881304843263, 0.04884087735773053, 0.09251657523291437, 0.022269328902445217, 0.020467268826724776]"
A28G6HAG3I755Y,"[1.4595260620117188, 1.4595260620117188, 0.7297630310058594, 1.4595260620117188, 1.4595260620117188, 0.0, 1.4595260620117188, 0.0, 0.7297630310058594, 1.4595260620117188, 0.0, 1.4595260620117188, 1.4595260620117188, 1.4595260620117188, 1.4595260620117188, 1.4595260620117188, 1.4595260620117188, 1.4595260620117188, 1.4595260620117188, 0.7297630310058594, 1.4595260620117188, 0.7297630310058594, 1.4595260620117188, 0.0, 1.4595260620117188, 0.0, 0.0, 1.4595260620117188, 0.7297630310058594, 0.7297630310058594, 0.7297630310058594, 1.4595260620117188, 0.7297630310058594, 0.0, 1.4595260620117188, 0.7297630310058594, 1.4595260620117188, 1.4595260620117188, 1.4595260620117188, 1.4595260620117188, 0.1427097299376708, 0.09462673867200443, 0.15767643414445234, 0.15400637969047062, 0.036417772707551206, 0.10003849349898462, 0.14663086683002488, 0.12111525118423692, 0.12142883784504387, 0.04003016644004617, 0.07855619296081102, 0.13568537621957197, 0.09256608434372246, 0.0588106404825133, 0.13526122601950757, 0.16587161516675164, 0.12815016797851755, 0.10350506834957954, 0.04067839952842581, 0.15416524944032306, 0.07608233597378121, 0.14393455914721465, 0.09231082299748801, 0.028168874575115684, 0.03520307028782714, 0.02267655098351116, 0.1359332106030932, 0.07736400485276024, 0.13661464220534197, 0.08686308902703417, 0.04320288108693416, 0.08573278169886232, 0.04012067233158646, 0.07616197409507158, 0.12330258652434187, 0.11726819811760265, 0.06318464642173677, 0.07687939664820022, 0.1540921943005349, 0.0727881737107277]"
A28MZ2SOOHMOZW,"[1.6655350923538208, 1.1128551959991455, 1.5308700799942017, 1.2830188274383545, 1.6994235515594482, 0.3421509861946106, 1.6133882999420166, 0.3421509861946106, 0.0, 0.23718252778053284, 0.5573096871376038, 1.4137529134750366, 1.8935173749923706, 1.2985420227050781, 2.0947630405426025, 1.8935173749923706, 1.2619541883468628, 1.8935173749923706, 2.0947630405426025, 0.3421509861946106, 1.5503244400024414, -0.08603505790233612, 1.4448349475860596, 0.0, 0.7805793285369873, 0.3421509861946106, 1.3762056827545166, 1.3351656198501587, 1.8993549346923828, 1.1749600172042847, 1.678358554840088, 2.0947630405426025, 0.9973483085632324, 0.0, 1.8935173749923706, 0.36417484283447266, 0.32321763038635254, 0.32321763038635254, 1.1786187887191772, 1.4981776475906372, 0.03461509256129213, 0.018264435296099422, 0.03803634582327912, 0.1136813372299098, 0.03003046977503553, 0.10355013366713421, 0.1286833131027414, 0.020972801350686757, -0.006155396759412851, 0.12986619065728872, 0.045302108949925965, 0.13101124664645258, -0.010719599351314236, 0.05991648596979338, 0.07491678045589914, -0.0025360287628168237, 0.08178930921356879, 0.03581842041095717, 0.010574384255949861, 0.006024023026425478, 0.10408036682358716, -0.007519685693481971, 0.10558899420874904, 0.12652686108464858, 0.012455162762437147, 0.05935674693236247, 0.04860010382210168, -0.008594194413608073, 0.12014080841418699, 0.10509869078693516, 0.013560130179923127, 0.07191758485466943, 0.03238702407411991, 0.12232711330054356, 0.11781903313262078, -0.01310771996661639, 0.010798204866901214, 0.11654076058431019, 0.003082543739309561, 0.06527083752091162]"
A28N2AWOVO2PB,"[5.528589248657227, 5.056504249572754, 0.8357416391372681, 0.6620550751686096, 5.990726470947266, 0.3821617066860199, 6.318365573883057, 1.4863979816436768, 1.2705566883087158, 1.7091197967529297, 0.6511778831481934, 1.5039985179901123, 0.9309484362602234, 3.038574457168579, 4.942179203033447, 3.8079166412353516, 3.677906036376953, 4.759497165679932, 2.6608567237854004, 0.7500087022781372, 5.140607833862305, 1.049517273902893, 2.013828992843628, 0.0, 5.305534362792969, 0.32142314314842224, 0.6951481103897095, 4.125589847564697, 1.1232084035873413, -1.683676838874817, -4.696178913116455, 6.073829174041748, 0.48324474692344666, 0.08016130328178406, -0.020401835441589355, 1.843346357345581, 4.5287766456604, -0.720689058303833, 2.7029788494110107, 5.9548797607421875, 0.011058468229945585, 0.04854563881686656, 0.10871277470741375, 0.05598622118412576, 0.07024832753241234, 0.08488064905901037, 0.027291272884641588, 0.10332784135552155, 0.01056615488661601, 0.11169138128693686, 0.09151408838135973, 0.01414336824642899, 0.03182007153725962, 0.11719651407099939, 0.1110523814621961, 0.07619719177075657, 0.012795760217329774, 0.05313570319128674, 0.09562102388301567, 0.08701036007137342, 0.1336912632915032, 0.11494900849765691, 0.015926778084394747, 0.13145251618938805, 0.06106411951020241, 0.15024889847693074, 0.049906179290001705, 0.07283875709227969, 0.09187552248320452, 0.15682002764208477, 0.1075864736920998, 0.12211068805907838, 0.037704824503174326, 0.05409150701560906, 0.08059539528132757, 0.02868439166991674, 0.0528399636643966, 0.11889914435537978, 0.02886539651055832, 0.04493447794507447]"
A28RTSY1TRCXLK,"[0.3584216833114624, -0.09745581448078156, 0.39775657653808594, -0.09745581448078156, 0.26096585392951965, 0.16696961224079132, 0.3584216833114624, 0.0, 0.16696961224079132, 0.16696961224079132, 0.16696961224079132, 0.2946043312549591, 0.28257638216018677, 0.16696961224079132, 0.46157392859458923, 0.16696961224079132, 0.3584216833114624, 0.23078696429729462, 0.2946043312549591, 0.16696961224079132, 0.33393922448158264, 0.16696961224079132, 0.16696961224079132, 0.0, 0.5253912806510925, 0.0, 0.2946043312549591, 0.33393922448158264, 0.12417511641979218, 0.0, 0.33393922448158264, 0.2946043312549591, 0.0, 0.0, 0.2946043312549591, 0.33393922448158264, 0.16696961224079132, 0.16696961224079132, 0.23078696429729462, 0.33393922448158264, 0.08960306496648325, 0.06970855776167208, 0.10517825701276884, 0.03191802337058628, 0.05507582976174952, 0.026592386625084712, 0.0762136138445794, 0.12018455711691428, 0.0623674867242191, 0.07916992520105008, 0.00456794342879662, -0.009815805234224607, 0.03141287617318576, 0.08925514454082935, 0.08809162065990084, 0.022565199924378908, 0.006376952086728064, 0.07070545156643845, 0.02494337120539643, 0.10361839037751379, 0.02301680443822379, 0.12926792984284508, 0.12971781069944843, 0.03289677809069701, 0.1144606313670892, 0.002977607493574984, 0.012386980459440559, 0.0029426728706598558, 0.05364388069473067, 0.02288788588668204, 0.11378613571579109, 0.10819338574004507, 0.07329781810735063, 0.0629880437004134, 0.02424977670087137, 0.0885898309254857, 0.06164847177497687, -0.01014348705416021, 0.12796460234585066, 0.10033808188084374]"
A28TUBAOIO801,"[9.094261169433594, 9.304632186889648, -0.760737419128418, 1.231720209121704, 9.094261169433594, 0.0, 9.495079040527344, 10.065369606018066, 1.992457628250122, 9.304632186889648, 5.82850456237793, 7.312174320220947, 5.86940336227417, 9.304632186889648, 5.659032344818115, 9.304632186889648, 5.06776762008667, 5.258214473724365, 9.094261169433594, 0.0, 5.468585014343262, 1.992457628250122, 1.231720209121704, 0.0, 1.231720209121704, 0.0, 0.0, 3.4761276245117188, 5.678956031799316, -0.5503667593002319, 2.9257607460021973, 9.495079040527344, 0.0, 1.992457628250122, -0.760737419128418, 1.4420908689498901, 9.854999542236328, -0.5503667593002319, 9.34553050994873, 4.857396602630615, 0.1131077715424641, 0.08881094620548925, 0.18016875650481518, 0.16383775981875515, 0.1377420719496995, 0.05029002873455048, 0.11615894433946565, 0.1051967212782987, 0.18528200413932905, 0.06291293673529985, 0.15396906703539662, 0.06317179435623595, 0.06682419393502759, 0.06580920225116278, 0.11497661876164926, 0.09021327020149068, 0.036688784471659394, 0.045231770015125315, 0.048151729744675, 0.16907567997207554, 0.10649176110230814, 0.05728936875041966, 0.12497147205501136, 0.03724764577754344, 0.17361752816244969, 0.04715341102769666, 0.09700692283052696, 0.11575975223222175, 0.07642110808237969, 0.1577927700495654, 0.10764460642371323, 0.15960423934217258, 0.0381984673144116, 0.040591504737824274, 0.05284538279762376, 0.1306385989030062, 0.047837667665953196, 0.17856817378690376, 0.12358817622986835, 0.17221424036884114]"
A28XHFOYRSV7VA,"[10.316202163696289, 10.316202163696289, 5.1581010818481445, 5.048027515411377, 10.316202163696289, 0.0, 10.316202163696289, 0.0, 5.048027515411377, 14.4520263671875, 0.11007331311702728, 10.316202163696289, 10.316202163696289, 10.316202163696289, 10.316202163696289, 10.316202163696289, 10.316202163696289, 5.1581010818481445, 10.316202163696289, 5.048027515411377, 10.316202163696289, 10.206128120422363, 10.206128120422363, 5.1581010818481445, 10.316202163696289, 0.0, 0.0, 10.206128120422363, 0.11007331311702728, 5.048027515411377, 0.0, 10.316202163696289, 0.0, 0.0, 5.1581010818481445, 5.1581010818481445, 10.316202163696289, 10.316202163696289, 10.316202163696289, 10.316202163696289, 0.10592373430558068, 0.07863715210099557, 0.07821069122580032, 0.11667030602388516, 0.11561606854659502, 0.07152582774557896, 0.09663341021508144, 0.13306591783170735, 0.1427968143756671, 0.04284365179165829, 0.04194989254854995, 0.10898315366612323, 0.04410799578871869, 0.07964496242441108, 0.1446266286397122, 0.06287385578438617, 0.05825949813120918, 0.12048005269993103, 0.1513329996408313, 0.07987529334082698, 0.09453966120924467, 0.05734843845831775, 0.05332607421235212, 0.13252920674364882, 0.08622154299275837, 0.08889014783985631, 0.10146842051374222, 0.05484902115697363, 0.07945653396013949, 0.12325799207382142, 0.046664529365944424, 0.08051063310832164, 0.17811511948196745, 0.039585988170174655, 0.05810415772940881, 0.05327707468859079, 0.16132591418730258, 0.1887599425980126, 0.1607489426435577, 0.05559848567279796]"
A29C6ZBT7HP13Q,"[2.323974609375, 1.6543195247650146, 1.6543195247650146, 1.6543195247650146, 1.4968148469924927, 0.0, 2.323974609375, 0.8271597623825073, 0.0, 1.6543195247650146, 0.8271597623825073, 2.1664698123931885, 1.6543195247650146, 1.6543195247650146, 1.4968148469924927, 1.6543195247650146, 1.4968148469924927, 0.8271597623825073, 1.4968148469924927, 0.0, 1.6543195247650146, 1.6543195247650146, 1.6543195247650146, 1.6543195247650146, 1.4968148469924927, 0.0, 0.6696550250053406, 2.4814794063568115, 1.4968148469924927, 0.8271597623825073, 1.6543195247650146, 1.4968148469924927, 0.0, 0.0, 0.8271597623825073, 1.6543195247650146, 2.4814794063568115, 2.4814794063568115, 2.4814794063568115, 1.6543195247650146, 0.09306867693159808, 0.08242436061957951, 0.15178754180381004, 0.0451835938105673, 0.12484290778495825, 0.1171675890384321, 0.14040299012985472, 0.07955939605474642, 0.1468057943181548, 0.14770420188377492, 0.12873152893484494, 0.050021986120185054, 0.03439706932506475, 0.029474355566120054, 0.12982022687253153, 0.0275545597233062, 0.05124405809901215, 0.15500102664346435, 0.0909820172024902, 0.11997217129345017, 0.0460710257713316, 0.11549098474725022, 0.04542586303105487, 0.06953006028587767, 0.14215795403975706, 0.11859158520342844, 0.07301489706789749, 0.13332686926511997, 0.03105961278511194, 0.13014448902780423, 0.03988866305512786, 0.08385508804977046, 0.007520421480169742, 0.04391458201007456, 0.14597843616930734, 0.03077428353252746, 0.1400148676807755, 0.06716151323489782, 0.05577339846781936, 0.12181843477264373]"
A29F4PQDQ8MU0M,"[5.2223005294799805, 0.6133663058280945, 4.60893440246582, 0.5473223924636841, 10.378558158874512, 0.0, 10.378558158874512, 0.0, 0.5473223924636841, 10.378558158874512, 4.674978733062744, 10.378558158874512, 5.2223005294799805, 5.2223005294799805, 5.2223005294799805, 5.2223005294799805, 10.378558158874512, 0.6133663058280945, 5.2223005294799805, 0.5473223924636841, 5.2223005294799805, 5.156256675720215, 5.156256675720215, 0.0, 5.2223005294799805, 4.60893440246582, 0.0, 5.156256675720215, 0.06604398041963577, 0.5473223924636841, 4.60893440246582, 10.378558158874512, 0.0, 0.0, 0.6133663058280945, 4.60893440246582, 5.2223005294799805, 5.2223005294799805, 5.2223005294799805, 5.2223005294799805, 0.0963838254831376, 0.032184377554020795, 0.061747583810348936, 0.15852273366066738, 0.14237357132455203, 0.07122554018067923, 0.11566374292413707, 0.13261364871396722, 0.1110219314310771, 0.10374796220498261, 0.10340817791211988, 0.025517066987916753, 0.060434675580385615, 0.0364126990075712, 0.1456690428055221, 0.12363040083606756, 0.09028847904714538, 0.023350085247088682, 0.06588146420815892, 0.16435739144393727, 0.04471735376477989, 0.09362843893235218, 0.040276669976909145, 0.08886488668584648, 0.06405045282304934, 0.11050202286352571, 0.03060821889158981, 0.16508350891675103, 0.16012685648446393, 0.08734617678885981, 0.15055664676851394, 0.14347600480131933, 0.06564950705780823, 0.10166450532043796, 0.0789240356119909, 0.13360231212901363, 0.09781616239136524, 0.08674287742698114, 0.05084153412599036, 0.0886070662143003]"
A29GCQQLNLUJGG,"[1.6775217056274414, 1.8955154418945312, 0.21799367666244507, 0.9477577209472656, 1.6775217056274414, 0.21799367666244507, 4.865753173828125, 0.7297640442848206, 0.7297640442848206, 4.865753173828125, 0.7297640442848206, 1.6775217056274414, 1.165751338005066, 4.647759437561035, 4.647759437561035, 1.6775217056274414, 1.6775217056274414, 1.8955154418945312, 4.647759437561035, 0.7297640442848206, 1.8955154418945312, 0.7297640442848206, 1.6775217056274414, 0.0, 1.8955154418945312, 0.0, 0.0, 0.9477577209472656, 0.9477577209472656, 0.9477577209472656, 0.21799367666244507, 4.647759437561035, 0.7297640442848206, 0.0, 0.7297640442848206, 0.0, 0.7297640442848206, 1.6775217056274414, 4.647759437561035, 4.647759437561035, 0.1091727159281146, 0.08051853880477183, 0.10763246646952532, 0.0832874167368526, 0.08744293141853819, 0.03728435700936851, 0.0697004652319336, 0.04626788569266144, 0.04263343242722903, 0.07859046298778977, 0.05232539053601175, 0.08885217724147815, 0.04174999747032145, 0.03609581507418688, 0.11346207322409667, 0.1243093886467194, 0.04761459475744063, 0.049970319341910166, 0.16067906699439646, 0.14135898974889072, 0.14763051800725163, 0.1280871140593964, 0.09988276630512913, 0.08397265791556369, 0.14056628799135662, 0.04895124592042051, 0.1471270732601075, 0.07037746381607268, 0.12930796379012066, 0.13053143168517845, 0.04477051780590545, 0.17761225496671543, 0.11340893399830067, 0.0838585662105007, 0.169726199186155, 0.09392249715342375, 0.08676317938027121, 0.0965055297233004, 0.035945561675317476, 0.10521522160195586]"
A29PKN4LL05QGF,"[1.7089910507202148, 1.7089910507202148, 0.0, 1.0222638845443726, 1.7089910507202148, 0.0, 1.3734543323516846, 0.0, 1.0222638845443726, 1.7089910507202148, 0.6867271661758423, 1.3734543323516846, 1.7089910507202148, 1.7089910507202148, 1.3734543323516846, 1.7089910507202148, 1.3734543323516846, 1.3734543323516846, 1.7089910507202148, 1.0222638845443726, 1.7089910507202148, 1.0222638845443726, 1.0222638845443726, 0.0, 1.3734543323516846, 0.0, 0.0, 1.0222638845443726, 0.6867271661758423, 1.0222638845443726, 0.0, 1.7089910507202148, 0.0, 0.0, 1.7089910507202148, 0.0, 1.7089910507202148, 1.7089910507202148, 1.3734543323516846, 1.7089910507202148, 0.18227190270668595, 0.10864466671985841, 0.12369257613461657, 0.11925253641360518, 0.17002702410285253, 0.04423524604239633, 0.11439245110799785, 0.04542865570014821, 0.08775209436841158, 0.17146920904581975, 0.03450804534708072, 0.0969342297553405, 0.07231712618450171, 0.09926717313204089, 0.12745975791025763, 0.15736115213625446, 0.1583481987033448, 0.1336465839980548, 0.052502471966625865, 0.1332969827641651, 0.06216475880147361, 0.04625260494968624, 0.03618282326336975, 0.1533238208340075, 0.06377490172077364, 0.07309020972352064, 0.1475618831076786, 0.045253735207904495, 0.1082264726249856, 0.10781937995984579, 0.11881515411835411, 0.07974155950344958, 0.07596860195020601, 0.17559910894667394, 0.036679128555570734, 0.15690620912552747, 0.15722973293262335, 0.16003199976173352, 0.17080259410998233, 0.05722368677099688]"
A29VG90T649CSU,"[18.628028869628906, 16.281169891357422, 14.918803215026855, 4.849867820739746, 18.946365356445312, 1.1522884368896484, 19.091777801513672, 3.4421536922454834, 11.356048583984375, 16.653396606445312, 1.2966930866241455, 10.833553314208984, 14.85025405883789, 18.554203033447266, 16.211135864257812, 15.975078582763672, 17.01678466796875, 12.25712776184082, 16.37868881225586, 1.9695701599121094, 17.611122131347656, 5.231029510498047, 15.290690422058105, 1.3550699949264526, 18.02655029296875, 1.6499067544937134, 0.784076988697052, 17.427780151367188, 14.7515230178833, 4.255798816680908, 14.15538215637207, 16.23894500732422, 1.1584749221801758, 0.31817662715911865, 14.305695533752441, 16.344268798828125, 12.065635681152344, 1.2702337503433228, 19.457557678222656, 16.889175415039062, 0.12876239737701162, 0.03377057522334647, 0.15124461937583514, 0.039333413213488676, 0.07730634864985718, 0.13175170834854794, 0.06592417671232945, 0.11528910442571037, 0.10313284724307865, 0.12010256421179905, 0.08062906126616932, 0.06035167245853008, 0.13350743596074138, 0.15815489995129667, 0.08987340437924946, 0.08160640856470272, 0.020834420323007606, 0.01838047126114089, 0.04708114419913526, 0.11720101716916624, 0.09180606514234509, 0.13353664922017253, 0.05905124585037357, 0.08903713309765279, 0.14493602138782402, 0.1621895858919357, 0.13664530235185912, 0.15407225580339814, 0.09456595114645981, 0.06933101258589536, 0.05584033261364195, 0.07501423544522957, 0.11179812187035681, 0.072168644230231, 0.017170676472848246, 0.0880524592631264, 0.07011706692893138, 0.14864660939485197, 0.04901516844044563, 0.07351434425640198]"
A29VPAJ33CDQMZ,"[7.409948348999023, 7.409948348999023, 7.409948348999023, 4.928457260131836, 7.409948348999023, 0.0, 7.409948348999023, 9.856914520263672, 4.928457260131836, 12.33840560913086, 0.0, 2.4814913272857666, 7.409948348999023, 12.33840560913086, 7.409948348999023, 7.409948348999023, 12.33840560913086, 0.0, 12.33840560913086, 0.0, 7.409948348999023, 7.409948348999023, 7.409948348999023, 2.4814913272857666, 12.33840560913086, 0.0, 0.0, 7.409948348999023, 9.856914520263672, 4.928457260131836, 4.928457260131836, 12.33840560913086, 0.0, 0.0, 4.928457260131836, 7.409948348999023, 2.4814913272857666, 2.4814913272857666, 12.33840560913086, 7.409948348999023, 0.0847265968989452, 0.08019138771012628, 0.11270487870256371, 0.06093157258451376, 0.05369724285241278, 0.10562026983445977, 0.07620859033374815, 0.05884130743626847, 0.1200067013471699, 0.1533353832809465, 0.039533995004903365, 0.030365193764582698, 0.03292899980215454, 0.13695963651939433, 0.16697882107064854, 0.0263328168618999, 0.046914432754569524, 0.16840825201172116, 0.04705716028931859, 0.14352285286616276, 0.030727087786690865, 0.05790139066511243, 0.0739135623598568, 0.13334626152442935, 0.1109081886159138, 0.11078156740918368, 0.07186095763579987, 0.06701478562916179, 0.1683182515124621, 0.1574777818789766, 0.1002253801288053, 0.15509162081611585, 0.14378077735177033, 0.07040448780145392, 0.12758741849602076, 0.1304531744861642, 0.03735842134510085, 0.06426058206432347, 0.06241893562585288, 0.09211675715739978]"
A29WQLB8ACNZ5T,"[7.62136697769165, 7.11934757232666, 7.11934757232666, 3.810683488845825, 7.11934757232666, 3.810683488845825, 7.62136697769165, 0.0, 3.810683488845825, 7.11934757232666, 0.0, 3.308664083480835, 7.11934757232666, 7.11934757232666, 7.11934757232666, 7.11934757232666, 7.11934757232666, 3.810683488845825, 7.11934757232666, 0.0, 7.11934757232666, 7.11934757232666, 7.11934757232666, 3.308664083480835, 7.11934757232666, 0.0, 0.0, 7.11934757232666, 3.810683488845825, 3.810683488845825, 3.810683488845825, 7.11934757232666, 0.0, 0.0, 3.810683488845825, 7.11934757232666, 3.308664083480835, 3.308664083480835, 7.11934757232666, 7.11934757232666, 0.07087920198318058, 0.14005253055681371, 0.11617487031029977, 0.08486299736172592, 0.109531083556449, 0.15615610682416967, 0.036724255798795624, 0.11596262397840705, 0.07018692410077329, 0.04386663630179444, 0.13215137241318203, 0.07886828182069303, 0.15212225253183811, 0.08529707823090549, 0.12464600606870092, 0.1388160342872435, 0.08294457950622064, 0.1519315884743182, 0.14706065683909345, 0.023617748184906508, 0.041403449380864155, 0.12684803428140093, 0.1512503155593375, 0.12749581131301674, 0.15052072073954872, 0.09118685119493512, 0.10913224717354947, 0.13526553704121286, 0.06515468087154155, 0.08076711138758777, 0.03606227970525311, 0.0382034108272556, 0.1625068948481221, 0.07039106155465316, 0.15452676309654023, 0.027533675372738205, 0.12042333506592626, 0.11437355149887153, 0.10566909710693695, 0.07555013958450349]"
A2A3IPL0AVGETE,"[0.0, 0.0, 0.0, 0.0, 0.0, 0.0, 0.0, 0.0, 0.0, 0.0, 0.0, 0.0, 0.0, 0.0, 0.0, 0.0, 0.0, 0.0, 0.0, 0.0, 0.0, 0.0, 0.0, 0.0, 0.0, 0.0, 0.0, 0.0, 0.0, 0.0, 0.0, 0.0, 0.0, 0.0, 0.0, 0.0, 0.0, 0.0, 0.0, 0.0, 0.06202253656022239, 0.13798403298064102, 0.09863805690086465, 0.09164692896844234, 0.09858164885457052, 0.10708752022698881, 0.09102500978718596, 0.14220104938105704, 0.07528704484670638, 0.12560763828986146, 0.08449152309089697, 0.16056208300493596, 0.12192141159363516, 0.08063593995221706, 0.06015948683406611, 0.05460172179182477, 0.045009932078254586, 0.16818316086531632, 0.06383915674348457, 0.15153071640928276, 0.11136499585243476, 0.11531349041952961, 0.10781062101883336, 0.13379643385213486, 0.09679914781849067, 0.07091594501413123, 0.05610936894800916, 0.1388121243061511, 0.16613140338221305, 0.08862759137383192, 0.09110327064843908, 0.12424767489676478, 0.1698222089060485, 0.1606537936579339, 0.14587111265717584, 0.04857820197174358, 0.16280252715160856, 0.15317850449289724, 0.09480637329775266, 0.09278951358590724]"
A2A83NR45HQ2OV,"[13.421114921569824, 13.421114921569824, 3.140366315841675, 1.9854552745819092, 13.421114921569824, 0.0, 13.421114921569824, 8.126997947692871, 2.153752088546753, 13.421114921569824, 1.7494934797286987, 13.421114921569824, 9.51786994934082, 13.421114921569824, 9.51786994934082, 13.421114921569824, 5.058156967163086, 6.209207057952881, 13.421114921569824, 0.0, 11.671622276306152, 5.4624152183532715, 5.4624152183532715, 3.3086631298065186, 5.4624152183532715, 0.0, 0.0, 9.686166763305664, 6.377503395080566, 0.0, 6.209207057952881, 13.421114921569824, 0.0, 0.0, 0.0, 5.4624152183532715, 13.421114921569824, 3.3086631298065186, 13.421114921569824, 7.043612003326416, 0.16740843382405868, 0.07117223618586314, 0.12370160769386698, 0.05424968882763628, 0.15587611925468842, 0.022631424609873673, 0.09891683342473798, 0.10223311091514499, 0.08562487265118324, 0.028380780068344994, 0.16397372234640503, 0.10092885446652639, 0.14990974318581612, 0.11962413887099829, 0.07515833920019818, 0.07697605940982931, 0.1687021548722211, 0.0863726620802638, 0.16847550728918653, 0.03776962263429593, 0.13619530633329957, 0.11107426860590451, 0.06530202207779272, 0.09327994665985492, 0.043567117594208914, 0.13933182159958507, 0.0904615893850871, 0.153174801506147, 0.027522111062019464, 0.11310183864878111, 0.12553583861560091, 0.125961539110172, 0.03288798987379692, 0.03654013294550477, 0.07465392809709241, 0.0939693619986159, 0.09878063083969094, 0.03463507043378445, 0.0671341859623918, 0.1288289990934145]"
A2ABCUIYJETG6Q,"[14.849708557128906, 12.74732494354248, 12.74732494354248, 9.949713706970215, 14.849708557128906, 0.0, 14.849708557128906, 4.608941078186035, 0.0, 14.849708557128906, 0.0, 14.849708557128906, 7.80667781829834, 14.849708557128906, 10.604289054870605, 14.849708557128906, 14.849708557128906, 3.1977362632751465, 14.849708557128906, 0.0, 14.849708557128906, 7.406552314758301, 14.849708557128906, 7.406552314758301, 14.849708557128906, 0.0, 0.0, 14.849708557128906, 3.1977362632751465, 0.0, 0.4841376543045044, 14.849708557128906, 0.4001254439353943, 0.0, 5.34077262878418, 14.849708557128906, 12.74732494354248, 12.74732494354248, 14.849708557128906, 14.849708557128906, 0.11405876576957283, 0.06407201898030829, 0.08611741672392334, 0.14464783383474625, 0.1510294014379931, 0.12024892755624948, 0.13534559021322962, 0.12661528972192637, 0.11013892751984938, 0.15454929013528348, 0.06023463679391529, 0.02750490368620671, 0.0995330650744279, 0.16730627326749548, 0.14124370389837435, 0.0229212447499787, 0.05318712462718288, 0.022197028016065372, 0.14133753593248663, 0.1334914625360602, 0.03654422749217629, 0.09683060880717545, 0.029547301286807718, 0.10866446361268525, 0.1197011713569522, 0.10120566222449476, 0.07935603053614751, 0.02420387612221376, 0.1171353028717657, 0.10472569059858092, 0.05214279453053657, 0.05895281180726969, 0.03514990986456316, 0.13006001947254442, 0.16726269445106698, 0.09386024057943577, 0.13077473671685952, 0.11753123493037225, 0.14012902346638387, 0.08176595911403292]"
A2AET552WMN8LZ,"[7.604774475097656, 13.750022888183594, 6.875011444091797, 7.604774475097656, 13.750022888183594, 0.0, 19.799589157104492, 6.875011444091797, 6.875011444091797, 19.799589157104492, 6.875011444091797, 19.799589157104492, 7.604774475097656, 7.604774475097656, 7.604774475097656, 13.750022888183594, 13.750022888183594, 7.604774475097656, 7.604774475097656, 0.729763388633728, 7.604774475097656, 7.604774475097656, 7.604774475097656, 0.0, 7.604774475097656, 0.0, 6.875011444091797, 7.604774475097656, 6.875011444091797, 7.604774475097656, 6.875011444091797, 13.750022888183594, 0.0, 0.0, 7.604774475097656, 6.875011444091797, 7.604774475097656, 7.604774475097656, 7.604774475097656, 7.604774475097656, 0.061611282064490715, 0.1464018626902046, 0.14697539147584193, 0.04958571063945727, 0.08773296414744736, 0.12116323949846121, 0.03970308571324945, 0.028508998673669118, 0.16027839893021387, 0.16275839438999182, 0.15251334273351558, 0.07350275370753324, 0.04789069889220632, 0.05539274607991055, 0.16010390127066876, 0.1336253447247505, 0.05117461467662607, 0.12396933775920359, 0.15494581631780888, 0.1690177629964272, 0.12135456784312068, 0.06496234917388978, 0.061740568025050735, 0.1567740293077715, 0.035690437714539364, 0.09194784704851672, 0.1463966914653864, 0.03505653434144049, 0.05686184065330007, 0.0998133521196819, 0.09502325529982228, 0.14199733129367767, 0.14789072296023437, 0.1273784659196785, 0.0281657120286098, 0.11213318125270685, 0.13040291485170596, 0.15671451227561276, 0.10139346905596913, 0.10981908276798007]"
A2AHJ14T0JXO1M,"[8.525925636291504, 9.89870548248291, -0.08414825052022934, 4.445403575897217, 9.899794578552246, 0.0, 9.899794578552246, 7.153146266937256, 4.529551982879639, 9.899794578552246, 0.0, 9.899794578552246, 5.453301906585693, 8.525925636291504, 5.453301906585693, 8.525925636291504, 7.518027305603027, 8.525925636291504, 8.525925636291504, 1.456928014755249, 5.453301906585693, 1.456928014755249, 7.602175712585449, 0.0, 8.974955558776855, 0.0, 0.0, 9.899794578552246, 4.080522060394287, 1.456928014755249, 8.441777229309082, 9.899794578552246, 0.0, 0.0, 4.529551982879639, 3.0726239681243896, 5.453301906585693, 1.456928014755249, 9.899794578552246, 4.445403575897217, 0.05035198860166944, 0.15677338455761647, 0.07716047195082544, 0.08601772384588885, 0.025570164959563515, 0.08207671361340545, 0.0158537892227962, 0.11843730123441305, 0.10599340546224174, 0.02599641803202974, 0.09295034708626553, 0.06040916210975429, 0.04681480814238733, 0.12049339514206969, 0.026835653390648088, 0.06992658744854095, 0.03284727681164943, 0.05799557384004466, 0.0775815002349722, 0.05217098817928493, 0.12073047508873491, 0.07975079485484207, 0.04251908238576638, 0.11770983111392694, 0.026987874657161213, 0.08432851657977655, 0.15339160911973812, 0.10328999333792528, 0.12971189218954002, 0.0803448901017792, 0.11999173767414142, 0.05853768282866427, 0.11893892437634046, 0.11898781254223417, 0.0913539627662646, 0.05595578418815749, 0.13339560612594295, 0.11043865299782235, 0.1571105184222007, 0.031164455819948585]"
A2ANZE8NVU7BCO,"[8.392818450927734, 2.7976062297821045, 5.595212459564209, 0.3161126375198364, 8.383240699768066, 0.0, 8.392818450927734, 0.0, 2.4814934730529785, 5.279099941253662, 0.0, 8.076705932617188, 3.1137185096740723, 8.076705932617188, 5.90174674987793, 5.595212459564209, 3.1137185096740723, 2.7976062297821045, 8.392818450927734, 0.0, 5.911324977874756, 2.7976062297821045, 8.392818450927734, 2.7976062297821045, 5.90174674987793, 0.0, 0.0, 3.1137185096740723, 5.269521713256836, 0.0, 0.3065345883369446, 5.595212459564209, 0.0, 0.0, 2.7976062297821045, 8.392818450927734, 2.7976062297821045, 2.7976062297821045, 8.076705932617188, 8.076705932617188, 0.08275765098928742, 0.1291281413561131, 0.10580429431189724, 0.16384076344103066, 0.05561905679091006, 0.04059770153834441, 0.08033578522744032, 0.058902143424094146, 0.16204560437174767, 0.15954564704461366, 0.1477671715864927, 0.140770506194619, 0.15483250971621218, 0.14135886709538836, 0.1401810654457301, 0.10091266070451718, 0.16307627814442024, 0.11396156205020556, 0.09914648297626993, 0.1613055538455252, 0.16725297352878954, 0.055429760937267654, 0.09929130400368488, 0.08760922805508568, 0.031157579845818465, 0.10442946361167721, 0.12237297671987456, 0.0370849418162609, 0.0639655480745072, 0.08681478476070573, 0.07607497147056912, 0.03277366017749214, 0.12800892224658073, 0.042278016994469675, 0.019094239061030666, 0.13124290906555863, 0.039316595744922946, 0.15489256598082024, 0.09498825537639789, 0.1166026684212015]"
A2AXHDSJEBEOIB,"[13.247568130493164, 6.4754533767700195, 0.5473213195800781, 0.5473213195800781, 5.849132537841797, 0.0, 5.849132537841797, 0.5473213195800781, 1.0946426391601562, 14.24513053894043, 4.754489898681641, 7.022774696350098, 5.849132537841797, 5.849132537841797, 13.61880874633789, 6.025212287902832, 5.301811218261719, 13.79488754272461, 5.477890968322754, 0.5473213195800781, 5.301811218261719, 0.5473213195800781, 1.0946426391601562, 0.0, 13.61880874633789, 0.0, 0.0, 1.2707223892211914, 4.754489898681641, 0.5473213195800781, 0.5473213195800781, 5.849132537841797, 0.0, 0.0, 5.301811218261719, 0.17607983946800232, 5.301811218261719, 13.071487426757812, 14.849658966064453, 5.301811218261719, 0.10026501147360437, 0.027855774111452812, 0.08590216738851442, 0.15169253557259835, 0.15128445966273335, 0.16539488178193631, 0.08385673681701074, 0.06312419612539825, 0.09766464017170294, 0.06458651875295332, 0.09590205174388211, 0.13112977213370683, 0.09409070052123818, 0.07333708457581833, 0.03777639598912986, 0.10773724748231747, 0.07936397144818043, 0.05179101215440098, 0.14227706868926085, 0.043395044376845444, 0.14710312860721478, 0.12127015336618639, 0.14196161324040416, 0.10191655738530736, 0.14179107672375293, 0.13461080090428987, 0.07253667863564886, 0.1650225369048188, 0.12938161601576478, 0.0562093161235221, 0.1010550142986698, 0.035706258385713646, 0.07323295911167048, 0.07634941545602301, 0.08616678683114007, 0.10251674672545728, 0.11176950980546922, 0.11222911466502437, 0.10106834217361856, 0.15020788934110857]"
A2B33XXX3MZC6R,"[1.2744395732879639, 6.041695594787598, 4.991286754608154, 1.892181634902954, 1.2744395732879639, 0.0, 1.2744395732879639, 0.43266695737838745, 1.1624243259429932, 1.2744395732879639, 0.5446822047233582, 0.8417726159095764, 1.2744395732879639, 1.2744395732879639, 1.2744395732879639, 6.153711318969727, 1.2744395732879639, 1.1624243259429932, 1.2744395732879639, 0.7297573685646057, 1.2744395732879639, 1.2744395732879639, 1.2744395732879639, 0.0, 1.2744395732879639, 0.1120152473449707, 0.0, 0.8417726159095764, 0.43266695737838745, 0.7297573685646057, 4.991286754608154, 1.2744395732879639, 0.0, 0.43266695737838745, 5.6090288162231445, 0.5446822047233582, 1.2744395732879639, 0.8417726159095764, 1.2744395732879639, 6.153711318969727, 0.1753355858730973, 0.060940247833559086, 0.10694591440826948, 0.030317903832090844, 0.09381722010100776, 0.17469846554859705, 0.03953086457525377, 0.05508596885329837, 0.05665202875149105, 0.13594570211247609, 0.16185294549848414, 0.16942637596749904, 0.052996296312110475, 0.11398968240884211, 0.11312496503126267, 0.08483438743476308, 0.15214335487080902, 0.04011577961695562, 0.09672194806766785, 0.03843130594588897, 0.1500120799446999, 0.16168695804854213, 0.07430802444959769, 0.14784312473067224, 0.13828786596954815, 0.09983955962629548, 0.12268427493668092, 0.10051798813735677, 0.056785192720407995, 0.1229863687809684, 0.035834676257101156, 0.08271974169102939, 0.03348866153111141, 0.03974356486293213, 0.08690576995503288, 0.13615137523337328, 0.11009429734630913, 0.12196326584052343, 0.14421849153771174, 0.0922725356453852]"
A2BFYX5LXWT7J,"[14.849627494812012, 14.849627494812012, 14.849627494812012, 2.9642086029052734, 14.849627494812012, 2.9642086029052734, 14.849627494812012, 5.928417205810547, 0.0, 14.77730941772461, 14.849627494812012, 14.849627494812012, 14.849627494812012, 14.849627494812012, 14.849627494812012, 14.849627494812012, 14.849627494812012, 13.92590618133545, 14.849627494812012, 2.9642086029052734, 14.849627494812012, 11.38740062713623, 14.849627494812012, 0.0, 14.849627494812012, 14.351609230041504, 2.9642086029052734, 14.849627494812012, 13.92590618133545, 2.9642086029052734, 14.351609230041504, 14.849627494812012, 2.9642086029052734, 0.0, 14.351609230041504, 14.351609230041504, 14.849627494812012, 11.38740062713623, 14.849627494812012, 14.849627494812012, 0.07688501670129723, 0.04781512293724526, 0.1294718369170784, 0.05350876316348227, 0.09227860396376625, 0.13566858350812447, 0.03456955531370152, 0.04592129849862306, 0.062304759408309485, 0.1140024044421479, 0.07150384485662685, 0.11465460934416223, 0.14480299015690168, 0.15355085616686576, 0.0693518477539751, 0.11301150824742826, 0.14842516325548188, 0.07071750153408524, 0.09095085511547632, 0.1401955494710657, 0.1621110643022642, 0.09590788812738292, 0.08185869659687535, 0.06491560548217785, 0.14986268438584457, 0.14358177403148287, 0.1528721145770382, 0.14994452091839858, 0.16712312762357928, 0.057115293180585475, 0.16492374652649375, 0.08990287973801366, 0.03910442807872814, 0.06288139388628135, 0.10987058989561294, 0.042782321298272176, 0.027293561564560975, 0.1153737514373316, 0.04238867713720694, 0.15114484177957896]"
A2BLQAZWM052C1,"[-0.1682921051979065, -0.1682921051979065, -0.08414605259895325, -0.08414605259895325, -0.1682921051979065, 0.0, -0.1682921051979065, -0.08414605259895325, 0.0, -0.1682921051979065, 0.0, -0.1682921051979065, -0.1682921051979065, -0.1682921051979065, -0.1682921051979065, -0.1682921051979065, 0.0, -0.1682921051979065, -0.1682921051979065, 0.0, -0.1682921051979065, 0.0, 0.0, 0.0, 0.0, 0.0, 0.0, -0.08414605259895325, -0.08414605259895325, 0.0, -0.1682921051979065, -0.1682921051979065, 0.0, 0.0, 0.0, 0.0, -0.1682921051979065, 0.0, -0.1682921051979065, -0.08414605259895325, 0.071737391584213, 0.029844727441459263, 0.020187169071950235, 0.02656931124328557, 0.1163155446764124, 0.11427460226619354, 0.09646709991855851, 0.02216305708320699, 0.1032406884050224, 0.08479632901151635, 0.09236388860461807, 0.03757667647810777, 0.04536506141225086, 0.15801013138195252, 0.12083474666241374, 0.013998102945242456, 0.0583409819006807, 0.04790318087312935, 0.10909445193349677, 0.07180712463531666, 0.1043471079835525, 0.10176905134989644, 0.14043691708526096, 0.0945126913587617, 0.03910491137362068, 0.12923591414879904, 0.13005626358883288, 0.04261877017732218, 0.16299082451381272, 0.133591489054848, 0.07107876435455181, 0.12185416547662574, 0.05699026319567315, 0.10069382995199375, 0.0557415909971277, 0.15626099990206352, 0.020209400376538993, 0.09727935426859703, 0.06535426605332124, 0.07715360524903193]"
A2BTEB0X9BLH2T,"[1.3775075674057007, 2.025303840637207, 0.0, -2.3702375888824463, -2.3702375888824463, 0.0, -6.847694396972656, -5.343230724334717, -17.534156799316406, -6.847694396972656, -5.125252723693848, -3.0999491214752197, -3.9657230377197266, -2.3702375888824463, -3.9657230377197266, -3.3179268836975098, -7.495490550994873, 1.3775075674057007, -2.3702375888824463, 1.3775075674057007, 1.3775075674057007, 1.3775075674057007, 1.3775075674057007, 0.0, 1.3775075674057007, 0.0, 0.0, 1.3775075674057007, -5.343230724334717, 1.3775075674057007, 0.0, 1.3775075674057007, 0.0, 0.0, 1.3775075674057007, -5.343230724334717, 1.3775075674057007, 1.3775075674057007, -2.3702375888824463, -7.713468551635742, 0.06105192570879959, 0.10779506782034452, 0.05277967453039528, 0.05387970436175421, 0.13628730811230086, 0.17216880548650504, 0.07678016417967137, 0.12232126448316408, 0.07662064743826486, 0.080625581072353, 0.11209479073839286, 0.15295918855850404, 0.10778206071308521, 0.15412110854067945, 0.15884290873098528, 0.07672322040674506, 0.15516720288714483, 0.13539721302192562, 0.09106755587949861, 0.09850689882463327, 0.11532087451361614, 0.0897027755598447, 0.049242882794959364, 0.02777852830341946, 0.02680495282902609, 0.027764299409402025, 0.12779175910905086, 0.1633657068590597, 0.09913509754375206, 0.1624517405151395, 0.08419976976317516, 0.06816310179610256, 0.04612047927291312, 0.15794751560950424, 0.10734038798388391, 0.12357206149316914, 0.12672134444016248, 0.09361924274717605, 0.11048185137307238, 0.15618865682692018]"
A2BWO517WH1GJE,"[0.9160086512565613, 0.6084656715393066, 0.21798887848854065, 0.7462926506996155, 0.6084656715393066, 0.21798887848854065, 0.5656994581222534, 0.3103148937225342, 0.5003003478050232, 0.5003003478050232, 0.5003003478050232, 0.5161396861076355, 0.6895185708999634, 0.7496213912963867, 0.9956137537956238, 0.6827002167701721, 0.6046172380447388, 0.7984511256217957, 1.0719271898269653, 0.21798887848854065, 0.5003003478050232, 0.5283037424087524, 0.7496213912963867, 0.0, 0.5003003478050232, 0.0, 0.21798887848854065, 0.29815077781677246, 0.6084656715393066, 0.34992557764053345, 0.23122957348823547, 0.5937029123306274, 0.0, 0.28231143951416016, 0.5771334767341614, 0.7462926506996155, 0.5804622173309326, 0.3591445982456207, 0.670016348361969, 0.5003003478050232, 0.06868546519679229, 0.15059148129646605, 0.1531990495472305, 0.14255048788552505, 0.04677951042224266, 0.02980323153720707, 0.01943289433027444, 0.14628983695182607, 0.07891172520519832, 0.032187569698157184, 0.14851404477771643, 0.05521319201528438, 0.06749611269261192, 0.12497476528955566, 0.13627364821117044, 0.020395510963651872, 0.04710849013688326, 0.03513119128856386, 0.06622507833598001, 0.10615637557195505, 0.09001773818523164, 0.08934293572694924, 0.14080959490045764, 0.06647503875158454, 0.09098236252189844, 0.05470772308595137, 0.05515189329748831, 0.12271396296637678, 0.06925782654809987, 0.10277100230303839, 0.09973633732931485, 0.1325676315589028, 0.08993987120430197, 0.025194736251338244, 0.04589670437632967, 0.07625027458975144, 0.10108950190075806, 0.05066240636583656, 0.10746355415015924, 0.15395687034156993]"
A2BYQUQ8ITJTE8,"[14.849513053894043, 14.849513053894043, 14.849513053894043, 2.4978737831115723, 14.849513053894043, 1.4428900480270386, 14.849513053894043, 2.166172742843628, 0.0, 1.0549836158752441, 2.8894553184509277, 14.849513053894043, 14.765836715698242, 14.849513053894043, 14.849513053894043, 14.849513053894043, 14.849513053894043, 14.849513053894043, 14.849513053894043, 1.4428900480270386, 14.849513053894043, 1.4465652704238892, 14.849513053894043, 0.0, 14.849513053894043, 1.4428900480270386, 2.166172742843628, 14.849513053894043, 14.765836715698242, 2.166172742843628, 14.849513053894043, 6.302096366882324, 1.4428900480270386, 0.0, 14.849513053894043, 2.4978737831115723, 13.654646873474121, 1.0549836158752441, 14.849513053894043, 14.849513053894043, 0.11383230589177146, 0.1577321901161104, 0.15363532558501708, 0.0879137225426887, 0.06873154827089342, 0.1062022175228415, 0.1615972195293155, 0.11363885236423968, 0.16535998213765912, 0.15348088611291547, 0.12440923374526726, 0.07889532127076156, 0.028756329187863885, 0.12078978391529557, 0.08764318712508871, 0.1482594920872055, 0.05758277126365397, 0.12859594777017666, 0.08852314921304061, 0.12386799515647093, 0.14838675845899085, 0.1186586432166563, 0.07950949101644335, 0.13934054885699168, 0.051084825248781364, 0.12330872909680324, 0.12560409876433049, 0.027458152260823723, 0.03866799972901607, 0.09647064605482483, 0.10738713110838244, 0.02026610070804831, 0.16422317115480553, 0.12653649458693467, 0.15508315545064727, 0.12348807327386575, 0.028192563271679228, 0.1300374841106361, 0.11981635895083259, 0.07285586837747089]"
A2C114BZC4OO6A,"[0.3968333601951599, 0.7936667203903198, 0.3968333601951599, 0.7936667203903198, 0.7936667203903198, 0.0, 0.7936667203903198, 0.3968333601951599, 0.0, 0.7936667203903198, 0.3968333601951599, 0.7936667203903198, 0.3968333601951599, 0.3968333601951599, 0.7936667203903198, 0.3968333601951599, 0.3968333601951599, 0.3968333601951599, 0.3968333601951599, 0.0, 0.3968333601951599, 0.3968333601951599, 0.3968333601951599, 0.0, 0.7936667203903198, 0.0, 0.3968333601951599, 0.3968333601951599, 0.3968333601951599, 0.3968333601951599, 0.3968333601951599, 0.3968333601951599, 0.0, 0.0, 0.3968333601951599, 0.3968333601951599, 0.3968333601951599, 0.7936667203903198, 0.7936667203903198, 0.3968333601951599, 0.17423170864127854, 0.16388027890668314, 0.07001815608417968, 0.07691804224484895, 0.06748643283860825, 0.14452787539148423, 0.1436313726151624, 0.07006478097035204, 0.05108490443141422, 0.17076316313193562, 0.05399611436359486, 0.13490915274072296, 0.06859630116976473, 0.11132449837766778, 0.05685001588970241, 0.10575356844097807, 0.11412578465118806, 0.10094982121352314, 0.04355389012974627, 0.12406035981949783, 0.09108698649837495, 0.06932712033285804, 0.025093326012856562, 0.12510182167295392, 0.13974019618435152, 0.10498491353167114, 0.0508754914998629, 0.17406183545472428, 0.1746661353951488, 0.1513603753581216, 0.12433469893994123, 0.07057647736220392, 0.13952777912954872, 0.10177640994098705, 0.08834725018066876, 0.0853137737179865, 0.09431768712546072, 0.13486271267339048, 0.0346970915458071, 0.1622307834322366]"
A2C8L2HEMJ4VT7,"[13.396726608276367, 10.816598892211914, 5.56301212310791, -0.13839690387248993, 14.84945011138916, -0.12622031569480896, 14.84945011138916, 7.472800254821777, -0.12622031569480896, 12.395206451416016, 2.8720688819885254, 12.946640968322754, 13.088897705078125, 12.395206451416016, 13.889877319335938, 14.84945011138916, 9.118563652038574, 5.094734191894531, 13.396726608276367, 0.0, 9.547750473022461, 8.500901222229004, 5.593453407287598, 4.668666839599609, 9.770232200622559, 0.906521737575531, -0.33604303002357483, 12.789905548095703, 5.0280609130859375, 2.9831061363220215, 5.850163459777832, 14.84945011138916, 0.0, 0.0, 0.11404374241828918, 8.405122756958008, 12.370333671569824, 5.815453052520752, 14.84945011138916, 7.642603397369385, 0.04208207292178069, 0.05810785075360034, 0.09669947124011909, 0.05535209230483236, 0.07572132320839466, 0.09835378392562935, 0.14569274760397838, 0.04595120573135136, 0.11059487356369538, 0.08631826723504829, 0.13230390034485406, 0.09386235281115105, 0.08145027475681953, 0.07329894097237769, 0.14526078066852907, 0.09615331490720481, 0.10510332261352605, 0.1008065944584006, 0.02641426782330502, 0.15967552735249976, 0.08854597558194699, 0.07507903028413508, 0.10884620569468009, 0.16502436991099168, 0.10212409958109553, 0.03812369877258512, 0.03466059160844159, 0.13083289357569697, 0.16580101702170288, 0.03953986899190496, 0.09514339726445356, 0.05937227690764945, 0.09756260481011345, 0.12319203599787261, 0.03460451180946635, 0.10098027382999705, 0.0957396287431199, 0.04146742344169513, 0.11770085054719934, 0.08357323345432023]"
A2CA0MJP6O4ZZL,"[14.254486083984375, 14.254486083984375, 7.1272430419921875, 7.1272430419921875, 14.254486083984375, 0.0, 14.254486083984375, 14.254486083984375, 0.0, 14.254486083984375, 7.1272430419921875, 14.254486083984375, 7.1272430419921875, 14.254486083984375, 14.254486083984375, 14.254486083984375, 14.254486083984375, 14.254486083984375, 14.254486083984375, 0.0, 14.254486083984375, 14.254486083984375, 14.254486083984375, 0.0, 14.254486083984375, 0.0, 7.1272430419921875, 7.1272430419921875, 7.1272430419921875, 7.1272430419921875, 7.1272430419921875, 14.254486083984375, 0.0, 0.0, 7.1272430419921875, 7.1272430419921875, 14.254486083984375, 14.254486083984375, 14.254486083984375, 14.254486083984375, 0.13569164714569826, 0.15998109111351894, 0.16694437857128602, 0.13170518670725662, 0.1457382984272053, 0.15018017825577287, 0.04333674559858712, 0.03178464225933109, 0.1284152183258538, 0.056395267835637516, 0.08053067222939274, 0.07317467059010188, 0.023950622378855573, 0.112011248433122, 0.07397370202537425, 0.1521266463155508, 0.11786292679614929, 0.07159236024357214, 0.07486178073505408, 0.054381940178797626, 0.03266999787565431, 0.08044046813380856, 0.09060115797082123, 0.1208079184311821, 0.16461690429458872, 0.05475757039421264, 0.07086242529062037, 0.14502165850428944, 0.06142845331907786, 0.12620082889560982, 0.13741431011813854, 0.11122632742803053, 0.02482824809337171, 0.05820189477461349, 0.08855006052131881, 0.05679173121649186, 0.031853895164496195, 0.03900560590592383, 0.14418759018215235, 0.0600753479162008]"
A2CPG6CY3NAYMU,"[16.32872772216797, 6.5457963943481445, 6.5457963943481445, 6.5457963943481445, 16.32872772216797, 0.0, 16.32872772216797, 3.237135171890259, 3.237135171890259, 9.78293228149414, 3.237135171890259, 9.78293228149414, 3.3086612224578857, 16.32872772216797, 9.854456901550293, 13.091592788696289, 6.5457963943481445, 0.0, 9.78293228149414, 0.0, 9.854456901550293, 3.3086612224578857, 13.091592788696289, 3.3086612224578857, 3.3086612224578857, 0.0, 6.5457963943481445, 3.3086612224578857, 9.78293228149414, 6.5457963943481445, 6.5457963943481445, 9.78293228149414, 0.0, 0.0, 9.78293228149414, 13.091592788696289, 6.5457963943481445, 3.3086612224578857, 9.78293228149414, 9.78293228149414, 0.07136850066570723, 0.08112096880479902, 0.03707249404131999, 0.16895354567701618, 0.11363031861471279, 0.1451806451340112, 0.11772354774453846, 0.03351272205412326, 0.12125998298778227, 0.06679377570064104, 0.0658198589976321, 0.07898263396151112, 0.047714059074189574, 0.14727346196089613, 0.04519324751118952, 0.12559405979061283, 0.06371705152722305, 0.035152028919124695, 0.03736700796638553, 0.13560085313225057, 0.16296146660300348, 0.054866117784679085, 0.03897518356208994, 0.06437852028716985, 0.09176990253429197, 0.1019288910775234, 0.12106379271372077, 0.05997776280881992, 0.1134523470675961, 0.08017601223392329, 0.10310997739491132, 0.05546040648290358, 0.05313047940063028, 0.06338793065259575, 0.10114462109891087, 0.08109983759111211, 0.06831390985556687, 0.16534050906227668, 0.10159603682450238, 0.14207934924077975]"
A2CQEI5EQ0DA8Z,"[3.612215518951416, 4.751412391662598, -1.021217942237854, -1.021217942237854, 4.633433818817139, 0.0, 3.612215518951416, 4.751412391662598, 0.0, 4.751412391662598, 0.0, 4.751412391662598, -1.021217942237854, 3.612215518951416, 3.730194091796875, 3.612215518951416, 3.730194091796875, 3.730194091796875, 3.730194091796875, 0.0, 4.751412391662598, 3.730194091796875, 3.730194091796875, 0.0, 3.612215518951416, 0.0, 0.0, -0.11797848343849182, -1.139196515083313, -0.11797848343849182, -1.139196515083313, 4.633433818817139, 0.0, 0.0, -1.139196515083313, -1.021217942237854, 3.730194091796875, 4.751412391662598, 3.612215518951416, 3.612215518951416, 0.10528007262972479, 0.15554688893119015, 0.11474924067670035, 0.14074038534976646, 0.1029197636219007, 0.07628517885659984, 0.09059367447399315, 0.049636145545663604, 0.014488391350192224, 0.020577414639375402, 0.04863438868624799, 0.05163869306064607, 0.08645041942132897, 0.09028214939805948, 0.09515742339142136, 0.10219829530928072, 0.04825885937297309, 0.14121894070121965, 0.1420967321481524, 0.0741747203705494, 0.13262090602822338, 0.12191804813999983, 0.07730471031341964, 0.11902788357140996, 0.01663258510953198, 0.1574861167618421, 0.10247879695438988, 0.026612204093333498, 0.06212063673112982, 0.0444077438925464, 0.10078847948451868, 0.02239711272570103, 0.1235614071807081, 0.043607083448278336, 0.12151737227864728, 0.1504661238454086, 0.1594346506044721, 0.12182578740903564, 0.08895942201175935, 0.09870337468797623]"
A2CY3ZL67BZKEU,"[9.324197769165039, 9.5029878616333, 0.0, 0.0, 9.324197769165039, 0.0, 9.324197769165039, 9.5029878616333, 0.0, 9.5029878616333, 0.0, 9.5029878616333, 0.0, 9.5029878616333, 9.5029878616333, 9.5029878616333, 9.5029878616333, 9.5029878616333, 9.324197769165039, 0.0, 9.324197769165039, 9.5029878616333, 9.324197769165039, 0.0, 9.5029878616333, 0.0, 0.0, -0.17878985404968262, 0.0, 0.0, -0.17878985404968262, 9.5029878616333, 0.0, 0.0, 0.0, -0.17878985404968262, 9.324197769165039, 9.5029878616333, 9.5029878616333, 9.324197769165039, 0.08958351419429646, 0.1680067704745875, 0.1206371103342458, 0.06349092717694063, 0.16178503952074083, 0.1209554488833744, 0.030903356965703337, 0.14662170046357345, 0.10221080144752347, 0.14934699479591115, 0.12073779546941185, 0.04121081260519981, 0.02923913087206804, 0.12370304194329425, 0.13870490983939296, 0.1216300609594862, 0.12732067591679766, 0.12015129837688081, 0.14194374497110235, 0.1159692231797649, 0.08379317551760027, 0.10850792494056616, 0.06688767475192901, 0.11850072698996698, 0.10855333604719083, 0.04966295426646036, 0.10402531846496338, 0.16300836522423556, 0.10068362668934532, 0.07089726775175703, 0.02695093630470898, 0.02006261049440031, 0.09875996145592554, 0.07594079866693736, 0.17027826672694055, 0.09806630644122856, 0.1635428186876766, 0.16691368724365313, 0.12634904666360217, 0.0438608621288768]"
A2CZ98V784SRJ0,"[14.985828399658203, 15.05714225769043, 15.115549087524414, 10.58757209777832, 14.042953491210938, 2.807737350463867, 14.92912483215332, 10.454854965209961, 9.115599632263184, 11.860742568969727, 6.608489513397217, 7.413620948791504, 15.05714225769043, 15.05714225769043, 15.05714225769043, 14.985828399658203, 13.324958801269531, 11.994827270507812, 14.807441711425781, 3.089808702468872, 14.985828399658203, 9.845552444458008, 14.914512634277344, 1.931166172027588, 14.40727424621582, 1.6556096076965332, 2.8118865489959717, 14.67953872680664, 14.256105422973633, 9.364327430725098, 9.63614273071289, 11.367864608764648, 1.5675914287567139, 0.420734703540802, 12.815849304199219, 11.59994125366211, 9.673596382141113, 4.288168430328369, 14.454383850097656, 14.985828399658203, 0.029832249466556597, 0.1266587073897426, 0.05317556357752928, 0.06497360882863311, 0.14131710992432983, 0.037146323658849796, 0.02050028960561286, 0.1533884573249951, 0.02900278666147562, 0.12296715371831195, 0.09217228770424753, 0.0168616618996222, 0.03538904349977098, 0.01887947892259908, 0.12205619168371268, 0.09321710128618334, 0.011740162235527263, 0.040653744258033274, 0.1448352108128157, 0.14630545516563237, 0.09974330615199567, 0.05787358804448793, 0.10167171796919236, 0.062069798308175536, 0.08535929333644889, 0.03340921525121245, 0.1602991733487271, 0.14824740404265574, 0.09165376324689471, 0.12279859537825398, 0.017305418107375726, 0.11367361383866505, 0.14162117413759628, 0.1005049501692647, 0.0527724125804419, 0.10621351693054097, 0.09091782009086562, 0.15366101768535584, 0.04095644403280677, 0.15549895754568555]"
A2D0ENZGHZ8W6C,"[4.949718475341797, 4.195084095001221, 4.345642566680908, 4.949718475341797, 4.949718475341797, 0.3600425124168396, 4.949718475341797, 4.6760358810424805, 0.0, 0.0, 0.3600425124168396, 4.949718475341797, 4.293361186981201, 4.949718475341797, 4.776787757873535, 4.293361186981201, 4.626229286193848, 4.949718475341797, 4.949718475341797, 0.3600425124168396, 4.949718475341797, 0.0, 4.949718475341797, 0.3021679222583771, 4.949718475341797, 0.3600425124168396, 0.45831915736198425, 4.949718475341797, 4.949718475341797, 0.4060377776622772, 0.7082056999206543, 0.9417457580566406, 0.5106005668640137, 0.0, 4.443918704986572, 0.25547972321510315, 4.137209415435791, 0.3021679222583771, 4.949718475341797, 4.949718475341797, 0.015751623923885866, 0.1565549630850114, 0.05907120292646997, 0.12046364071643684, 0.037949155001064196, 0.12678486531331792, 0.06024076182627227, 0.03824838050225726, 0.12781634447011178, 0.018983819367762996, 0.1207315049051441, 0.11146537410584328, 0.09212766696647846, 0.023216300153314617, 0.011239383561890073, 0.13761405506507823, 0.15009401614746556, 0.02633290015507884, 0.025618536965020443, 0.0734394510451358, 0.04671653413116678, 0.10420138066522372, 0.07312337461334809, 0.024023410748823283, 0.12855523513362413, 0.13203177225193063, 0.04038321677916395, 0.08070275109684336, 0.08217167390862898, 0.0488564438137423, 0.12182229471662837, 0.00784031999244956, 0.050731754359839475, 0.09666085521832705, 0.1018389728573808, 0.009373662985126275, 0.10375063550461142, 0.15293407645490945, 0.061266600432591106, 0.13834698408229557]"
A2D0I7M2G43WWP,"[24.567718505859375, 15.851460456848145, 19.30408477783203, 17.4671573638916, 24.567718505859375, 1.4967882633209229, 24.567718505859375, 7.700198173522949, 1.435860514640808, 17.26539421081543, 8.629533767700195, 16.518474578857422, 16.528240203857422, 24.567718505859375, 24.567718505859375, 17.77394676208496, 24.567718505859375, 22.325422286987305, 24.567718505859375, 4.276932716369629, 18.436721801757812, 0.7073661684989929, 24.567718505859375, 0.0, 24.567718505859375, 1.4967882633209229, 4.612834930419922, 19.778240203857422, 9.126846313476562, 5.79454231262207, 12.724113464355469, 24.567718505859375, 4.61971378326416, 0.0, 21.221595764160156, 17.01369857788086, 15.29420280456543, 5.630552768707275, 24.567718505859375, 21.48109245300293, 0.1426534389440885, 0.07080698649647778, 0.1520634535990842, 0.04404745468790302, 0.031046601248501903, 0.05092073479405361, 0.15498081856143126, 0.10267923327946617, 0.03795025211260471, 0.08669185697938518, 0.12586230755581831, 0.05545260816837778, 0.11610604952609876, 0.11836642290484788, 0.12007536315961755, 0.09400657593524367, 0.14019931569476501, 0.09612133117891224, 0.14365107933859383, 0.11051866854171817, 0.1492744521987226, 0.13114198861208712, 0.07141390227536971, 0.1414150885081397, 0.07353256583693542, 0.03885064933634961, 0.0808191908622546, 0.05652073384911615, 0.10888054048129585, 0.12274424872734147, 0.15843657645184225, 0.04174534366913706, 0.10160107963772663, 0.12975371595381013, 0.13015326387848725, 0.1380334016169803, 0.15595691304277912, 0.1755799197506115, 0.1561106639788673, 0.12345922251892655]"
A2D48QTM7CXR0D,"[0.12483493238687515, 1.011735200881958, 3.829822063446045, 3.2841734886169434, 5.93364953994751, -0.15199343860149384, 6.311605453491211, 0.21559306979179382, -0.44746047258377075, 2.6642284393310547, 0.43118613958358765, 2.8799545764923096, 3.518345832824707, -1.2664026021957397, 4.294414043426514, 5.304361343383789, 2.2448887825012207, 2.814091682434082, 2.267686128616333, 0.0, 1.9971466064453125, 0.3389650583267212, 2.5466127395629883, 0.0, 1.57210111618042, 0.21559306979179382, 2.2726798057556152, 1.624767541885376, 3.693970203399658, 3.382162094116211, 3.224642753601074, 1.4247832298278809, 1.0910779237747192, 0.21559306979179382, 4.9505534172058105, 5.164748191833496, -0.17266079783439636, 0.871757447719574, 3.620983600616455, 2.189310073852539, 0.15349551919862608, 0.16299767334253115, 0.0712784322456747, 0.033602937532178544, 0.08365198464874964, 0.1648696940022842, 0.08085502434597669, 0.028130860178636717, 0.1515094363811093, 0.16680956881392675, 0.0701441912084822, 0.0717651961012546, 0.09527726448653638, 0.10892044929534431, 0.11749857542323576, 0.023180059379050273, 0.11819907822940644, 0.1604434983886801, 0.11948472109170233, 0.12517497061670427, 0.15347258929988583, 0.08400525667767444, 0.03691398460415178, 0.13906582992089725, 0.07157133129492922, 0.09838723885118131, 0.13915382354927938, 0.035343111845721954, 0.12696958765953875, 0.1292231641926487, 0.1367713684295128, 0.10158783612775339, 0.02589579770090464, 0.12102558024084312, 0.032719866835388536, 0.03617476899849365, 0.042030094509328764, 0.08724780935455521, 0.036338710619364896, 0.04594242406510058]"
A2D9MTWHD2BFUG,"[0.0, 0.0, 0.0, 0.0, 3.0726263523101807, 0.0, 3.0726263523101807, 0.0, 0.0, 3.0726263523101807, 0.0, 3.0726263523101807, 0.0, 0.0, 0.0, 0.0, 3.0726263523101807, 0.0, 0.0, 0.0, 0.0, 0.0, 0.0, 0.0, 0.0, 0.0, 0.0, 0.0, 0.0, 0.0, 0.0, 3.0726263523101807, 0.0, 0.0, 0.0, 0.0, 0.0, 0.0, 0.0, 0.0, 0.14706827049750568, 0.0661264322454923, 0.03163461562089312, 0.08039965368600092, 0.1547893498943013, 0.038867690408671336, 0.03494293803331766, 0.13879468736745393, 0.04532589628053504, 0.08875239364665898, 0.09137912201116864, 0.06277570600065839, 0.07123006666234695, 0.110567012612046, 0.05204903131095278, 0.07571100978736049, 0.032411582175645576, 0.07495561106155042, 0.09828277188320829, 0.09011630816233843, 0.14552220901144594, 0.12958378227279255, 0.14567949723204807, 0.034021614792382915, 0.08348790480037009, 0.03562533883220021, 0.1316565254699394, 0.07013778978572599, 0.1108588426503677, 0.1120459993653842, 0.03274484977420419, 0.03980003200935879, 0.02737037326526174, 0.07063863677265238, 0.024640003602831407, 0.06981621421974309, 0.14928973266228424, 0.132468675871154, 0.09826508585639723, 0.07597214956105706]"
A2DFFI0IG23LFK,"[1.2431508302688599, 1.2431508302688599, 1.2431508302688599, 0.0, 2.523925542831421, 0.0, 2.523925542831421, 0.0, 0.0, 2.523925542831421, 0.0, 1.2431508302688599, 1.2431508302688599, 1.2431508302688599, 2.523925542831421, 2.523925542831421, 2.523925542831421, 0.0, 1.2431508302688599, 0.0, 2.523925542831421, 2.523925542831421, 2.523925542831421, 2.523925542831421, 1.2431508302688599, 0.0, 0.0, 1.2431508302688599, 0.0, 1.280774712562561, 0.0, 1.2431508302688599, 0.0, 0.0, 0.0, 1.2431508302688599, 1.2431508302688599, 2.523925542831421, 2.523925542831421, 1.2431508302688599, 0.11404997261826451, 0.06466000034149197, 0.04552468883960982, 0.015278694718134292, 0.0241427451580073, 0.10895413972917163, 0.15020616884893134, 0.0637087385728422, 0.16024873624012878, 0.14214666043704985, 0.13945619285525918, 0.11402417345422429, 0.05573549027413874, 0.12825948162696532, 0.09081139939557412, 0.07011132163364729, 0.04498904194215505, 0.05748854455518668, 0.03960052733144535, 0.06691932563975109, 0.14253280082632375, 0.06423429087959104, 0.1408213386715355, 0.14918277243721173, 0.12443124484423669, 0.15685636502693318, 0.1185275818772254, 0.1401526712016252, 0.09822349109001699, 0.1412897174633911, 0.13499651238932814, 0.045208913158783504, 0.028142457833980804, 0.06981592357836994, 0.13242016142586963, 0.14864778707198226, 0.0768830603777093, 0.13990965294351215, 0.08712876056602019, 0.08044738808063143]"
A2DHECIMRTJUGE,"[3.6363184452056885, 1.8181592226028442, 1.8181592226028442, 1.8181592226028442, 1.8181592226028442, 0.0, 1.8181592226028442, 3.6363184452056885, 0.0, 3.6363184452056885, 1.8181592226028442, 1.8181592226028442, 1.8181592226028442, 1.8181592226028442, 3.6363184452056885, 1.8181592226028442, 1.8181592226028442, 1.8181592226028442, 1.8181592226028442, 1.8181592226028442, 1.8181592226028442, 3.6363184452056885, 1.8181592226028442, 0.0, 1.8181592226028442, 0.0, 1.8181592226028442, 1.8181592226028442, 1.8181592226028442, 1.8181592226028442, 1.8181592226028442, 1.8181592226028442, 0.0, 0.0, 1.8181592226028442, 1.8181592226028442, 1.8181592226028442, 1.8181592226028442, 3.6363184452056885, 1.8181592226028442, 0.06397465718488873, 0.135570493667834, 0.1383478125258868, 0.15004876590314603, 0.08633409857366588, 0.04126051938326199, 0.12556637054694833, 0.15510936516651175, 0.046973801745746856, 0.04635125363934702, 0.08958696602447884, 0.06669028822170996, 0.16260957453115613, 0.06283977823244516, 0.10109748053890297, 0.11752039514484688, 0.03971395813606791, 0.16496825642421548, 0.05583100551729261, 0.1654770712944408, 0.04129212217972084, 0.11297587899899533, 0.11216996853493404, 0.09530140147114186, 0.09492439393570898, 0.17049785783265148, 0.041041988012111764, 0.08241095098683555, 0.12218554020115618, 0.14493108199935167, 0.0876825280422218, 0.12077388726662311, 0.08645216474229837, 0.08023856601147471, 0.1478943208175343, 0.1623302821918825, 0.04331411833304093, 0.13441674833210918, 0.08114303458336551, 0.05805769647547831]"
A2DK8CVJ2HYDRI,"[3.113834857940674, 3.113834857940674, 2.3840830326080322, 1.4595036506652832, 3.113834857940674, 0.7297518253326416, 5.570430278778076, 0.0, 0.7297518253326416, 3.113834857940674, 0.0, 3.113834857940674, 5.570430278778076, 3.113834857940674, 3.113834857940674, 8.027026176452637, 3.113834857940674, 1.4595036506652832, 5.570430278778076, 0.7297518253326416, 5.570430278778076, 2.3840830326080322, 3.113834857940674, 1.6543313264846802, 5.570430278778076, 0.0, 0.0, 3.113834857940674, 0.7297518253326416, 1.4595036506652832, 0.7297518253326416, 5.570430278778076, 0.0, 0.0, 0.7297518253326416, 4.110926628112793, 2.3840830326080322, 3.113834857940674, 5.570430278778076, 3.113834857940674, 0.11531093116394059, 0.08626034846746894, 0.10559531563122876, 0.1029272319344532, 0.06456862458417323, 0.13097034199614985, 0.1336407586248378, 0.09778548947278523, 0.16993497445212633, 0.11324409799168783, 0.13025927111725347, 0.10137516055887828, 0.07670716344941987, 0.04213314500073783, 0.08207070427062846, 0.06771256865755217, 0.09895185890517397, 0.09777645538081828, 0.06304598705354353, 0.09582717808973866, 0.1675710058838432, 0.03419871484697418, 0.12688499547287038, 0.17143027170453073, 0.13575420725489537, 0.12245702243611276, 0.10912830609437749, 0.10210756708191981, 0.12141550917825601, 0.13837532706437045, 0.14672235224217423, 0.12753005937769818, 0.09764824594453864, 0.16923483608276516, 0.03275041364495059, 0.0526533481235196, 0.056618972093224106, 0.08959635500529396, 0.11201088561284787, 0.17612003575036048]"
A2E3YYK70W49NO,"[4.762781143188477, 4.462372303009033, 3.6090617179870605, 3.642225980758667, 4.762781143188477, 0.0, 6.48954963684082, 1.850317358970642, 1.0301704406738281, 6.22111701965332, 0.30040863156318665, 6.48954963684082, 4.639232158660889, 7.251287460327148, 4.762781143188477, 4.762781143188477, 6.48954963684082, 1.0301704406738281, 4.494349002838135, 5.368993759155273, 6.48954963684082, 8.833171844482422, 4.762781143188477, 3.3086531162261963, 6.48954963684082, 0.30040863156318665, 0.0, 6.22111701965332, -1.9952003955841064, 5.368993759155273, -1.4263594150543213, 4.762781143188477, 0.0, 0.0, 1.0301704406738281, 1.8822935819625854, 10.828372955322266, 4.639232158660889, 6.22111701965332, 6.48954963684082, 0.14344222155846403, 0.09535875816497344, 0.15696761945178925, 0.047279251828417364, 0.1096883746111629, 0.03331101375033861, 0.04446247569292933, 0.0839711372884642, 0.13874501187270258, 0.04213714009297003, 0.17598595359437463, 0.08151631732916476, 0.047507160167174135, 0.10327949987852163, 0.13627060237673494, 0.07579349346969967, 0.08958038432548006, 0.07519514503349156, 0.17449282992031365, 0.08050131879675729, 0.16044327220721952, 0.054144669231741396, 0.16593811171647316, 0.10738114268662581, 0.16341126819103416, 0.09090855383963904, 0.04616336943383478, 0.04871850204119218, 0.12558825678540228, 0.1622231565872762, 0.1253572172651597, 0.0336202353570272, 0.1079736633418412, 0.14498336122241234, 0.06740514997351879, 0.12018027899254602, 0.04526893560912163, 0.04987028633717549, 0.1740031619235844, 0.1232282521956408]"
A2EAXA5O0FMMNV,"[16.155786514282227, 14.790090560913086, 7.913097858428955, 0.6982854604721069, 16.117488861083984, 0.0, 24.748733520507812, 0.03829866275191307, 4.1356987953186035, 18.588834762573242, 0.0, 12.010498046875, 11.890527725219727, 24.748733520507812, 15.151420593261719, 18.228492736816406, 14.790090560913086, 5.149901390075684, 18.841642379760742, 0.0, 19.967153549194336, 15.790990829467773, 12.010498046875, 7.176513671875, 17.58316993713379, 0.0, 1.0142030715942383, 15.526674270629883, 0.6982854604721069, 1.0525016784667969, 10.693679809570312, 24.748733520507812, 1.0142030715942383, 0.0, 4.872282981872559, 19.431467056274414, 7.214812755584717, 6.860595703125, 23.61530303955078, 16.125160217285156, 0.042083683910909, 0.09121748124112188, 0.11968458832381122, 0.06032981655979788, 0.164444080377476, 0.0835933975264257, 0.08700016268763769, 0.12677923731371676, 0.11500846350326792, 0.16458401743423678, 0.03226456428734064, 0.039446172639515796, 0.14797848598463423, 0.07898923243388913, 0.0490790603562211, 0.0644201619790743, 0.1605771035969916, 0.08506974598011022, 0.036590384867862806, 0.1263579127425672, 0.10195563114527699, 0.09874960851898251, 0.1609927858833149, 0.15282861202301784, 0.11930480720668418, 0.17710426431105292, 0.15953458182040994, 0.1337970462155929, 0.041843808166316686, 0.11629312934060715, 0.0850380606564434, 0.10177237910096762, 0.07372513135752458, 0.14919168694147109, 0.15105717327351853, 0.15981951243249135, 0.09889798496949866, 0.16098928469485646, 0.07295802349778782, 0.03481984347411635]"
A2EB0P9PSMD1M0,"[1.6543022394180298, 0.8271511197090149, 1.6543022394180298, 0.0, 1.6543022394180298, 0.0, 1.6543022394180298, 0.0, 0.0, 1.6543022394180298, 0.8271511197090149, 1.6543022394180298, 1.6543022394180298, 1.6543022394180298, 1.6543022394180298, 1.6543022394180298, 1.6543022394180298, 0.0, 1.6543022394180298, 0.0, 1.6543022394180298, 1.6543022394180298, 1.6543022394180298, 0.8271511197090149, 1.6543022394180298, 0.8271511197090149, 0.0, 1.6543022394180298, 0.0, 0.0, 0.8271511197090149, 1.6543022394180298, 0.0, 0.0, 0.0, 1.6543022394180298, 1.6543022394180298, 1.6543022394180298, 1.6543022394180298, 1.6543022394180298, 0.1286768651918136, 0.03826247523659038, 0.05613499942853029, 0.14853546264943557, 0.10185993846811273, 0.032085869321022316, 0.11212225745365209, 0.12319072022593688, 0.09092755947886444, 0.06001698979015577, 0.1255630692855251, 0.14793161423683016, 0.12783790227680908, 0.09900113740917317, 0.04305850785704772, 0.09159603870393496, 0.08929365355344213, 0.09722177788102272, 0.06542435183349309, 0.1388868622450805, 0.0405061237683247, 0.06584166076120444, 0.10155064433721145, 0.10074732871708157, 0.09273015628980254, 0.041213466605371486, 0.1474988456175739, 0.09277036631095294, 0.04560180498600118, 0.024671329133251006, 0.1260714982169247, 0.04985723875200251, 0.07822023715828319, 0.0836424475831812, 0.05054757947782114, 0.06656156860435485, 0.12182410129608373, 0.06029246504386575, 0.015166642721425193, 0.14849051946068453]"
A2EBR70V6P9W0N,"[4.949806213378906, 4.470491409301758, 4.787836074829102, 4.182313442230225, 4.216752052307129, 0.9072747826576233, 4.949806213378906, 4.949806213378906, 3.2929821014404297, 3.171142816543579, 0.5221921801567078, 0.46864762902259827, 4.590858459472656, 3.9840497970581055, 4.949806213378906, 4.949806213378906, 4.937802791595459, 3.540076494216919, 4.517972469329834, 0.5363609790802002, 3.8348870277404785, 3.143819808959961, 4.949806213378906, 0.0, 4.949806213378906, 0.5363609790802002, 0.5363609790802002, 3.6381075382232666, 4.359578609466553, 3.8659720420837402, 4.411477565765381, 4.949806213378906, 0.5363609790802002, 0.0, 4.310897350311279, 3.920098066329956, -0.3006264567375183, 0.0, 4.949806213378906, 4.949806213378906, 0.06337609255853587, 0.14712112590254403, 0.018216835074394713, 0.150836784516361, 0.11492421970263117, 0.06397931419797685, 0.10549115703111334, 0.11555917716584838, 0.14797228041506824, 0.01452853028947463, 0.044343934662721844, 0.06079893960168715, 0.13528323898179254, 0.06029021404076523, 0.13186804387466108, 0.0559926698547429, 0.13152475930992372, 0.06866381155556782, 0.12938984272178503, 0.10322329977879754, 0.09543137814594375, 0.05977938775690845, 0.15173967330954108, 0.026238536803889764, 0.0846867948307392, 0.09332368018993605, 0.08443371011007983, 0.11044944242353685, 0.15075819971831558, 0.07107416736854731, 0.057784615958320774, 0.1487269720289812, 0.15047019212798446, 0.13098918534428616, 0.11197830075817372, 0.14460978817912945, 0.1453751875271359, 0.05875647180683939, 0.033425985996120004, 0.07141462797215889]"
A2EGIJP9ULQ9XB,"[-1.281721591949463, 0.7892961502075195, -2.0710175037384033, -1.1170518398284912, -1.281721591949463, 0.0, -1.281721591949463, 0.0, 0.9539659023284912, 1.0420173406600952, 0.08805153518915176, -1.281721591949463, 1.0420173406600952, -1.281721591949463, -1.0290002822875977, -1.281721591949463, 0.7892961502075195, 1.0420173406600952, -1.0290002822875977, 0.9539659023284912, -1.0290002822875977, 0.701244592666626, -1.369773030281067, 0.0, -1.0290002822875977, 0.0, 0.0, -1.1170518398284912, -2.235687494277954, 0.9539659023284912, 0.0, -1.281721591949463, 0.0, 0.0, -1.281721591949463, -2.3237390518188477, 1.0420173406600952, -4.082443714141846, -1.281721591949463, 0.7892961502075195, 0.0705171122595543, 0.12099018837237277, 0.03474848887541349, 0.11666212373254119, 0.046798121338767464, 0.13913666518918397, 0.17077969171947965, 0.0637136511337899, 0.06165909360512509, 0.04494178390742486, 0.07034053245470237, 0.11521189679649955, 0.0744405851426053, 0.14575093702251626, 0.16170813848466223, 0.16561638812744764, 0.051191683169057534, 0.11493135160787556, 0.0539269506786947, 0.06397363103247825, 0.04662684266425691, 0.11443577633214183, 0.1307782033186899, 0.06410055318248425, 0.15480079934424604, 0.0529998303567629, 0.05934524351716184, 0.05437238518016238, 0.047657058798322195, 0.17301703454620135, 0.11381515422798663, 0.06283670160703896, 0.07514038935604281, 0.04445964194596792, 0.12054488661388049, 0.10503228100939428, 0.1004646233756763, 0.09634712501390015, 0.15466235096303552, 0.10916907406717975]"
A2EHOO31B1KDP4,"[0.0, 0.0, 0.0, 0.0, 0.0, 0.0, 4.61417293548584, 0.0, 0.0, 0.0, 0.0, 0.0, 0.0, 0.0, 4.61417293548584, 0.0, 0.0, 0.0, 0.0, 0.0, 0.0, 0.0, 0.0, 0.0, 0.0, 0.0, 0.0, 0.0, 0.0, 0.0, 0.0, 0.0, 0.0, 0.0, 0.0, 0.0, 0.0, 0.0, 0.0, 0.0, 0.147639068052579, 0.0624462409448048, 0.0900439959057735, 0.09662604488586915, 0.12395018444396169, 0.10567999447971281, 0.07745674728663285, 0.13003357657762454, 0.05384036390582536, 0.15861588151840975, 0.11679668362030432, 0.13053418610091336, 0.12405433430100639, 0.15171745854733848, 0.15316656713137117, 0.10632127991391306, 0.0981118162970635, 0.05970515831873075, 0.14438274460526457, 0.05213918530377068, 0.14866740185042468, 0.09140762284814896, 0.09209081933378435, 0.04033832554947134, 0.06808600275638992, 0.09155967208441644, 0.11485852190233009, 0.11747297826227547, 0.11001035188642837, 0.13649694313402894, 0.16514814711297607, 0.04280033469113495, 0.16065053480994385, 0.14125894715171258, 0.07975938349763845, 0.12736572819013778, 0.08081953313044078, 0.17242026519100678, 0.0465563105241123, 0.11418971623028398]"
A2EIK3QR1822Q4,"[2.125589370727539, 2.5356972217559814, 3.0211808681488037, 2.032325267791748, 2.125589370727539, 0.5217348337173462, 2.6289615631103516, 1.0251069068908691, 0.5217348337173462, 1.6401060819625854, 1.5468417406082153, 2.032325267791748, 3.0211808681488037, 2.125589370727539, 3.114445209503174, 3.0211808681488037, 2.6289615631103516, 3.114445209503174, 3.5245532989501953, 0.614998996257782, 2.125589370727539, 1.6401060819625854, 3.0211808681488037, 0.0, 1.6401060819625854, 0.0, 2.032325267791748, 2.125589370727539, 3.0211808681488037, 2.013962745666504, 3.114445209503174, 3.114445209503174, 0.48548346757888794, 0.0, 3.0211808681488037, 1.5468417406082153, 1.5468417406082153, 1.5468417406082153, 2.125589370727539, 2.032325267791748, 0.044845398712485295, 0.15720157062374085, 0.019505901766531587, 0.13175099150817896, 0.10623659995024737, 0.11337534989180781, 0.05873566584994377, 0.14496468038705915, 0.05537746697241972, 0.09106737291313899, 0.14359080089876605, 0.06601847296118502, 0.07319280951339284, 0.12867998251980792, 0.05184647949175829, 0.03975727417668834, 0.08533045851838889, 0.07683267260115369, 0.08788452623635098, 0.15000705206103718, 0.04564168215245308, 0.15356031895389613, 0.07897617360857187, 0.09183851921182003, 0.1416685991771921, 0.10436955595697255, 0.11998930481856705, 0.058189296562841844, 0.045466602607100004, 0.15729997800097856, 0.049702695920232035, 0.05749428159100461, 0.06612119208869789, 0.15934115657604972, 0.10113087228507754, 0.06285596196404458, 0.14624966178099752, 0.10228397110055326, 0.08196908220500485, 0.1225095575778968]"
A2EM4MVIU5Z0KD,"[0.7233726978302002, 0.3897014260292053, 0.7233726978302002, 0.7233726978302002, 0.7233726978302002, 0.3897014260292053, 1.0570439100265503, 0.0, 0.7233726978302002, 1.0570439100265503, 0.21799015998840332, 0.21799015998840332, 0.3897014260292053, 0.7233726978302002, 0.3897014260292053, 0.7233726978302002, 0.7233726978302002, 0.3897014260292053, 0.7233726978302002, 0.21799015998840332, 0.3897014260292053, 0.3897014260292053, 0.3897014260292053, 0.0, 0.3897014260292053, 0.0, 0.21799015998840332, 0.3897014260292053, 0.7233726978302002, 0.1717112511396408, 0.3897014260292053, 0.3897014260292053, 0.0, 0.0, 0.3897014260292053, 0.3897014260292053, 0.21799015998840332, 0.21799015998840332, 1.0570439100265503, 0.7233726978302002, 0.08977685465352138, 0.10438534562962062, 0.02433450305961757, 0.12962092942169884, 0.061353860790370175, 0.02242462609258407, 0.056172590390625075, 0.021148775863276195, 0.11602252807892949, 0.02432733142357126, 0.09395449771971015, 0.050344229508043375, 0.0511711290748712, 0.09594879352479789, 0.1323575259799313, 0.07113637476893817, 0.07309351865692404, 0.12618283708508946, 0.032828511487838385, 0.026725156949621753, 0.060576038839923685, 0.06770744829144931, 0.07062987285654049, 0.14803129330712997, 0.024345455202271635, 0.07668164670469504, 0.11920361067288891, 0.06996761336221322, 0.07431424831353375, 0.07793363332451617, 0.03504397931040424, 0.1005212235834179, 0.024920260900760934, 0.12062035927088574, 0.058630629289395074, 0.11595535035010644, 0.11966211244599959, 0.09270965217972986, 0.10869539140712506, 0.08031601996115868]"
A2F218M5AOPU6T,"[1.4595260620117188, 1.4595260620117188, 0.7297630310058594, 1.4595260620117188, 1.4595260620117188, 0.0, 1.4595260620117188, 0.7297630310058594, 0.7297630310058594, 1.4595260620117188, 0.7297630310058594, 1.4595260620117188, 1.4595260620117188, 1.4595260620117188, 1.4595260620117188, 1.4595260620117188, 1.4595260620117188, 1.4595260620117188, 1.4595260620117188, 0.7297630310058594, 1.4595260620117188, 1.4595260620117188, 1.4595260620117188, 0.0, 1.4595260620117188, 0.0, 0.7297630310058594, 1.4595260620117188, 0.7297630310058594, 1.4595260620117188, 0.7297630310058594, 1.4595260620117188, 0.0, 0.0, 1.4595260620117188, 0.7297630310058594, 1.4595260620117188, 1.4595260620117188, 1.4595260620117188, 1.4595260620117188, 0.13669383029584398, 0.12839205489793942, 0.1310663266665945, 0.1189288953443772, 0.07596526446364742, 0.15522952062551063, 0.09990853165700884, 0.069278178116092, 0.13427847107029717, 0.14805180306493665, 0.06608577123453123, 0.06564657879038062, 0.05177879141553039, 0.07590681730251035, 0.11064096010185356, 0.17108365744072468, 0.036625474915775634, 0.17658755197320258, 0.15349679391248283, 0.09580915820255781, 0.15753381735695543, 0.12809074332173234, 0.1224211612003851, 0.12097233474258397, 0.12561735300858068, 0.05110950041388074, 0.157667911840883, 0.05615849248654818, 0.05121388248952658, 0.029113659381038683, 0.10610942531303216, 0.038941790668686214, 0.16855816832496892, 0.15531476190470056, 0.02484617656741103, 0.08853152676000402, 0.08922749318853002, 0.09032443550832998, 0.10308896073800426, 0.035987727101252864]"
A2F7429CLFVV3T,"[1.2267264127731323, 1.2267264127731323, 0.0, 0.6133632063865662, 1.2267264127731323, 0.0, 1.2267264127731323, 0.0, 0.6133632063865662, 1.2267264127731323, 0.6133632063865662, 1.2267264127731323, 1.2267264127731323, 1.2267264127731323, 1.2267264127731323, 1.2267264127731323, 1.2267264127731323, 1.2267264127731323, 1.2267264127731323, 0.6133632063865662, 1.2267264127731323, 0.6133632063865662, 0.6133632063865662, 0.0, 1.2267264127731323, 0.0, 0.0, 0.6133632063865662, 0.6133632063865662, 0.6133632063865662, 0.0, 1.2267264127731323, 0.0, 0.0, 1.2267264127731323, 0.0, 1.2267264127731323, 1.2267264127731323, 1.2267264127731323, 1.2267264127731323, 0.15051184433686543, 0.1471653127375041, 0.046910239495009214, 0.03275164902208818, 0.09030147255606442, 0.039238179957856376, 0.03133805964090269, 0.04028936765670821, 0.13470702884093388, 0.06279154559362539, 0.1109127140530538, 0.15392025376515678, 0.09448201474617582, 0.156304078605314, 0.15793634251392288, 0.12196391477176306, 0.06272709382384987, 0.08295363096535263, 0.12488268321751189, 0.11460106943004283, 0.0721465205497499, 0.15895466839040884, 0.12578483254058292, 0.12039903880491212, 0.07212687833896696, 0.15664801890301688, 0.03224255800289479, 0.02580856630994281, 0.06493523235750005, 0.08859004380736803, 0.07279549368353161, 0.05933590378579862, 0.08943171488969456, 0.13795210767121618, 0.047763346056809285, 0.15551504097579968, 0.1566285779375446, 0.16519613561017263, 0.05686211389500175, 0.053665994048494106]"
A2F87BBKVFB2H1,"[0.6539658308029175, 0.6539658308029175, 0.6539658308029175, 0.6539658308029175, 0.6539658308029175, 0.6539658308029175, 0.6539658308029175, 0.0, 0.6539658308029175, 0.6539658308029175, 0.6539658308029175, 0.6539658308029175, 0.6539658308029175, 0.6539658308029175, 0.6539658308029175, 0.6539658308029175, 0.6539658308029175, 0.6539658308029175, 0.6539658308029175, 0.6539658308029175, 0.6539658308029175, 0.6539658308029175, 0.6539658308029175, 0.0, 0.6539658308029175, 0.0, 0.6539658308029175, 0.6539658308029175, 0.6539658308029175, 0.0, 0.6539658308029175, 0.6539658308029175, 0.0, 0.0, 0.6539658308029175, 0.6539658308029175, 0.6539658308029175, 0.6539658308029175, 0.6539658308029175, 0.6539658308029175, 0.14941133611702645, 0.12552104864991784, 0.07722081389406583, 0.11908059685793346, 0.04132475783452901, 0.1439502903409854, 0.14063534148981488, 0.09529062634250007, 0.08873576233801769, 0.1092347931247206, 0.05404636902049275, 0.05438895301971068, 0.050890059645210206, 0.14307464105796952, 0.07103699882546316, 0.14220803260026282, 0.14914720716557914, 0.025273060067580125, 0.08357776397562566, 0.0856574044561802, 0.15759472370279992, 0.09684974112344445, 0.13816192688289042, 0.08785380301619576, 0.09822691905961038, 0.11274107419485777, 0.12343260271681658, 0.1228737099019724, 0.0428588600668203, 0.08188144130172165, 0.12522903994037396, 0.10888309833237116, 0.034729983357464043, 0.07933751188215685, 0.08435275820325573, 0.15665719931787814, 0.07395074004715023, 0.03239982912135545, 0.019559374867798397, 0.12499049581574961]"
A2F9G1A29XS38E,"[2.9090499877929688, 1.4545249938964844, 1.4545249938964844, 1.4545249938964844, 1.4545249938964844, 0.0, 1.4545249938964844, 2.9090499877929688, 0.0, 2.9090499877929688, 1.4545249938964844, 1.4545249938964844, 1.4545249938964844, 1.4545249938964844, 2.9090499877929688, 1.4545249938964844, 1.4545249938964844, 1.4545249938964844, 1.4545249938964844, 1.4545249938964844, 1.4545249938964844, 2.9090499877929688, 1.4545249938964844, 0.0, 1.4545249938964844, 0.0, 1.4545249938964844, 1.4545249938964844, 1.4545249938964844, 1.4545249938964844, 1.4545249938964844, 1.4545249938964844, 0.0, 0.0, 1.4545249938964844, 1.4545249938964844, 1.4545249938964844, 1.4545249938964844, 2.9090499877929688, 1.4545249938964844, 0.17512128762982118, 0.11444237972344594, 0.16796706955880367, 0.11163326646091803, 0.060842642775793196, 0.0737707634667174, 0.13467099792064158, 0.1708222029756623, 0.0562966970068493, 0.060577187775833194, 0.02740315276230757, 0.086164558720833, 0.1356549020982199, 0.12702120730309438, 0.09624110756659485, 0.06727737000203364, 0.13115625060792965, 0.1360030338356177, 0.1744462421916543, 0.09853440233780164, 0.09093876034780517, 0.1356350469462558, 0.08356646107188678, 0.11124941294636943, 0.04862035491945884, 0.07863287897470055, 0.08198951373371707, 0.10495425501869325, 0.07744704716745049, 0.16980321970083295, 0.06727050426445519, 0.11687163241129819, 0.0947399583671235, 0.04606256888270843, 0.07441914508005126, 0.15607265954676988, 0.13884762978287257, 0.1204250303883962, 0.06802636546330407, 0.13490128399924795]"
A2G7EEQJKKOU8R,"[0.23636989295482635, 0.0, 0.0, 0.23636989295482635, 1.067692518234253, 0.0, 1.5966013669967651, 0.0, 0.17032590508460999, 0.17032590508460999, 0.17032590508460999, 0.17032590508460999, 0.0, 0.23636989295482635, 0.23636989295482635, 0.0, 0.17032590508460999, 0.23636989295482635, 0.4727397859096527, 0.0, 0.23636989295482635, 0.0, 0.23636989295482635, 0.0, 0.0, 0.0, 0.0, 0.0, 0.4727397859096527, 0.0, 0.23636989295482635, 1.1899054050445557, 0.0, 0.0, 0.0, 0.23636989295482635, 0.23636989295482635, 0.0, 0.5949527025222778, 0.23636989295482635, 0.037044400666455965, 0.051704289047690394, 0.10195260455806332, 0.03205112145580998, 0.13765326069475642, 0.05461638248232939, 0.06608962833981456, 0.08805222867622033, 0.13795071369294903, 0.04740670536118018, 0.024830339989395538, 0.10986725409057595, 0.04750422287109187, 0.16956124234457226, 0.11039574761006295, 0.05615428361224806, 0.14566384825876974, 0.16352002784446742, 0.1252808816138075, 0.06515692142341453, 0.09401146383275633, 0.03917996760195453, 0.12097537380469445, 0.08157810498069117, 0.11286852387109912, 0.1304598170829672, 0.1482394598428557, 0.08092580195122125, 0.15640936041325315, 0.10178693002090723, 0.06656852810068205, 0.06958891499606515, 0.12280267895908462, 0.06038404047570284, 0.053759465843330516, 0.12111337867356406, 0.12665681347531535, 0.05253281475677245, 0.16096078276051082, 0.1570482492906746]"
A2G90R2ZU6KU5D,"[3.8575379848480225, -0.0020294494461268187, -1.8094769716262817, -1.8094769716262817, 3.8575379848480225, 0.0, 0.11929202824831009, 0.0, 0.11929202824831009, -0.8450924158096313, 1.9287689924240112, 1.0836765766143799, -2.654569149017334, 2.893153429031372, 0.0, 0.11929202824831009, 3.8575379848480225, -1.6901848316192627, 2.893153429031372, 0.0, 1.9287689924240112, 1.0836765766143799, 0.11929202824831009, 0.0, 4.821922302246094, 0.0, 0.0, 1.0836765766143799, -1.8094769716262817, 0.9643844962120056, 0.0, 0.23858405649662018, -1.8094769716262817, 0.0, 0.9643844962120056, 0.9643844962120056, 0.6044789552688599, -1.8094769716262817, 4.821922302246094, -0.8450924158096313, 0.1315475901690273, 0.17913287973797024, 0.06911610937062727, 0.10827922093028088, 0.1113990503096254, 0.08740311815068047, 0.04437992740311948, 0.08937844405021209, 0.05843086685566184, 0.045775749980457275, 0.06997071157800515, 0.10877371872150247, 0.1422989828547734, 0.04850175552753874, 0.052241146826151316, 0.145484104623591, 0.0795496449338772, 0.07917337930658143, 0.16910781951479037, 0.04060927654451131, 0.13563731149850083, 0.06407682603145429, 0.07035195090506362, 0.040876093389832356, 0.13777135663309506, 0.0738035138877653, 0.0942163073766498, 0.17113751564978327, 0.08623713339588657, 0.15150020303566208, 0.09884221159605765, 0.09932135803710791, 0.08318686711526611, 0.06501197879348324, 0.04577541423968949, 0.15827412837777297, 0.12046605759637563, 0.15343418002137568, 0.0839927044478591, 0.04247857859770761]"
A2GBIFL43U1LKJ,"[2.1817896366119385, 1.0908948183059692, 1.0908948183059692, 1.0908948183059692, 1.0908948183059692, 0.0, 1.0908948183059692, 2.1817896366119385, 0.0, 2.1817896366119385, 1.0908948183059692, 1.0908948183059692, 1.0908948183059692, 1.0908948183059692, 2.1817896366119385, 1.0908948183059692, 1.0908948183059692, 1.0908948183059692, 1.0908948183059692, 1.0908948183059692, 1.0908948183059692, 2.1817896366119385, 1.0908948183059692, 0.0, 1.0908948183059692, 0.0, 1.0908948183059692, 1.0908948183059692, 1.0908948183059692, 1.0908948183059692, 1.0908948183059692, 1.0908948183059692, 0.0, 0.0, 1.0908948183059692, 1.0908948183059692, 1.0908948183059692, 1.0908948183059692, 2.1817896366119385, 1.0908948183059692, 0.06633602853534586, 0.08110283814714646, 0.10510699018888485, 0.158976263466533, 0.15836947555848765, 0.08617490272286715, 0.08518814858227845, 0.15252048016504013, 0.10029674312837657, 0.10873146296525661, 0.04378110144434345, 0.06062663398763029, 0.13822549268040588, 0.023673806440226382, 0.12456259748082261, 0.0285319256258621, 0.050209381476230094, 0.05788040916080366, 0.12733831530045558, 0.026129899352798233, 0.10557761835300696, 0.04872129719614566, 0.10001125335776996, 0.14883085343365568, 0.11781952716818685, 0.11845446725293046, 0.1143849428450274, 0.16248950521818825, 0.06545294145721298, 0.11219544070253756, 0.15906866133551775, 0.05666289643578145, 0.05350351272155051, 0.1360557260665595, 0.08784981750289997, 0.029623040760250147, 0.06839612168441066, 0.07602469536687172, 0.16278594677432687, 0.16465241402805372]"
A2GJX2KCUSR0EI,"[6.891502857208252, 8.4596529006958, 7.657506942749023, 3.2101938724517822, 7.936638355255127, 1.393967628479004, 5.7293524742126465, 5.462113857269287, 4.1808271408081055, 3.88232684135437, 3.458887815475464, 3.973759889602661, 5.810029029846191, 4.422439098358154, 7.097329139709473, 6.869565010070801, 6.153334140777588, 3.4591846466064453, 6.544097423553467, 2.493473768234253, 8.038890838623047, 3.7656261920928955, 6.198801040649414, 1.1990262269973755, 4.697960376739502, 0.8526568412780762, 4.058828353881836, 7.65764856338501, 5.91712760925293, 8.61715030670166, 3.1973633766174316, 8.778532028198242, 1.785884141921997, 0.0, 5.616947174072266, 7.440006256103516, 0.6219671368598938, 1.7384886741638184, 7.339771747589111, 5.22332763671875, 0.02344485501603431, 0.12667550154491616, 0.12855928388093046, 0.023709650093685485, 0.09470548093933466, 0.13035851877954135, 0.06231531048337215, 0.14871293440918085, 0.1257643727483185, 0.05271482217019425, 0.1520014910641449, 0.14776953061935214, 0.011938599882407388, 0.05797308209385542, 0.15870866340444584, 0.037992256207655714, 0.04075175078961989, 0.14091527592288716, 0.07190527651623398, 0.14376450326429127, 0.13893851021697096, 0.015232872420220247, 0.11922637691255845, 0.14897451812464055, 0.0487486694896116, 0.10841959596604207, 0.11808623995996784, 0.12805625107001603, 0.1153704451737341, 0.1429702434069725, 0.042227068668306195, 0.10368842636318817, 0.14542584065081748, 0.1316301909182886, 0.08687906551387595, 0.03382930362423245, 0.08451210519051726, 0.1443689308964324, 0.01926534425696108, 0.13704042882966452]"
A2GOEDQ35EBF1R,"[7.924027919769287, 7.924027919769287, 2.448366641998291, 7.571800708770752, 7.924027919769287, 2.448366641998291, 4.260090351104736, 0.0, 3.7317492961883545, 4.260090351104736, 2.448366641998291, 4.083976745605469, 4.260090351104736, 4.260090351104736, 7.924027919769287, 4.260090351104736, 4.260090351104736, 4.083976745605469, 7.924027919769287, 3.7317492961883545, 4.260090351104736, 3.7317492961883545, 7.571800708770752, 0.0, 4.083976745605469, 0.0, 2.0961391925811768, 3.907863140106201, 2.6244802474975586, 1.811724066734314, 2.448366641998291, 4.260090351104736, 0.0, 0.0, 3.907863140106201, 2.0961391925811768, 3.7317492961883545, 4.260090351104736, 7.924027919769287, 4.260090351104736, 0.12836077581892036, 0.1653726294976409, 0.15790023631312602, 0.16574803536993765, 0.16902160641203715, 0.16997145631892105, 0.11141878331220686, 0.07047571433430948, 0.1520990499590033, 0.04716293623827802, 0.12425484850869997, 0.046411061654240415, 0.15332774417152548, 0.04202849110949538, 0.023976592664879913, 0.09194049775921204, 0.02523311080377875, 0.1589366716860154, 0.02725259318350979, 0.0504447484759478, 0.12655405389571367, 0.08806146387500834, 0.08086170135139178, 0.16600193481365766, 0.04779549730014653, 0.11534124389928756, 0.17116173027142795, 0.1563663624672092, 0.08615970957966457, 0.13844698370114789, 0.10928565693490198, 0.12481504607794626, 0.14144460699575093, 0.13896949490201455, 0.03987405806543416, 0.14840304082292202, 0.15406997857580915, 0.1595407105885867, 0.11651015956389722, 0.0982487334396065]"
A2H1NTYWYYA0XM,"[0.2681855261325836, 0.2681855261325836, 0.2681855261325836, 0.2681855261325836, 0.2681855261325836, 0.0, 0.15736965835094452, 0.0, 0.0, 0.2681855261325836, 0.0, 0.15736965835094452, 0.2681855261325836, 0.2681855261325836, 0.15736965835094452, 0.2681855261325836, 0.2681855261325836, 0.2681855261325836, 0.2681855261325836, 0.0, 0.15736965835094452, 0.0, 0.15736965835094452, 0.0, 0.2681855261325836, 0.0, 0.0, 0.2681855261325836, 0.15736965835094452, 0.0, 0.2681855261325836, 0.2681855261325836, 0.2681855261325836, 0.0, 0.2681855261325836, 0.04655379801988602, 0.2681855261325836, 0.2681855261325836, 0.2681855261325836, 0.2681855261325836, 0.028315912657029145, 0.16799760441676728, 0.07357547577957183, 0.07388688046644878, 0.04871849131702134, 0.10732056066402151, 0.12808786738774802, 0.13087943367382068, 0.071009084766219, 0.1553875858276922, 0.08183236349010058, 0.1623821880909192, 0.14975068824514476, 0.1274521724478964, 0.14828564545184744, 0.1285069651039707, 0.04613734340777131, 0.071089653308938, 0.13275763836687102, 0.13868476068866759, 0.12331777181793381, 0.03012914947851851, 0.13682649014673934, 0.13256139438581394, 0.06042419335021004, 0.07544474306429369, 0.07750161066412314, 0.09899807984003899, 0.05172968688440138, 0.0567113789870006, 0.13614672107519354, 0.029688404449254736, 0.048909293989092384, 0.13184373267634958, 0.05986740587827682, 0.08438944143823729, 0.09565272501586985, 0.1722887397597381, 0.04242080137009774, 0.04656769742023135]"
A2H85FZ61BSTLA,"[24.74947166442871, 24.74947166442871, 24.74947166442871, 24.74947166442871, 24.74947166442871, 0.0, 24.74947166442871, 6.273186206817627, 3.502545118331909, 22.049861907958984, 6.426385879516602, 24.74947166442871, 24.74947166442871, 24.74947166442871, 24.74947166442871, 24.74947166442871, 24.74947166442871, 24.74947166442871, 24.74947166442871, 3.502545118331909, 24.74947166442871, 1.406203031539917, 24.74947166442871, 0.0, 24.74947166442871, 0.0, 0.0, 24.74947166442871, 24.74947166442871, 0.9122036695480347, 5.948782444000244, 24.74947166442871, 6.705621719360352, 0.0, 24.74947166442871, 7.86897087097168, 24.74947166442871, 10.20816707611084, 24.74947166442871, 24.74947166442871, 0.12651739484271887, 0.18374830459356922, 0.08061935087024985, 0.14783627174128144, 0.125573472966474, 0.046282870457060664, 0.04046875410686938, 0.08520672043523599, 0.1337358629099416, 0.09422020093697517, 0.11022024853350708, 0.0742680464686217, 0.05841542763672703, 0.04103930050787656, 0.05952909748073931, 0.12622261620742367, 0.07541019486848108, 0.12279758886857482, 0.11098780591347532, 0.1484467374062158, 0.07061280221379815, 0.10358128312125149, 0.0875318802512131, 0.06946900203951618, 0.14623682241185135, 0.1458084339616086, 0.14379118442134192, 0.07759210921201314, 0.07492388600228934, 0.12645550066833983, 0.13076957302700937, 0.16927203389177248, 0.04304361222563587, 0.06448417329783812, 0.12173023810267787, 0.04506097145408452, 0.09907005371059459, 0.0987340456694558, 0.15417967935305957, 0.04726100314490355]"
A2H99IQJ0JT4MU,"[2.4814958572387695, 2.4814958572387695, 2.4814958572387695, 0.0, 2.4814958572387695, 0.0, 2.4814958572387695, 0.0, 0.0, 2.4814958572387695, 0.0, 2.4814958572387695, 2.4814958572387695, 2.4814958572387695, 2.4814958572387695, 2.4814958572387695, 2.4814958572387695, 0.0, 2.4814958572387695, 0.0, 2.4814958572387695, 2.4814958572387695, 2.4814958572387695, 2.4814958572387695, 2.4814958572387695, 0.0, 0.0, 2.4814958572387695, 0.0, 0.0, 0.0, 2.4814958572387695, 0.0, 0.0, 0.0, 2.4814958572387695, 2.4814958572387695, 2.4814958572387695, 2.4814958572387695, 2.4814958572387695, 0.15549386577220062, 0.1152334970205309, 0.06978534768006203, 0.14052272715670333, 0.12328682814471639, 0.0718272810900883, 0.05703624938834893, 0.16429536898387562, 0.08115400805070021, 0.1537938744002443, 0.09614698633715603, 0.03806640169959966, 0.07551581891747489, 0.11894725744213487, 0.1355380592162051, 0.16601150521123512, 0.031170778957099392, 0.061443498386937204, 0.08514605199046714, 0.0279513756765214, 0.0702146673629404, 0.06714514167270648, 0.13115310081439852, 0.09238442630864863, 0.10621570769733296, 0.09966915784760927, 0.058792928008286734, 0.07714966600440068, 0.13165188797687555, 0.10113832262139405, 0.15810398327488961, 0.15840803893548228, 0.09846666927842761, 0.09510698103550282, 0.039549631825596024, 0.1257905751943825, 0.17015984725877029, 0.11536579905342322, 0.1422984550494388, 0.10810008898112339]"
A2H9JIWY7JDD3J,"[9.08894157409668, 9.08894157409668, 0.0, 0.0, 19.47904396057129, 0.0, 9.08894157409668, 9.08894157409668, 0.0, 9.08894157409668, 0.0, 9.08894157409668, 0.0, 11.395082473754883, 9.08894157409668, 7.266079902648926, 9.08894157409668, 11.395082473754883, 7.266079902648926, 0.0, 9.08894157409668, 9.08894157409668, 7.266079902648926, 0.0, 7.266079902648926, 0.0, 0.0, -4.129003047943115, 0.0, 0.0, -1.822861671447754, 9.08894157409668, 0.0, 0.0, 0.0, 0.0, 9.08894157409668, 11.395082473754883, 9.08894157409668, 9.08894157409668, 0.0678437914455787, 0.10606888541187258, 0.12221052885352489, 0.1482595024594916, 0.15839452365248383, 0.12706686551825402, 0.12122653794845785, 0.14996175588331603, 0.0940972818324327, 0.175045428928162, 0.1696357048013615, 0.07358592736702976, 0.0878774321767259, 0.06169300371218533, 0.03385112133043679, 0.16239100593264497, 0.15114250186827682, 0.09631717149906396, 0.14466254443794202, 0.17157710264761353, 0.0724529891782283, 0.1269318724862738, 0.04954854567591919, 0.1718781240501833, 0.1284463451919646, 0.16995042267435043, 0.1763027465968936, 0.13848222845435282, 0.1751183687738899, 0.12021633396123928, 0.10248041101722419, 0.07278102440326695, 0.03387878308181036, 0.0830075292067584, 0.11636423525413393, 0.13658138592778593, 0.06359837891676469, 0.09486101363203123, 0.12650655875885855, 0.05091566301434468]"
A2HMKJTX67U6SO,"[17.02924346923828, 12.254794120788574, 10.741519927978516, 11.062172889709473, 12.254794120788574, 5.967071056365967, 12.254794120788574, 5.967071056365967, 6.287723541259766, 17.02924346923828, 6.839040279388428, 11.934142112731934, 6.287723541259766, 12.254794120788574, 16.70859146118164, 12.254794120788574, 7.480345726013184, 19.799488067626953, 12.254794120788574, 0.8719695210456848, 11.934142112731934, 5.967071056365967, 12.254794120788574, 0.0, 17.02924346923828, 0.0, 0.8719695210456848, 11.062172889709473, 11.934142112731934, 9.869549751281738, 11.062172889709473, 12.254794120788574, 0.8719695210456848, 0.32065272331237793, 5.967071056365967, 6.287723541259766, 1.192622184753418, 16.387937545776367, 17.02924346923828, 12.254794120788574, 0.08295278374439827, 0.0568932631296255, 0.10274061153848078, 0.07259212974465433, 0.036575425908590246, 0.027388247351837813, 0.14235940586971654, 0.1674278833463724, 0.1604094199868072, 0.11820968458422243, 0.12358330474974882, 0.11728268063602355, 0.17279756503259577, 0.13559969761939772, 0.15150240639774212, 0.15392514457369108, 0.06116658925028291, 0.06405906322084798, 0.12579406428112333, 0.027155016108962107, 0.12908536531596898, 0.13899641591630915, 0.061408941180533375, 0.09904753142998077, 0.09697953585526164, 0.1598693174532631, 0.14622652343058182, 0.055416030273134256, 0.05843166878885246, 0.1499552492533711, 0.07251958928208874, 0.14245407185748699, 0.146585960038604, 0.13027208891194675, 0.1418516462677902, 0.038233934184006474, 0.160039331184102, 0.064550660219851, 0.08368155653672622, 0.07267355908518316]"
A2HT5WENL8E5S6,"[8.261762619018555, 0.0, 8.261762619018555, 0.0, 8.261762619018555, 11.0156831741333, 0.0, 0.0, 0.0, 0.0, 0.0, 0.0, 0.0, 0.0, 1.3769603967666626, 8.261762619018555, 0.0, 0.0, 8.261762619018555, 0.0, 0.0, 0.0, 8.261762619018555, 0.0, 0.0, 0.0, 0.0, 0.0, 0.0, 0.0, 9.638721466064453, 0.0, 0.0, 0.0, 0.0, 1.3769603967666626, 8.261762619018555, 8.261762619018555, 8.261762619018555, 0.0, 0.11061867724423374, 0.1321357565692084, 0.07887903018441492, 0.04260040534349138, 0.1493236703520554, 0.09884972486704707, 0.11497186352386553, 0.09949585390998823, 0.030151431081883586, 0.13885788068254737, 0.12645106813626267, 0.06520224872890723, 0.12541398976307208, 0.1431388972149743, 0.048679424865586574, 0.15150157496600955, 0.04052112203851902, 0.14621160248755816, 0.09767672162175131, 0.12305680238310586, 0.1553509775735522, 0.0438883076396872, 0.11389540987832615, 0.14280992899459435, 0.15215948078172495, 0.15243314039960074, 0.15503797108781675, 0.09874626482980543, 0.022398868659582998, 0.020301770834981026, 0.1156202739870766, 0.030177809127768598, 0.1018752412337447, 0.06577552861202289, 0.04872114896643609, 0.11476481371601156, 0.14896306512790308, 0.10705554684343901, 0.09189782833982547, 0.13339191968105985]"
A2HYL1CITWDZJK,"[17.977092742919922, 9.233597755432129, 18.6314697265625, 12.68942928314209, 17.977092742919922, 0.0, 18.102262496948242, -0.21037057042121887, 0.0, 9.677602767944336, 0.0, 18.612659454345703, 14.707563400268555, 17.977092742919922, 17.977092742919922, 12.503128051757812, 10.079535484313965, 9.84509563446045, 18.612659454345703, 0.0, 17.977092742919922, 5.498034477233887, 18.823030471801758, 5.498034477233887, 18.187463760375977, 0.0, 0.0, 13.138693809509277, 12.923064231872559, 4.389938831329346, 3.735562562942505, 17.785531997680664, 0.0, 0.0, 12.497867584228516, 13.157503128051758, 10.76163101196289, 13.157503128051758, 17.977092742919922, 14.91793441772461, 0.04900322975410321, 0.07702982880764273, 0.06214259014309948, 0.06049603399264507, 0.04616981475525092, 0.05047590003969147, 0.0387019296764834, 0.12016062291841545, 0.10475062943740374, 0.09978559880095171, 0.1602424394089734, 0.07617261979085863, 0.16180405643239035, 0.04963129967559195, 0.15745561350584342, 0.14705284900781232, 0.12341516826738777, 0.07207879259612134, 0.12169664569521414, 0.04157015662989846, 0.11782231803166665, 0.12007467848251667, 0.17042390584186398, 0.17304071903696874, 0.025093594400165998, 0.16803616306550845, 0.13496012748867103, 0.1654936345392982, 0.15084138152442222, 0.15211955729552126, 0.1222976495437552, 0.13713533848369622, 0.08603997664036232, 0.05361469325100642, 0.16641602021685695, 0.1049280467726752, 0.15643735207233256, 0.14424274915731297, 0.14841741284958887, 0.043053019122994106]"
A2I02X97TQCOHX,"[9.558001518249512, 2.9575626850128174, 3.232677936553955, 3.7794928550720215, 3.919525384902954, 0.0, 8.921988487243652, 0.6868475079536438, 1.3736950159072876, 6.46535587310791, 0.6868475079536438, 4.4663405418396, 2.4566330909729004, 3.919525384902954, 0.6868475079536438, 8.921988487243652, 3.232677936553955, 3.919525384902954, 9.468803405761719, 0.0, 8.78195571899414, 3.232677936553955, 4.4663405418396, 2.545830249786377, 7.960026264190674, 0.0, 0.0, 1.3736950159072876, 3.232677936553955, 0.6868475079536438, 1.3736950159072876, 9.41796875, 0.0, 0.0, 2.9575626850128174, 6.9229736328125, 5.6384758949279785, 3.7794928550720215, 13.547666549682617, 8.596038818359375, 0.05088590889700994, 0.11004177424322724, 0.12304312508768567, 0.0643613375940815, 0.07823562133647967, 0.13437140995715324, 0.03007191763265554, 0.11081091345980117, 0.15319849748263728, 0.07161047627190016, 0.02997801139842823, 0.08706119362617101, 0.13198456903238445, 0.14180827162105666, 0.1574189541063012, 0.1493110302162674, 0.09377079594486522, 0.10850482922968367, 0.04782402117946188, 0.09307214416957464, 0.14691222896261957, 0.04223475297023531, 0.09662212390587313, 0.09752924608766134, 0.07523407480887832, 0.09090040457643532, 0.07057315019915746, 0.11167213837711408, 0.08696440385548578, 0.060517948451216885, 0.10332766820050418, 0.029966709216603778, 0.08455713725072286, 0.03338808401572969, 0.10390634793552982, 0.13497094553311056, 0.16454964075386472, 0.13009693636940992, 0.17580821809978484, 0.15535358467442112]"
A2I0X28L5E42VU,"[19.872943878173828, 19.854448318481445, 19.808486938476562, 1.12623929977417, 19.872943878173828, 0.027464943006634712, 19.854448318481445, 13.23459243774414, 14.379326820373535, 19.872943878173828, 4.199892520904541, 19.872943878173828, 19.872943878173828, 19.854448318481445, 19.872943878173828, 19.872943878173828, 19.872943878173828, 9.068643569946289, 19.835952758789062, 1.1447348594665527, 19.872943878173828, 19.845478057861328, 19.808486938476562, 19.491140365600586, 19.854448318481445, 0.0, 0.04596053063869476, 19.826984405517578, 4.12591028213501, 1.0987743139266968, 0.027464943006634712, 19.872943878173828, -0.01849558763206005, 0.0, 5.261675834655762, 19.518606185913086, 19.872943878173828, 19.872943878173828, 19.872943878173828, 19.854448318481445, 0.1195908532958359, 0.08532873455948728, 0.04840352841450765, 0.16697970250207916, 0.03427253957907362, 0.05455903106715023, 0.07277508060842922, 0.14858754909961552, 0.15742352734897047, 0.1225579018862446, 0.17268980681584295, 0.15178524081672728, 0.13363671470233005, 0.08996875237208626, 0.03078433078222738, 0.1716936830831364, 0.13139981334202686, 0.10792406374355563, 0.12059224524635234, 0.08502362852511769, 0.07895414819515638, 0.17455199424174303, 0.03432799692445073, 0.12266417064835182, 0.15727685248131767, 0.03508990487290758, 0.12417707878182209, 0.08874840739770344, 0.11307363927093278, 0.17156067508147285, 0.1609522936586566, 0.11123518479707101, 0.11312449736371585, 0.10625685834461071, 0.09796733987799562, 0.09672840925473503, 0.10655673852244249, 0.027420257529298678, 0.13367243686618, 0.09307355378183155]"
A2I3TOK508FLX0,"[-1.160453200340271, -1.160453200340271, -0.43187829852104187, 0.29788467288017273, -1.160453200340271, 0.0, -1.9445165395736694, -1.8902162313461304, 0.7297629714012146, -1.9445165395736694, -0.43187829852104187, -1.160453200340271, 0.29788467288017273, 0.29788467288017273, -1.160453200340271, -1.160453200340271, -1.160453200340271, 0.29788467288017273, -1.160453200340271, 0.7297629714012146, -1.5524848699569702, -1.9445165395736694, -1.160453200340271, 0.0, -1.160453200340271, 0.0, -0.43187829852104187, -1.160453200340271, -0.43187829852104187, 0.29788467288017273, -0.43187829852104187, -1.9445165395736694, 0.0, 0.0, 0.29788467288017273, -0.8239099383354187, -1.160453200340271, 0.29788467288017273, -1.160453200340271, -1.160453200340271, 0.06940419769799767, 0.049657842018744965, 0.14555908438015544, 0.04403485049124338, 0.1488081938764392, 0.026679574952385845, 0.08512965782986223, 0.08335589033946217, 0.13222850634834302, 0.042505284510073356, 0.03053996092749752, 0.06402579145718855, 0.07868214047819497, 0.09462365636808445, 0.13241670718736628, 0.06718704195677942, 0.09850430322016207, 0.1330652810114344, 0.051335027985922356, 0.09060672266469977, 0.040824183132959574, 0.06286786922134392, 0.07099278545446636, 0.039963692477012897, 0.07355055235232744, 0.11084300200934133, 0.1761885257887886, 0.12041641149497298, 0.12689357815197336, 0.03642198257689379, 0.17311528064332274, 0.08087863239274881, 0.1596183203250462, 0.09953449006974871, 0.07881759827409857, 0.11640887403777016, 0.14876333461765556, 0.027822428866323745, 0.11670344763821866, 0.1302663681857414]"
A2I9O5E0Q731GN,"[0.0, 0.0, 0.0, 0.0, 0.0, 0.0, 3.0707738399505615, 0.0, 0.0, 0.0, 0.0, 0.0, 3.0707738399505615, 0.0, 0.0, 3.0707738399505615, 0.0, 0.0, 3.0707738399505615, 0.0, 3.0707738399505615, 0.0, 0.0, 0.0, 3.0707738399505615, 0.0, 0.0, 0.0, 0.0, 0.0, 0.0, 3.0707738399505615, 0.0, 0.0, 0.0, 3.0707738399505615, 0.0, 0.0, 3.0707738399505615, 0.0, 0.053352855275879275, 0.05656989944119084, 0.14746842696177348, 0.16372868657933248, 0.14928273825369912, 0.15407227927399858, 0.05901208743213366, 0.14961858277443046, 0.04505546801939008, 0.04046350909926836, 0.16405329490754222, 0.044358441860080505, 0.07849257448502486, 0.1528736887852114, 0.11431761789273694, 0.14821734303960976, 0.06851386628909255, 0.10469943235825062, 0.12414875875871911, 0.17717910456683258, 0.050780985588463834, 0.04369018904700402, 0.10600074475328737, 0.15778332926016592, 0.1330697506103667, 0.030201628372316706, 0.13518972532802523, 0.1067551851885195, 0.12409642852162532, 0.13696860841591643, 0.1623750460351595, 0.055034700195846, 0.14734726096030623, 0.03635345354965526, 0.1279425777750527, 0.15175145239919935, 0.05785475394058581, 0.038533103474948156, 0.15625148565690827, 0.10021129849936629]"
A2IGYO5UYS44RW,"[8.522823333740234, 3.9677348136901855, 4.108163356781006, 0.0614776611328125, 8.204495429992676, 0.0, 8.204495429992676, 0.1761171668767929, 0.0, 3.613718271255493, 0.3968328535556793, 8.204495429992676, 4.682894706726074, 8.69894027709961, 8.0283784866333, 8.69894027709961, 4.682894706726074, 4.395850658416748, 8.522823333740234, 0.0, 8.522823333740234, 4.3030900955200195, 8.522823333740234, 3.73013973236084, 8.0283784866333, 0.3968328535556793, 0.0, 4.859012126922607, 3.8211188316345215, -0.018809590488672256, 0.9527552723884583, 4.284280300140381, 0.0, 0.0, -0.018809590488672256, 8.1242094039917, 4.126972198486328, 3.613718271255493, 8.204495429992676, 8.69894027709961, 0.11471279574018944, 0.05883880330321697, 0.03804109430391752, 0.15077106704375304, 0.13676725816799226, 0.14487789010146138, 0.0412407067909684, 0.1445127782578285, 0.17053089093617096, 0.1639770618365782, 0.0941204144634971, 0.05787249419525278, 0.10828729777660683, 0.049193606696903834, 0.09267540495550577, 0.03271905175114407, 0.1351688405816542, 0.1544274564324118, 0.1645564608980973, 0.043437535333584416, 0.08464650890701482, 0.08733879739351112, 0.047631453849901, 0.13950468682116285, 0.10292610794715229, 0.1677347173959973, 0.1258018822807651, 0.05183758682756732, 0.10145293806797577, 0.13311727654341537, 0.0568271449609654, 0.11622890230110203, 0.13502245145952368, 0.032623885949800695, 0.06067475548441498, 0.1575709944973867, 0.1422147435389148, 0.03320827419278291, 0.14566322992491526, 0.06615743769380725]"
A2IJOEZZTLRJ83,"[19.799602508544922, 19.799602508544922, 3.9643256664276123, 17.265897750854492, 19.799602508544922, 0.7297638654708862, 19.799602508544922, 0.0, 16.5361328125, 19.799602508544922, 3.9643256664276123, 19.799602508544922, 19.799602508544922, 19.799602508544922, 19.799602508544922, 19.799602508544922, 19.799602508544922, 19.799602508544922, 19.799602508544922, 14.737041473388672, 19.799602508544922, 18.045703887939453, 19.799602508544922, 3.308661937713623, 19.799602508544922, 0.0, 0.0, 19.799602508544922, 7.71590518951416, 14.737041473388672, 0.7297638654708862, 19.799602508544922, 0.0, 0.0, 19.357030868530273, 11.623504638671875, 19.799602508544922, 19.799602508544922, 19.799602508544922, 19.799602508544922, 0.06162215945611483, 0.16428948156917011, 0.14177614729875918, 0.11079907852256353, 0.05321477299259002, 0.13259792305480014, 0.14170011818081446, 0.04108693694655622, 0.05808643766990648, 0.0276222694860314, 0.046401532915109914, 0.16799130744091506, 0.0862272783220212, 0.0951637110954749, 0.03255085605608048, 0.14176707370942507, 0.10272136926105309, 0.05717915528613757, 0.16685054301810237, 0.08882356613417011, 0.11019067861282031, 0.07972437160819543, 0.03446756380534556, 0.06904196986076953, 0.14708984696026964, 0.14539218791860875, 0.13134417807498083, 0.12968024206730575, 0.05033866281776672, 0.13164272618816716, 0.029542040668993293, 0.15178088948730697, 0.12619292762031178, 0.07600992502688585, 0.14537987051353243, 0.12336475134319988, 0.13545666421353658, 0.15651368718644346, 0.14775284694764867, 0.11392589449370803]"
A2INILPDI33JG3,"[1.4595260620117188, 1.4595260620117188, 0.7297630310058594, 1.4595260620117188, 1.4595260620117188, 0.0, 1.4595260620117188, 0.7297630310058594, 0.7297630310058594, 1.4595260620117188, 0.7297630310058594, 1.4595260620117188, 1.4595260620117188, 1.4595260620117188, 1.4595260620117188, 1.4595260620117188, 1.4595260620117188, 1.4595260620117188, 1.4595260620117188, 0.7297630310058594, 1.4595260620117188, 1.4595260620117188, 1.4595260620117188, 0.0, 1.4595260620117188, 0.0, 0.7297630310058594, 1.4595260620117188, 0.7297630310058594, 1.4595260620117188, 0.7297630310058594, 1.4595260620117188, 0.0, 0.0, 1.4595260620117188, 0.7297630310058594, 1.4595260620117188, 1.4595260620117188, 1.4595260620117188, 1.4595260620117188, 0.06554900022622354, 0.026316214501126457, 0.14123040927974115, 0.05940699486794287, 0.15627381942324853, 0.11650421357530444, 0.13219264848960385, 0.025440995118240335, 0.1742351181476633, 0.05391950580201901, 0.11165693756678007, 0.11874154736476293, 0.14013513322289883, 0.09049277607730473, 0.07132103436012613, 0.1612888846876877, 0.0289001655124229, 0.1354453107478629, 0.16105204689224328, 0.11034981290917907, 0.16684961394712708, 0.09371744446041308, 0.0907874944536601, 0.15549893010115878, 0.03319330859864023, 0.14467204578513837, 0.1529975315329456, 0.1703511065470641, 0.033302464176375474, 0.09846854073643474, 0.16559784735525568, 0.1284445762281806, 0.07527121938509201, 0.026941693432882472, 0.02604741201993035, 0.05485715956279107, 0.16651814332210657, 0.12855252022998748, 0.06787253156990965, 0.07035946793971799]"
A2IPGCHPX1WYHH,"[-3.9434967041015625, -2.919032573699951, -3.5159807205200195, -3.973492383956909, -3.677988290786743, 0.0, -3.5427591800689697, 1.0434714555740356, -0.0893937423825264, -2.6094956398010254, -0.0893937423825264, -3.560009479522705, -3.4706156253814697, -3.677988290786743, -2.7366812229156494, -1.5946091413497925, -3.4706156253814697, -2.56546688079834, -5.262128829956055, 0.0, -2.919032573699951, -0.0893937423825264, -3.5159807205200195, 0.0, -3.98752498626709, 0.0, 0.0, -3.98752498626709, -4.9666242599487305, -1.7329318523406982, -4.9979567527771, -4.9666242599487305, -1.901027798652649, 0.0, -4.04744291305542, -4.466494560241699, -1.901027798652649, -3.560009479522705, -3.0370113849639893, -4.758781433105469, 0.09573834704518172, 0.1137115164412891, 0.08698274564487454, 0.13299746324714104, 0.14150090504730684, 0.0909793815273084, 0.09077363767444967, 0.06420830590977136, 0.14024098545958014, 0.07837812336346474, 0.056192970499244384, 0.043587897867483995, 0.04524887218266183, 0.03176102943336975, 0.11700390110983597, 0.08056678878591388, 0.06493461011819232, 0.09647008916759008, 0.06849494337719113, 0.055128851241892464, 0.08153219662814075, 0.08898680929303686, 0.04026406901133253, 0.050478062524178344, 0.07133309827960668, 0.09923007324294532, 0.019847449342107956, 0.04952396554796713, 0.040892197836198026, 0.1521637230365643, 0.029497317901630373, 0.14288495993943914, 0.12503026353016788, 0.051890503778146226, 0.016351312756157043, 0.017894295700077452, 0.026762122557642834, 0.04000289940912094, 0.07663010599912731, 0.042025108752466935]"
A2IRWVZEOPD2BG,"[0.8339191675186157, 0.5473209619522095, 0.0, 1.2072393894195557, 0.5473209619522095, 0.0, 0.8339191675186157, 0.0, 0.8339191675186157, 0.5473209619522095, 0.0, 0.5473209619522095, 0.5473209619522095, 0.5473209619522095, 1.2042694091796875, 0.5473209619522095, 0.5473209619522095, 0.8339191675186157, 1.8641879558563232, 0.5473209619522095, 0.8339191675186157, 0.5473209619522095, 0.5473209619522095, 0.0, 0.8339191675186157, 0.0, 0.0, 0.5473209619522095, 0.0, 1.2072393894195557, 0.9435467720031738, 0.8339191675186157, 0.0, 0.0, 1.493837594985962, 0.0, 0.5473209619522095, 0.8339191675186157, 1.2072393894195557, 0.5473209619522095, 0.02762153785651209, 0.08077560282425164, 0.15641226057543964, 0.04616874018448424, 0.05395951156676251, 0.02483081197337615, 0.05550587454773834, 0.051134841604595735, 0.15441739235666632, 0.029198373251273994, 0.1547131577731188, 0.06964707719982229, 0.1448323690004088, 0.05784882869194151, 0.14656415925612631, 0.06842951114095339, 0.05993582740531941, 0.108859537170947, 0.06048735815857821, 0.1677319411479892, 0.05219327926639178, 0.07311400267335216, 0.0212177771024239, 0.07372487458441825, 0.09569008244260147, 0.040823274819214384, 0.14383447650415856, 0.14454957709128843, 0.1710831709342839, 0.08068135709147886, 0.12775814069445815, 0.15614008264724538, 0.16526504446062718, 0.10560486529636708, 0.02628828317713596, 0.08354796798205737, 0.11519974488217168, 0.08822990274025863, 0.03928159704440487, 0.06854354966116434]"
A2ITV3AU9TL0O9,"[1.2540559768676758, 0.8719391226768494, 2.125994920730591, 0.8719391226768494, 0.8719391226768494, 0.8719391226768494, 2.5081119537353516, 0.0, 2.5081119537353516, 0.8719391226768494, 0.8719391226768494, 0.8719391226768494, 0.8719391226768494, 0.8719391226768494, 0.8719391226768494, 0.8719391226768494, 0.8719391226768494, 1.2540559768676758, 0.8719391226768494, 0.8719391226768494, 1.2540559768676758, 2.125994920730591, 0.8719391226768494, 0.0, 1.2540559768676758, 1.2540559768676758, 0.8719391226768494, 0.8719391226768494, 0.8719391226768494, 0.0, 1.2540559768676758, 1.2540559768676758, 0.0, 0.0, 1.2540559768676758, 0.8719391226768494, 0.8719391226768494, 1.2540559768676758, 0.8719391226768494, 2.125994920730591, 0.14444730003098166, 0.11930402536651724, 0.027965612503197314, 0.1465521308772517, 0.06994846032742823, 0.1264794036432931, 0.10481229273510251, 0.14942567318886218, 0.17163648002319457, 0.15349105203673682, 0.13610251622416394, 0.1074310732541505, 0.1088305364569549, 0.06792743202311552, 0.17319027600406503, 0.13459818386674352, 0.10832434967379087, 0.08651785557292958, 0.040189253527325025, 0.09846748701324252, 0.10651600285727911, 0.08361463394506138, 0.07654537324779523, 0.10572970258457912, 0.05924206752809895, 0.1555074078699369, 0.09063672090398939, 0.041840426457261146, 0.10537244672461102, 0.11150260245366689, 0.06960997986058606, 0.12603623281872886, 0.11632366783980017, 0.12465471734536658, 0.15383112176016783, 0.026568166375663414, 0.05096878945123334, 0.07157331777936846, 0.06831013861254495, 0.1557670173103722]"
A2IXGQP8IXSJXW,"[6.273987293243408, 6.273987293243408, 0.0, 0.0, 6.273987293243408, 0.0, 9.244218826293945, 3.0368573665618896, 0.0, 6.007089138031006, 3.0368573665618896, 6.273987293243408, 0.0, 9.244218826293945, 2.970231771469116, 6.273987293243408, 6.273987293243408, 0.0, 6.007089138031006, 0.0, 0.0, 3.2371299266815186, 3.2371299266815186, 0.0, 0.0, 0.0, 0.0, 0.0, 3.2371299266815186, 0.0, 0.0, 9.244218826293945, 0.0, 0.0, 3.2371299266815186, 3.2371299266815186, 3.0368573665618896, 3.2371299266815186, 9.244218826293945, 9.244218826293945, 0.14962990489229222, 0.06307064295332619, 0.032125494584989936, 0.15829934400021117, 0.02881376770026595, 0.10718607068844546, 0.06511945551429686, 0.1454211604627705, 0.13383416007158375, 0.07076381822733481, 0.15171473907307273, 0.10551306859275203, 0.07842977101403115, 0.10108053847359295, 0.117833808721233, 0.038391413086435934, 0.04783204606902746, 0.13724751746473493, 0.09208064791562066, 0.10129635184277948, 0.12862509775833386, 0.025738811893198953, 0.03584386928956301, 0.0696065894286241, 0.1619940025047911, 0.1308835516719043, 0.1418932261120665, 0.13350988138313025, 0.14546278289949355, 0.09405288445163074, 0.16922837566409793, 0.11687019280658296, 0.024979798049771584, 0.14539797014185354, 0.03813444274555272, 0.08601149852511907, 0.13199312182338824, 0.05132266539898456, 0.14247581797831574, 0.0714161138017594]"
A2IYMZSE5YVU7F,"[24.74919319152832, 11.519697189331055, 1.0173155069351196, -1.3741989135742188, 12.791126251220703, 0.0, 24.74919319152832, 24.74919319152832, 0.0, 14.655853271484375, 0.0, 12.8914213180542, -0.9620011448860168, 12.402934074401855, 24.74919319152832, 24.74919319152832, 11.98869514465332, 23.95857810974121, 12.8914213180542, 0.0, 12.8914213180542, 12.026994705200195, 11.98869514465332, 0.0, 24.74919319152832, 0.0, 0.0, 0.40972286462783813, 1.257135272026062, 0.038299378007650375, -0.46899721026420593, 24.74919319152832, 0.0, 0.0, -0.39270782470703125, 0.5243116617202759, 11.912405014038086, 11.98869514465332, 24.482891082763672, 24.74919319152832, 0.09346686759609654, 0.08179903303832116, 0.08420753485238142, 0.0664603994329738, 0.08523454205396458, 0.14217729009450789, 0.0754758050182171, 0.14664755407734936, 0.04886431953671264, 0.17500928063676718, 0.09718279637167725, 0.12743515745512274, 0.12002546226735684, 0.14506558695057467, 0.10369061342399852, 0.0676039197866011, 0.15402763234882505, 0.08870041431982696, 0.10792702254184323, 0.15836939364513603, 0.15319326471009295, 0.03431924264053743, 0.12221961269888772, 0.1251167206290682, 0.03468864935034426, 0.15909181199050634, 0.14237431467710643, 0.09558555768486633, 0.045157739199390104, 0.09810869359377594, 0.06242815970814235, 0.1136840080726766, 0.13949878385803474, 0.1594370858467025, 0.11678882629394667, 0.03300992792751659, 0.05611427257953431, 0.04160726378514231, 0.0877708493704026, 0.15775138140333325]"
A2J50ZCVKL1H9L,"[5.042954444885254, 2.290006637573242, 6.7538018226623535, 4.520963668823242, 19.330028533935547, 1.5870567560195923, 7.166850566864014, 0.25159087777137756, 0.8719308972358704, 2.971128225326538, 1.5870567560195923, 5.2664313316345215, 3.9212143421173096, 7.378250598907471, 3.8726580142974854, 4.5977325439453125, 2.498535394668579, 5.467238426208496, 6.077777862548828, 1.5870567560195923, 6.177909851074219, 1.783409595489502, 6.331843376159668, 0.9114786386489868, 4.285508632659912, 0.7151259183883667, 2.498535394668579, 3.6862542629241943, 5.478028297424316, 3.4374845027923584, 4.044559478759766, 4.643368721008301, 1.6266045570373535, 0.0, 5.262867450714111, 3.0203278064727783, 2.5828278064727783, 2.3831591606140137, 6.989256858825684, 5.354485511779785, 0.03790955029222385, 0.11282026263499513, 0.08812209412067445, 0.041735192079626185, 0.11798586730681301, 0.17061597510480492, 0.10227540128708454, 0.11122176455965099, 0.17704346501553492, 0.09359414056053907, 0.14799449607301868, 0.08639919045342512, 0.11860197651650164, 0.035301951233818546, 0.04798032777643197, 0.07289775764102543, 0.05166801090139652, 0.09078500382895839, 0.06918706232026105, 0.07864712920200913, 0.12256997411600594, 0.09505312426174026, 0.16921277546414162, 0.0507318486222227, 0.14305969176314823, 0.09327564444455819, 0.11351351220477358, 0.15952978771599838, 0.10794381165015769, 0.13980083360721804, 0.16354624703039214, 0.09067485522554379, 0.10544574998230127, 0.03303593365234315, 0.03200191545803762, 0.17201659718064366, 0.14868415881419056, 0.0809558790338147, 0.12047527922197149, 0.02883921146736774]"
A2J5HTXL1X2FN3,"[1.2307924032211304, 1.2307924032211304, 1.2307924032211304, 1.2307924032211304, 1.2307924032211304, 0.0, 8.420706748962402, 1.2307924032211304, 0.0, 2.4615848064422607, 1.2307924032211304, 1.2307924032211304, 1.2307924032211304, 1.2307924032211304, 1.2307924032211304, 1.2307924032211304, 1.2307924032211304, 1.2307924032211304, 1.2307924032211304, 0.0, 1.2307924032211304, 1.2307924032211304, 1.2307924032211304, 0.0, 1.2307924032211304, 0.0, 1.2307924032211304, 1.2307924032211304, 1.2307924032211304, 1.2307924032211304, 1.2307924032211304, 1.2307924032211304, 0.0, 0.0, 1.2307924032211304, -0.00037124246591702104, -0.00037124246591702104, 1.2307924032211304, 1.2307924032211304, 1.2307924032211304, 0.07756646069787995, 0.042452173452908394, 0.12657174477254285, 0.12906926534889215, 0.08973104140770301, 0.05775408486039382, 0.14162642994971023, 0.04388319317388562, 0.11707235093887507, 0.07825989548402035, 0.1507266952070412, 0.1584693815666014, 0.1752855226649675, 0.050332859340973014, 0.1261794244285477, 0.1524639652840356, 0.09677095833394579, 0.07880880028611231, 0.1552012016414376, 0.10991655151057778, 0.09956523641518822, 0.17444410976557234, 0.03681208743966538, 0.1699981998259876, 0.1098198834699002, 0.12346845433553269, 0.1526342767824328, 0.09057224215732218, 0.11359070239397, 0.032316309176475655, 0.1335074045842475, 0.16015331903700641, 0.05939635325498609, 0.14786615309373324, 0.11596537692772675, 0.12278164122689714, 0.1676649645058287, 0.0974484586407999, 0.0329065477788338, 0.08537376170223769]"
A2JAEYUNQB6BIF,"[0.0, 0.32392144203186035, 0.0, 0.32392144203186035, 3.720468521118164, 0.0, 3.720468521118164, 0.0, 0.32392144203186035, 4.044389724731445, 0.0, 3.3965470790863037, 0.0, 0.32392144203186035, 0.0, 0.0, 3.720468521118164, 0.32392144203186035, 0.32392144203186035, 0.0, 0.0, 0.0, 0.0, 0.0, 0.0, 0.0, 0.0, 0.0, 0.0, 0.0, 0.0, 3.3965470790863037, 0.0, 0.0, 0.0, 0.0, 0.0, 0.0, 0.32392144203186035, 0.32392144203186035, 0.08690101728741104, 0.07939474853445468, 0.11980034424296586, 0.04437441437136086, 0.09612912413615131, 0.13156047915253363, 0.13623762652626142, 0.15863735919636382, 0.09636961272026716, 0.10581291470853536, 0.013235916318158647, 0.03505477755917735, 0.02640829367396737, 0.0691889254999142, 0.09110423804962853, 0.1451789697088645, 0.10323907098387307, 0.04697677094017964, 0.11658743438663191, 0.11711847029897478, 0.0916028507114366, 0.06877358783079925, 0.03997722992233277, 0.11504137600176002, 0.031218502289063095, 0.0759348175318763, 0.11389096332801865, 0.048081813908561866, 0.023236125007500996, 0.15065007967474098, 0.11139321806235668, 0.12005300314800287, 0.04850007810817739, 0.0461738002647717, 0.048765012227585045, 0.15067204270516615, 0.15295475153004873, 0.162602829510664, 0.04948263494671972, 0.06014374176232402]"
A2JCJJNY43QQIV,"[20.120895385742188, 20.824880599975586, 18.6619873046875, 20.30086898803711, 21.310182571411133, 2.432372570037842, 19.26979637145996, 8.381333351135254, 15.543268203735352, 20.279611587524414, 5.491964817047119, 18.086423873901367, 22.763206481933594, 21.287933349609375, 20.642457962036133, 17.583213806152344, 19.155109405517578, 16.075830459594727, 20.965436935424805, 2.558018684387207, 22.68807029724121, 19.976490020751953, 18.284704208374023, 0.0, 20.626413345336914, 0.23873746395111084, 4.484579086303711, 15.977798461914062, 15.398965835571289, 12.226070404052734, 21.66901206970215, 17.775028228759766, 0.2640621066093445, 0.1597505658864975, 22.547527313232422, 15.451055526733398, 16.50638771057129, 9.774386405944824, 21.948244094848633, 23.799449920654297, 0.10768721588478737, 0.12249578402227035, 0.05608803400591318, 0.020018024607673657, 0.0905086782576637, 0.05498110838572324, 0.14833381954272118, 0.11989061462342562, 0.12745442566099224, 0.12067324380342086, 0.11314301919122718, 0.100533531462001, 0.012768968431256566, 0.09242493022440892, 0.06054595281015391, 0.09733031424177821, 0.1273879459185878, 0.04633539262858118, 0.08135200618790202, 0.10307539265339566, 0.09859128598467519, 0.1125893736119916, 0.022726729503245814, 0.09042624867517589, 0.07541503096028841, 0.12593415361990515, 0.07936450012878944, 0.12863755571100466, 0.04487972204678083, 0.023828943233735883, 0.15038209742436529, 0.16062987411468566, 0.1252332261908155, 0.040507843375892014, 0.03717897204837243, 0.04684889395345658, 0.11918142506840612, 0.10004319962723607, 0.1351404496070998, 0.06688942268305258]"
A2JPJPB0A1TQTY,"[14.849691390991211, 14.849691390991211, 8.549858093261719, 8.549858093261719, 14.849691390991211, 0.0, 14.849691390991211, 8.21815299987793, 0.0, 14.849691390991211, 0.0, 14.849691390991211, 0.0, 14.849691390991211, 8.21815299987793, 14.849691390991211, 7.12725830078125, 7.12725830078125, 14.849691390991211, 1.090895414352417, 14.849691390991211, 8.21815299987793, 14.849691390991211, 0.0, 14.849691390991211, 0.0, 0.0, 8.549858093261719, 0.0, 0.0, 0.0, 14.849691390991211, 0.0, 0.0, 8.549858093261719, 8.549858093261719, 14.849691390991211, 14.849691390991211, 14.849691390991211, 14.849691390991211, 0.11408135554293478, 0.05845161332760953, 0.13480925151444853, 0.1529830652256042, 0.06314898766803058, 0.05633953553381819, 0.05903105820845495, 0.15589399833640724, 0.12468305487511262, 0.12523010410947907, 0.14221459655386956, 0.1597040025991229, 0.12998116018915407, 0.12242542958432469, 0.11081001839253737, 0.07914429242808516, 0.08631610052651992, 0.0210822638655959, 0.0792705968446011, 0.09862275191975475, 0.0717694804717789, 0.09318597655845924, 0.13759703786595073, 0.09492198664724408, 0.10092583962061362, 0.13590201501205623, 0.10603304442348413, 0.13807074898745814, 0.025760614883376973, 0.0883621362554507, 0.08050658641256372, 0.04625393041644898, 0.15171931188613225, 0.09280825506441318, 0.024093945511133297, 0.1651042097129434, 0.09881821022551684, 0.15369815178840027, 0.13064877110386106, 0.017808293006059826]"
A2JPQVFMKT94M2,"[24.749317169189453, 24.749317169189453, 24.749317169189453, 24.749317169189453, 24.749317169189453, 18.215991973876953, 24.749317169189453, 24.749317169189453, 9.107995986938477, 9.044451713562012, 18.152448654174805, 18.152448654174805, 24.749317169189453, 24.749317169189453, 24.749317169189453, 24.749317169189453, 24.749317169189453, 18.215991973876953, 24.749317169189453, 18.215991973876953, 24.749317169189453, 9.044451713562012, 24.749317169189453, 0.0, 24.749317169189453, 18.152448654174805, 18.215991973876953, 24.749317169189453, 24.749317169189453, 24.749317169189453, 24.749317169189453, 24.749317169189453, 18.215991973876953, 0.0, 24.749317169189453, 24.749317169189453, -0.06354387104511261, -0.06354387104511261, 24.749317169189453, 24.749317169189453, 0.05099333226498644, 0.03718592028031326, 0.06011310708216338, 0.1453093803273411, 0.1157598777692114, 0.16694823435134792, 0.14193079879890658, 0.06725196858042132, 0.03905582947144417, 0.08123296474569133, 0.05207247486271023, 0.16728783795659546, 0.13411322665179579, 0.11960428607386095, 0.09463580775545195, 0.046831623036573324, 0.09643054202845078, 0.08511760332057454, 0.09451393864569117, 0.12302892118644092, 0.15730314041894444, 0.08050607946368224, 0.1320241946817024, 0.08159191617496105, 0.07033529965481432, 0.03426513078441125, 0.03407311281324966, 0.08503231894569893, 0.17301496982698747, 0.058037827568344275, 0.15720422539323212, 0.15343333440018664, 0.033657625456450985, 0.10454147153398066, 0.03300819023368312, 0.06920323456238069, 0.05284457896576432, 0.17154434976464042, 0.03358466438587306, 0.13977761202719338]"
A2JRCTJU21AJ4X,"[4.513918876647949, 4.513918876647949, 4.513918876647949, 4.513918876647949, 5.066990852355957, 0.0, 9.899704933166504, 5.74222469329834, 4.513918876647949, 6.295296669006348, 0.0, -0.5910124182701111, 9.027837753295898, 5.74222469329834, 5.066990852355957, 9.580909729003906, 6.295296669006348, 0.0, 9.899704933166504, 0.0, 9.580909729003906, 5.066990852355957, 5.066990852355957, 0.5530717372894287, 9.899704933166504, 0.0, 0.0, 4.513918876647949, 5.74222469329834, 5.066990852355957, 4.513918876647949, 9.899704933166504, 0.0, 0.0, 4.513918876647949, 9.580909729003906, 0.0, 0.5530717372894287, 9.899704933166504, 4.513918876647949, 0.0671031635569691, 0.038488529335010936, 0.11738498697189337, 0.03530627453990683, 0.1543438493398953, 0.0714792897897229, 0.028271990535681694, 0.14462011979053685, 0.04377026686654238, 0.04800849951923314, 0.12826532043871597, 0.13422298657264564, 0.057606732178706106, 0.06616821725474739, 0.1036966426121991, 0.16108281667489233, 0.02270627883046956, 0.1498411393699083, 0.08488006764118228, 0.08987898128342003, 0.05837915408221409, 0.08963053987522727, 0.12831212750039067, 0.1458292791743411, 0.12639715244880728, 0.13904636027035314, 0.04165425858738141, 0.04482234234114374, 0.12481168131528053, 0.08989481684894976, 0.05757965921012621, 0.07954304257778491, 0.10761959492530915, 0.15611124027392842, 0.0255777733656459, 0.09038536795105177, 0.06814561573638499, 0.10196978138744611, 0.049539593631814066, 0.12552081429349904]"
A2JWINJJ8E1IIC,"[4.170115947723389, 4.009788513183594, 1.6983593702316284, 0.40871304273605347, 4.009788513183594, 0.0, 4.009788513183594, 0.45274242758750916, 0.40871304273605347, 4.009788513183594, 2.311429023742676, 3.6010754108428955, 3.965759038925171, 4.009788513183594, 4.009788513183594, 4.009788513183594, 4.009788513183594, 2.311429023742676, 4.009788513183594, 0.0, 4.009788513183594, 2.107072591781616, 2.311429023742676, 1.6983593702316284, 4.170115947723389, 0.0, 0.0, 1.8586866855621338, 2.311429023742676, 0.0, 0.0, 4.170115947723389, 0.04402934014797211, 0.40871304273605347, 1.8586866855621338, 2.107072591781616, 3.965759038925171, 3.6010754108428955, 4.009788513183594, 4.009788513183594, 0.13546411008292022, 0.09673653552764416, 0.02159842396655183, 0.14653940804918175, 0.01711129084098763, 0.14043354072319672, 0.07935666451178995, 0.03702632733736512, 0.043461600042003, 0.091081609825786, 0.04751247831798669, 0.14849241823928208, 0.13667923204741986, 0.08987255741995762, 0.02039219962245788, 0.09781213225930087, 0.15634560854265006, 0.11629984048079503, 0.022569420804262972, 0.1433067994395352, 0.017945419504112048, 0.056008387938295164, 0.0876864137285776, 0.0659523008508671, 0.022196843558238623, 0.08367249078062734, 0.024194833177949657, 0.10248827357909694, 0.16458105371463583, 0.07319396620191894, 0.1253860639906538, 0.08805315780548342, 0.07208324444848273, 0.06602529035892736, 0.014765522106885597, 0.14971887896369682, 0.11493978565676273, 0.1530384038499693, 0.06724832833932975, 0.03296910488940456]"
A2K4C2K7NZLOQI,"[0.0, 0.0, 0.0, 0.0, 3.7389612197875977, 0.0, 3.7389612197875977, 0.0, 0.0, 3.7389612197875977, 0.0, 0.0, 0.0, 0.0, 0.0, 0.0, 3.7389612197875977, 0.0, 3.7389612197875977, 0.0, 3.7389612197875977, 3.7389612197875977, 0.0, 0.0, 0.0, 0.0, 0.0, 0.0, 0.0, 0.0, 0.0, 0.0, 0.0, 0.0, 0.0, 0.0, 0.0, 0.0, 3.7389612197875977, 3.7389612197875977, 0.05435702037360627, 0.04107096705638387, 0.03708552889546486, 0.1500613276331903, 0.04978169613403547, 0.1315110629704888, 0.09660542238346145, 0.10585977599670665, 0.052577743513998354, 0.14046387210128053, 0.10946273740003253, 0.07366259478560117, 0.07253016776717593, 0.028658496801408088, 0.129710747692418, 0.1059290231806426, 0.14569670969929518, 0.058926918310216826, 0.13731042228376353, 0.10321541640401644, 0.06385808874556449, 0.14576625693263062, 0.13988396171276615, 0.1623552047801478, 0.050290250507539276, 0.07493860070790462, 0.09775511784700529, 0.13413729850270514, 0.14656057103056527, 0.025692696098837703, 0.11290395084870525, 0.08604572161760622, 0.16356723677281557, 0.13071227905978194, 0.04237636053185225, 0.14729745179455314, 0.02738154803914443, 0.16075083790574315, 0.14020561898439204, 0.11252486005034504]"
A2KA5PR2AKM7ZU,"[7.315414905548096, 7.315414905548096, -0.7291605472564697, -0.7291605472564697, 7.315414905548096, 0.0, 7.315414905548096, 7.315414905548096, 0.0, 7.315414905548096, -0.7291605472564697, 7.315414905548096, -0.7291605472564697, 3.2931268215179443, 7.315414905548096, 7.315414905548096, 7.315414905548096, 3.2931268215179443, 7.315414905548096, 0.0, 7.315414905548096, 7.315414905548096, 7.315414905548096, 0.0, 7.315414905548096, 0.0, -0.7291605472564697, 3.2931268215179443, -0.7291605472564697, -0.7291605472564697, -0.7291605472564697, 7.315414905548096, 0.0, 0.0, -0.7291605472564697, -0.7291605472564697, 7.315414905548096, 3.2931268215179443, 7.315414905548096, 7.315414905548096, 0.02892244308454288, 0.11099792550687537, 0.06312097976521369, 0.10062945934220864, 0.09844357757240423, 0.04768603774225722, 0.07019019717507789, 0.0460779466751975, 0.025115378921502222, 0.08432486678395877, 0.12326396138967743, 0.13973034408916285, 0.12962848107104605, 0.13764762846810968, 0.11325672788544802, 0.045996892025364514, 0.0775571403348989, 0.1057932197982814, 0.05360057818522262, 0.0833588914394132, 0.037453998566675945, 0.06048561121208129, 0.08044389541693515, 0.045463441636333764, 0.0952728010820398, 0.061529551988879064, 0.08363956486578845, 0.07307668827151552, 0.0787241240058386, 0.02563962253493794, 0.05963784696765253, 0.1565138258577442, 0.1498071293835047, 0.06362043050902247, 0.13779619142231506, 0.14008725436482766, 0.14375247890956191, 0.07824040887843056, 0.14576537372324133, 0.0719178420164561]"
A2KBQZJJRS5FKY,"[0.8010662794113159, 0.581810712814331, 0.25702330470085144, 1.9796857833862305, 2.0207202434539795, 0.35758042335510254, 1.182678461074829, -0.6636571884155273, 0.5440429449081421, 0.22423025965690613, 0.9016233682632446, 1.476677417755127, -0.6378434896469116, 0.8010662794113159, 1.5024911165237427, 0.8010662794113159, 0.38339415192604065, -0.16064885258674622, 0.8010662794113159, 0.9016233682632446, 1.3192955255508423, -0.9954238533973694, 1.2782609462738037, 0.0, 0.9584482312202454, 0.35758042335510254, 0.35758042335510254, 0.7752525806427002, 1.2782609462738037, -0.6636571884155273, -1.1818865537643433, 0.9994828701019287, 0.35758042335510254, 0.0, 1.8223038911819458, -0.0627894178032875, -1.5394668579101562, 2.684377670288086, 1.182678461074829, -0.6378434896469116, 0.04563466675537359, 0.040649082540444366, 0.10772891886211425, 0.10891489857154477, 0.06331458604909503, 0.10555399549862866, 0.01571531729194435, 0.02327642682534708, 0.017997789438949884, 0.15999594261991107, 0.11366737838290962, 0.06213383787992788, 0.048785873175617445, 0.1043104369797379, 0.11621515419805253, 0.05106960648738855, 0.1424155124691363, 0.1277087287509703, 0.0921180409905262, 0.11225650452411917, 0.08976383410766384, 0.16374830688868336, 0.038563362603583555, 0.1537422081399888, 0.12936636794910136, 0.13861294863640847, 0.08545148131397944, 0.039035476608554665, 0.09347587488754328, 0.15788972175510943, 0.06370872833916895, 0.0692981336280346, 0.09354393801996744, 0.1551058918422357, 0.11375502040569932, 0.1248807743864378, 0.06382258869192241, 0.0810266973602867, 0.02070260027424615, 0.1436619801710539]"
A2KJR83EUJJNAX,"[7.085939884185791, 6.295368671417236, 0.0, 6.862335681915283, 7.085939884185791, 0.0, 0.0, -0.08939219266176224, 0.0, 0.0, 0.0, 0.0, 0.0, 0.0, 9.899467468261719, -0.08939219266176224, 0.0, 7.085939884185791, 0.0, 0.0, 0.0, 0.0, 7.085939884185791, 0.0, 0.0, 0.0, 0.0, 0.0, 7.085939884185791, 0.0, 0.0, 0.0, 0.0, 0.0, 0.0, 0.0, 0.0, 0.0, 0.0, 0.0, 0.11943644233091164, 0.03616582337687929, 0.124367226525131, 0.08980756791098217, 0.046362253820460025, 0.09656186760905054, 0.018596526016448903, 0.06406142172000623, 0.015629388957058715, 0.12324282427300084, 0.06404325214846018, 0.09373857812121235, 0.06070680067958129, 0.11123448832083271, 0.06422255532643177, 0.052591390446321766, 0.06059299170362978, 0.08348826317864491, 0.03777017530963142, 0.11156242674581801, 0.04600458721307, 0.12443809877402585, 0.15780192241288502, 0.15260541280921577, 0.061733394410263376, 0.07026912946111624, 0.0711807984525444, 0.07488438465384759, 0.031687381596897754, 0.0801347111766969, 0.13187583432204175, 0.05892368370695026, 0.1393439468909191, 0.0576206901757005, 0.11937606402707197, 0.14140149746372288, 0.15567365457220161, 0.08834608272511064, 0.14335272511246183, 0.11928703799687895]"
A2KNKDQ38Q31SJ,"[24.74869155883789, 24.74869155883789, 24.74869155883789, 24.74869155883789, 24.74869155883789, 0.893922746181488, 24.74869155883789, 24.74869155883789, 24.522117614746094, 24.74869155883789, 24.74869155883789, 12.570354461669922, 24.74869155883789, 24.74869155883789, 24.74869155883789, 24.74869155883789, 24.74869155883789, 24.74869155883789, 24.74869155883789, 1.8060976266860962, 24.74869155883789, 24.74869155883789, 24.74869155883789, 0.11006981134414673, 24.74869155883789, 0.893922746181488, 0.7591661214828491, 24.74869155883789, 24.74869155883789, 8.54058837890625, 6.638031959533691, 24.74869155883789, 8.117384910583496, 18.6697940826416, 24.74869155883789, 24.74869155883789, 24.74869155883789, 11.882280349731445, 24.74869155883789, 24.74869155883789, 0.11450386869379509, 0.08250359632769803, 0.17645552559466665, 0.15209391934395708, 0.14437769465413489, 0.17327951732037655, 0.03955772271742856, 0.07399833919758561, 0.031673100344467485, 0.06119593273339633, 0.05017245466454368, 0.07102505769696542, 0.17517062111629925, 0.1635164409916044, 0.10321609165458952, 0.04334609927311274, 0.030210518586232585, 0.03245605845045595, 0.033222787710754265, 0.13697304746947225, 0.14822813796954576, 0.10476984974571048, 0.10679726763583068, 0.13110191519122452, 0.040801699907151066, 0.1335487413467543, 0.12318526113828035, 0.04111881080790732, 0.14724374290030665, 0.09934780371950694, 0.11255727853570428, 0.07420088774238544, 0.16872121862064196, 0.07162556129972607, 0.044178021421934804, 0.08106251397781082, 0.11343729869520723, 0.06406923028755014, 0.13254760949558886, 0.14930497660042813]"
A2KPY1O5YG9B6I,"[21.434391021728516, 21.52670669555664, 15.48808479309082, 18.598535537719727, 21.861812591552734, 12.547974586486816, 23.57769203186035, 1.419938087463379, 0.7705742120742798, 12.42459774017334, 0.8437708020210266, 21.763246536254883, 15.586648941040039, 21.189802169799805, 23.210905075073242, 16.36471176147461, 15.190906524658203, 21.176067352294922, 23.06216049194336, 0.46652722358703613, 17.350357055664062, 0.6218300461769104, 21.84807586669922, 0.0, 19.270544052124023, 0.893950343132019, 2.5354578495025635, 17.70996856689453, 22.390151977539062, 10.820215225219727, 15.742879867553711, 24.749454498291016, 0.893950343132019, 0.5259878039360046, 5.549941539764404, 4.235250473022461, 8.24849796295166, 11.226600646972656, 20.220306396484375, 16.92293357849121, 0.04507573089694989, 0.17862899621670722, 0.09323457575179055, 0.05152746188019523, 0.16853105754376096, 0.12305364080997278, 0.1679275786494381, 0.1162518702711284, 0.041391759023263475, 0.1505146179254115, 0.08851856569929799, 0.07449996817975951, 0.08123146086707486, 0.1371437614625065, 0.16520910921166235, 0.029965898876492415, 0.16668835214014296, 0.10690913433684573, 0.1266126937331973, 0.09195800467848375, 0.03775949445118214, 0.06065088739932253, 0.16562495273575426, 0.0862708182405219, 0.17826198820678665, 0.03615567703494965, 0.10538930157922856, 0.05913799442818412, 0.1306131751281636, 0.11373330289847716, 0.12057651998725628, 0.13606201629922873, 0.13363360035540367, 0.09198638941689628, 0.16722536198946905, 0.10138705213438019, 0.13060593321823466, 0.16948511447637488, 0.09077481870330655, 0.12221721980249341]"
A2KQ0AAX4DKI1Q,"[-1.014209508895874, -1.014209508895874, -1.2740727663040161, -0.6370363831520081, -1.014209508895874, -1.014209508895874, -1.014209508895874, 0.0, 0.0, -1.014209508895874, 0.0, -1.014209508895874, -1.014209508895874, -3.042628288269043, -1.014209508895874, -1.014209508895874, -1.014209508895874, -1.014209508895874, -1.014209508895874, 0.0, -1.014209508895874, 0.0, -0.6370363831520081, 0.0, -2.0201034545898438, 0.0, 0.0, -1.014209508895874, -1.014209508895874, -1.014209508895874, -1.014209508895874, -1.014209508895874, 0.0, 0.0, 0.0, 0.0, 0.0, -1.014209508895874, -1.014209508895874, -0.6370363831520081, 0.02477696215970224, 0.06952053405012851, 0.049751102852797914, 0.16378926492068646, 0.041055366894553295, 0.10354218448735318, 0.0581919890365547, 0.13876369427360294, 0.08843471918417045, 0.04694979560301676, 0.07243269980608784, 0.034347822058784346, 0.12418401593567607, 0.10200568896809321, 0.12699412301022509, 0.15941620978597193, 0.057980548920205696, 0.05063509286788675, 0.0351300072903351, 0.14692176368170684, 0.15326830799704894, 0.02334695895688558, 0.055333226339352996, 0.03363671232505545, 0.10731844362584499, 0.03206224312656872, 0.03643479842666701, 0.04669118244478746, 0.022373389751027, 0.12077275278195782, 0.07008333389878767, 0.031810068746129835, 0.025158550331226576, 0.1619428065131644, 0.05613418827388781, 0.1331688903135843, 0.11589664933371703, 0.09082746785488996, 0.1064348287428069, 0.1206803428887823]"
A2KUYYA021Y4KO,"[0.873304009437561, 0.0680110901594162, 0.0, 0.0340055450797081, 0.0340055450797081, 0.0, 0.0, 0.0, 0.0, 0.0, 0.0, 0.0, 0.0, 0.0340055450797081, 0.0340055450797081, 0.0340055450797081, 0.0, -0.8052929043769836, 0.0340055450797081, 0.0, -0.8052929043769836, 0.0340055450797081, 0.0340055450797081, 0.0, 0.0, 0.0, 0.0, 0.0, 0.0340055450797081, 0.0, 0.0340055450797081, 0.873304009437561, 0.0, 0.0, 0.0, 0.0340055450797081, 0.0, 0.0, 0.0, 0.0, 0.09414640253095113, 0.07222472594620481, 0.09539127443698764, 0.05462642180215161, 0.11978319645324463, 0.08959492886603072, 0.1568906253758717, 0.1487599258204612, 0.14310660195902075, 0.036288815271435536, 0.07744800260661311, 0.09336716797684994, 0.1601064710459867, 0.17554961371177463, 0.11999704131258802, 0.13329115938738426, 0.08528467476823666, 0.16194405167319958, 0.04365771663263478, 0.03256798415382958, 0.08856628419798357, 0.17966305194018772, 0.09935379667232969, 0.1116777371458806, 0.1626677746568841, 0.06179738281509512, 0.16171344920457909, 0.17323768046719598, 0.09536401433816175, 0.036887371051833234, 0.1379448055019998, 0.13205063428447295, 0.13564258112801017, 0.15276154569411976, 0.1226455222138135, 0.1626503714745607, 0.16335914445840233, 0.10082126694304755, 0.04623261308197122, 0.07021569216227211]"
A2KV46HMWY1YWB,"[9.566614151000977, 6.9270830154418945, 0.0, 0.9585474133491516, 9.566614151000977, 0.0, 9.566614151000977, 0.0, 0.9585474133491516, 6.9270830154418945, 0.13208797574043274, 1.0906354188919067, 1.0906354188919067, 6.9270830154418945, 8.740155220031738, 1.0906354188919067, 8.740155220031738, 2.903707981109619, 3.7301673889160156, 0.9585474133491516, 7.753542900085449, 0.9585474133491516, 3.5980796813964844, 0.0, 6.9270830154418945, 0.0, 0.0, 7.621453762054443, 0.13208797574043274, 0.9585474133491516, 0.8264594078063965, 8.740155220031738, 0.0, 0.0, 1.0906354188919067, 6.662905693054199, 1.9170948266983032, 1.0906354188919067, 8.740155220031738, 3.7301673889160156, 0.07719430348857045, 0.03874805959654867, 0.11062778448725459, 0.1838542378233698, 0.06122517105844041, 0.11842019696842618, 0.07964183401963598, 0.05144822429704768, 0.09454302484424133, 0.17112414090907235, 0.14187298674188503, 0.12022184640870531, 0.15843349889619113, 0.13155692983497524, 0.10140900932123036, 0.1368154175208271, 0.07185890170783722, 0.06948723611595828, 0.1452871403744381, 0.11863831763398255, 0.1351497081568098, 0.13250435341376096, 0.12145478197922853, 0.1719298534887692, 0.17638387388828444, 0.08015274060151613, 0.1609801047398551, 0.09501540247513018, 0.12588222854482436, 0.036511394863608354, 0.13831404226423327, 0.07936432290156754, 0.0773867225828388, 0.09623761071727908, 0.17101099280752716, 0.04760643935938025, 0.1099409203905223, 0.1320902315678564, 0.05181217016757861, 0.03842531550949517]"
A2KZH1QYHRJRB7,"[14.640872955322266, 23.0035400390625, 10.9700927734375, 2.470128059387207, 23.41819953918457, 1.3897993564605713, 23.097713470458984, 12.82701587677002, 0.2272700071334839, 13.32111644744873, 3.4210119247436523, 15.667454719543457, 5.408324241638184, 21.685760498046875, 14.26584243774414, 23.169536590576172, 15.593165397644043, 11.382304191589355, 15.39453125, 0.0, 23.538497924804688, 14.012436866760254, 11.55687427520752, 0.0, 20.63040542602539, 0.0, 0.12012024968862534, 11.022665023803711, 1.8747329711914062, 0.8939065933227539, 1.5196837186813354, 20.452451705932617, 0.12012024968862534, 0.0, 1.8656500577926636, 3.1339046955108643, 10.213239669799805, 13.127938270568848, 23.123659133911133, 11.712871551513672, 0.1384018311509201, 0.12404183418141844, 0.13095261982495773, 0.10174666838362077, 0.07291831191574068, 0.09499205394547817, 0.06207256368611621, 0.07352084199414326, 0.16571988962083084, 0.05457899651961693, 0.08904996174438252, 0.15026262575553348, 0.1294552554898874, 0.0923611615763836, 0.11851740389268982, 0.0668871063463607, 0.03860608049405621, 0.144464256829459, 0.06872735976098641, 0.16431821965919682, 0.12432907231444298, 0.07973815110148796, 0.0983121790974497, 0.1260699913964931, 0.11253318868057581, 0.1346816487351022, 0.09375322710071078, 0.08718911191328643, 0.1560735272815826, 0.16389524171678957, 0.16117753640033466, 0.1340266785490911, 0.08758317880991706, 0.0724195333760724, 0.061949534692270915, 0.06777398491849716, 0.17181017702098766, 0.12634321921878805, 0.1375289122910181, 0.08499281545140715]"
A2L5BRKS3Q0J0D,"[0.5473200678825378, 0.5473200678825378, 0.0, 0.5473200678825378, 0.5473200678825378, 0.0, 0.5473200678825378, 0.0, 0.5473200678825378, 0.5473200678825378, 0.0, 0.5473200678825378, 0.5473200678825378, 0.5473200678825378, 0.5473200678825378, 0.5473200678825378, 0.5473200678825378, 0.5473200678825378, 0.5473200678825378, 0.5473200678825378, 0.5473200678825378, 0.5473200678825378, 0.5473200678825378, 0.0, 0.5473200678825378, 0.0, 0.0, 0.5473200678825378, 0.0, 0.5473200678825378, 0.0, 0.5473200678825378, 0.0, 0.0, 0.5473200678825378, 0.0, 0.5473200678825378, 0.5473200678825378, 0.5473200678825378, 0.5473200678825378, 0.16034791159303824, 0.11784284031180323, 0.031214514439862603, 0.08856491866101669, 0.07234773825597632, 0.1670229991746026, 0.1697773658501183, 0.10042114392865585, 0.039545919452459784, 0.16809559151630254, 0.13032296698359674, 0.04328743749942129, 0.10047294730199609, 0.11035220459723098, 0.12051766206887972, 0.02735450865241852, 0.13727370155310076, 0.04821136749921477, 0.04201932195634774, 0.15651174641295162, 0.09965356696603814, 0.12987851436927472, 0.0553063966375961, 0.11526248835888732, 0.05559881901796359, 0.05802064454722029, 0.1562396656918977, 0.1115677247592439, 0.061421161057222506, 0.1060297947165106, 0.036691040308494335, 0.14579521715357996, 0.132577480560616, 0.0677945152022938, 0.050417025053673944, 0.11876035253401786, 0.08183843333744169, 0.07979790752820523, 0.06857005194462198, 0.051742226472057555]"
A2L6FOYXXFC3TX,"[1.0222734212875366, 1.0222734212875366, 0.0, 0.9122005701065063, 1.0222734212875366, 0.0, 1.0222734212875366, 0.0, 0.9122005701065063, 1.0222734212875366, 0.11007290333509445, 1.0222734212875366, 1.0222734212875366, 1.0222734212875366, 1.0222734212875366, 1.0222734212875366, 1.0222734212875366, 1.0222734212875366, 1.0222734212875366, 0.9122005701065063, 1.0222734212875366, 0.9122005701065063, 0.9122005701065063, 0.0, 1.0222734212875366, 0.0, 0.0, 0.9122005701065063, 0.11007290333509445, 0.9122005701065063, 0.0, 1.0222734212875366, 0.0, 0.0, 1.0222734212875366, 0.0, 1.0222734212875366, 1.0222734212875366, 1.0222734212875366, 1.0222734212875366, 0.09287032377252497, 0.05413583386625042, 0.08428830695309195, 0.04488970125609733, 0.14876928226619332, 0.0536220724258024, 0.17799324086534085, 0.17529147168244158, 0.041575497136984864, 0.10854822379235768, 0.1050409145985947, 0.1684038641856926, 0.11421518616102776, 0.08930616273111132, 0.13490313687154107, 0.1441233352030378, 0.0690738511559587, 0.05193351313316017, 0.13782200369989445, 0.09843142583357946, 0.16229770965918797, 0.12494925366927273, 0.031033963525228397, 0.16961982270804205, 0.09952496598525133, 0.11439232304618768, 0.04446116380121839, 0.13475595389704498, 0.15657325347449108, 0.10439258549106523, 0.13529965556420662, 0.12323514784688971, 0.1118438722094182, 0.0383183984873837, 0.10296045875991416, 0.041743058533219836, 0.10147449377505854, 0.11489391708036337, 0.0868037397638319, 0.16777949443828555]"
A2L7E955AXRHRA,"[6.650360584259033, 6.82647705078125, -2.1826491355895996, 0.0, 4.64382791519165, 0.0, 2.461178779602051, 3.413238525390625, 1.2305893898010254, 6.650360584259033, 3.237122058868408, 6.82647705078125, 0.0, 6.82647705078125, 0.0, 2.461178779602051, 6.650360584259033, 3.413238525390625, 6.650360584259033, 0.0, -2.1826491355895996, 0.1761167049407959, 1.2305893898010254, 0.0, 3.413238525390625, 0.0, 0.0, 3.589355230331421, -2.1826491355895996, 0.0, 3.413238525390625, 4.64382791519165, 0.0, 0.0, 3.413238525390625, 3.589355230331421, 3.237122058868408, 0.0, 4.64382791519165, 6.82647705078125, 0.13318220871687855, 0.14472316126947718, 0.16894906847472357, 0.17622144380594726, 0.17165525380554597, 0.10275782131025596, 0.07028578058376068, 0.15467183964021058, 0.10702003800162371, 0.09848482426271842, 0.04664691141519485, 0.12531935776433462, 0.05107180920733317, 0.04861496552184439, 0.04617142209471872, 0.16629271097052775, 0.11830329290511941, 0.11409176830120465, 0.04286358522704158, 0.0957754959294114, 0.1042696237820429, 0.0813303558366597, 0.161437015003709, 0.12321984378975073, 0.06212417181257011, 0.06466599355146589, 0.0717470510847562, 0.14318778020590914, 0.07174540297630073, 0.05815168211209365, 0.033532866322408, 0.04706284521311144, 0.13560629600484453, 0.11399810330500339, 0.07191444826720467, 0.1100852655451381, 0.10486744019136855, 0.1506874916471185, 0.07411400770468657, 0.0334345475694372]"
A2LAS014NSRW72,"[5.448359489440918, 4.246781349182129, 5.3508501052856445, 4.437061309814453, 4.990586280822754, 0.022615350782871246, 5.4416608810424805, 3.5853633880615234, 3.4335718154907227, 4.377225875854492, -0.47320741415023804, 2.54146409034729, 4.496054649353027, 4.730415344238281, 5.487166404724121, 4.312439441680908, 4.064609527587891, 2.4010109901428223, 5.494105815887451, -0.18854793906211853, 5.3900322914123535, 3.9764671325683594, 5.876829147338867, 0.8513501882553101, 5.483636379241943, 0.0, 0.258533239364624, 4.3727803230285645, 3.8074874877929688, 3.34964656829834, 3.6211400032043457, 5.630402565002441, 0.19954359531402588, 0.08016257733106613, 2.9880423545837402, 4.167641639709473, 1.863637089729309, 0.1379934847354889, 5.300502300262451, 5.296140670776367, 0.06306816508882505, 0.03865567954135157, 0.0420637723457645, 0.1530692987070601, 0.11351680951471588, 0.023641684340662415, 0.10484402104831943, 0.07882043540565192, 0.06805138560969723, 0.026880738298347195, 0.1005236143520931, 0.12426241786413264, 0.1443120723195966, 0.032714414646008175, 0.1371777419788464, 0.13826314508215168, 0.06670994640909113, 0.0894978551533208, 0.0970837494735331, 0.13720028606805626, 0.07446945083651185, 0.012537079392632045, 0.1129905619626988, 0.03837356021389283, 0.11644654654074173, 0.09994043078022732, 0.11512951901809353, 0.07200676147850048, 0.1392608474995249, 0.0276008991219825, 0.10432424411349468, 0.03313965149135612, 0.10124309278192767, 0.06864297497980851, 0.1310252452074187, 0.04035129374715143, 0.08481396790878698, 0.10950943906386765, 0.08235764727475783, 0.08405809972873926]"
A2LFGBMPZPSAMV,"[5.9473557472229, 6.3333234786987305, 8.442224502563477, 1.3899911642074585, 6.3333234786987305, 0.893950343132019, 9.048338890075684, 1.0040234327316284, 0.0, 8.044315338134766, 0.893950343132019, 8.938265800476074, 5.837283134460449, 5.837283134460449, 6.44339656829834, 5.9473557472229, 5.837283134460449, 1.0040234327316284, 5.837283134460449, 0.893950343132019, 5.837283134460449, 4.943332195281982, 5.837283134460449, 4.943332195281982, 6.44339656829834, 0.893950343132019, 0.893950343132019, 5.837283134460449, 0.893950343132019, 0.893950343132019, 5.525811195373535, 5.9473557472229, 0.893950343132019, 0.0, 0.893950343132019, 5.837283134460449, 4.943332195281982, 5.439373016357422, 15.374299049377441, 5.9473557472229, 0.13121744471078586, 0.13636661635044287, 0.1666005385748642, 0.15011146051596652, 0.15049392237642167, 0.1642373064321049, 0.13372198766497753, 0.04221607220010648, 0.15586589547941526, 0.05122051255471019, 0.11312608485380689, 0.1496332518684341, 0.15550789205240845, 0.03475019243229175, 0.13440708567764792, 0.050121996160997766, 0.14387718289816126, 0.132115538045967, 0.15750321657538224, 0.04628110090434636, 0.11073923232670013, 0.053592902110285855, 0.044460337072863856, 0.15959238722727145, 0.07189044031452475, 0.07827885994244645, 0.04564865740680483, 0.15802998150953468, 0.12555714513470398, 0.15010088067594204, 0.10962608710414512, 0.17782802844979162, 0.11772527604931086, 0.029845379119424906, 0.055188603729925526, 0.14241390806158719, 0.08899251572257241, 0.038975716715960215, 0.1569544584796011, 0.14715615790354444]"
A2LK2NPDGPG9BS,"[5.919381141662598, 4.578256607055664, 1.341124415397644, 0.0, 5.919381141662598, 0.0, 5.919381141662598, 1.6185660362243652, 1.6185660362243652, 5.919381141662598, 2.959690570831299, 4.578256607055664, 1.341124415397644, 5.919381141662598, 2.682248830795288, 4.578256607055664, 5.919381141662598, 1.6185660362243652, 4.578256607055664, 0.0, 2.682248830795288, 1.341124415397644, 2.959690570831299, 0.0, 4.300814628601074, 1.341124415397644, 0.0, 4.300814628601074, 0.0, 0.0, 2.959690570831299, 5.919381141662598, 0.0, 0.0, 1.6185660362243652, 4.300814628601074, 2.959690570831299, 1.341124415397644, 5.919381141662598, 4.578256607055664, 0.15258954758187956, 0.03903479423641146, 0.15433802434517244, 0.054528131678813006, 0.1383305049379471, 0.03770815227739237, 0.07778738355228472, 0.12455359398739725, 0.141892596817055, 0.11537532295825129, 0.10463403087414294, 0.14214106353695682, 0.014811237005396454, 0.1258708999524672, 0.04588180205552013, 0.03416383079338873, 0.12713584640134734, 0.10803581145992941, 0.039073799378488996, 0.08675130459688388, 0.11183200876749337, 0.12935112537501312, 0.01978254749160268, 0.03612959900273166, 0.12435544677033167, 0.1598156775635952, 0.15205532395416493, 0.08373153189636293, 0.07357808587383248, 0.12412009075776678, 0.05251776001867008, 0.1497596884374586, 0.11840811558417762, 0.12619981472345168, 0.08458644874087512, 0.028562163617798977, 0.08206377728023269, 0.032580133769051105, 0.08318882295540227, 0.14163766480960882]"
A2LW5AL0KQ9P1M,"[11.894301414489746, 12.428756713867188, 7.931130886077881, 11.161020278930664, 15.075088500976562, 1.6258368492126465, 14.086502075195312, 11.917033195495605, 6.7023186683654785, 12.45749282836914, 2.2056784629821777, 11.690479278564453, 9.99286937713623, 16.239389419555664, 12.644076347351074, 14.104606628417969, 12.775853157043457, 14.496868133544922, 15.328754425048828, 0.35598453879356384, 14.082868576049805, 13.074468612670898, 13.043497085571289, 3.0715725421905518, 11.3046236038208, 0.15029558539390564, -0.8938699960708618, 11.304064750671387, 10.099054336547852, 6.043500900268555, 7.678360939025879, 12.54078483581543, 0.5347155332565308, 0.15397095680236816, 11.150764465332031, 5.413578987121582, 12.328439712524414, 11.528948783874512, 13.87051010131836, 12.842676162719727, 0.10932245548935128, 0.13983570779156906, 0.10394930009666334, 0.1481454878458051, 0.05964237808625529, 0.10310422236086617, 0.06666871587504135, 0.12259791028012945, 0.1049467358444034, 0.03246672257468676, 0.1392131310742977, 0.13666387906057623, 0.09373733676590629, 0.0569461309352545, 0.051153696539103795, 0.1555594133038295, 0.15082541683088443, 0.10107943389048786, 0.07653110096129123, 0.1472387393926065, 0.08367928036955978, 0.10396423179503994, 0.14158624226518293, 0.05950933550869182, 0.08427498867030345, 0.03299704903524945, 0.11552858001794854, 0.03144929472762347, 0.034483313459031883, 0.012712777648064017, 0.05119557303694292, 0.03945285253878356, 0.09324963466082967, 0.13022185319484383, 0.1116510019904299, 0.06205894545662117, 0.06971618482954052, 0.13937036026122693, 0.03929743329688645, 0.06727729656669201]"
A2LY3LPGRERLPW,"[17.011493682861328, 19.162811279296875, 11.23568058013916, 7.091345310211182, 11.001105308532715, 3.8970396518707275, 8.370195388793945, 5.115848541259766, 8.611799240112305, -3.853530168533325, 4.252589225769043, 2.929783582687378, 11.67369556427002, 11.568114280700684, 11.340370178222656, 10.494979858398438, 2.538050413131714, 0.20720185339450836, 8.720646858215332, 3.824078321456909, 11.173608779907227, 8.978535652160645, 11.568114280700684, 3.308647394180298, 12.1837797164917, 3.824078321456909, 4.252589225769043, 12.065428733825684, -2.461871862411499, 0.3077341318130493, -4.112111568450928, 16.291980743408203, 3.824078321456909, 0.0, 3.1425297260284424, 8.979475975036621, -0.398366242647171, 6.292533874511719, 11.568114280700684, 11.246569633483887, 0.09027100703437864, 0.13014543132841686, 0.12206919646249362, 0.04477916499348301, 0.07642208941010521, 0.14159215535283967, 0.043821537563393326, 0.052429954559622176, 0.13246438599862578, 0.06367060905206448, 0.07915013575834609, 0.13449793107718414, 0.055391837839423544, 0.09453616959426507, 0.08060120668875895, 0.13422339570722738, 0.16082781684039504, 0.1254670220688604, 0.1758562456976145, 0.10619496498747903, 0.08745950137964995, 0.06578044732921266, 0.08347429086632369, 0.1168830001152053, 0.17033882936184386, 0.0963071951761246, 0.08774329617501021, 0.04036029380437713, 0.13805381794847463, 0.05073869489524662, 0.03954547898722163, 0.08321106517290236, 0.15337957512125516, 0.14857398357343615, 0.11748651484394093, 0.14298077468963832, 0.03346965319873615, 0.04421660890850005, 0.0954858541317698, 0.05562937935476096]"
A2M0OIN5678XKQ,"[5.262674808502197, 1.9542217254638672, 7.849308013916016, -2.181607723236084, 6.721411228179932, 0.0, 10.961065292358398, 0.10450482368469238, -0.8273763060569763, 9.802848815917969, 2.7815980911254883, 5.262674808502197, 6.917428016662598, 8.975473403930664, 11.26158618927002, 5.262674808502197, 8.376163482666016, -2.181607723236084, 8.975473403930664, 0.0, 5.262674808502197, 6.09005069732666, 5.262674808502197, 4.135829448699951, 6.721411228179932, 4.135829448699951, -1.354231595993042, 6.917428016662598, -0.7228714823722839, -1.354231595993042, 2.7815980911254883, 11.26158618927002, 0.0, 0.0, -1.354231595993042, 5.262674808502197, 6.09005069732666, 6.917428016662598, 10.434209823608398, 8.975473403930664, 0.047331780849193136, 0.1260312188254389, 0.13586269979845098, 0.07159507175290276, 0.06441863946660148, 0.1105209848166285, 0.14127728947294796, 0.05680089952792512, 0.17334564676420203, 0.03476518481240274, 0.17490956456879395, 0.07578892301139577, 0.05903180372472013, 0.08943226801237492, 0.12280514183004676, 0.15824799351132196, 0.10521127020944741, 0.137438962434951, 0.09247704891619485, 0.034741294092327075, 0.15797264071755257, 0.1666336980196962, 0.06568819445666162, 0.08715194509113419, 0.1690594862191422, 0.09609248160785248, 0.16740247752118373, 0.17277427322182992, 0.10360251350068779, 0.12437466600044736, 0.13676182111888033, 0.17657383449609512, 0.11260648076692045, 0.1604285234933887, 0.15988276159314344, 0.10338197437433824, 0.16722594771844956, 0.05098182957614035, 0.11506928781574481, 0.04717337727067652]"
A2M1OW141Y5WSN,"[-2.7115182876586914, 5.508640289306641, -4.564217567443848, -4.371432304382324, -2.578329086303711, -0.056422919034957886, -1.4374620914459229, 0.5841755867004395, 0.4915847182273865, -0.19833976030349731, 0.0784190446138382, 2.717402935028076, 7.3412604331970215, -2.7115182876586914, -6.960295677185059, -1.186071515083313, 0.02199612185359001, 7.425102233886719, 3.2855772972106934, 0.0, -1.364420771598816, 0.0, -2.7967255115509033, 0.0, 1.6860535144805908, 0.0, -4.555203437805176, -0.13135960698127747, 7.884376525878906, -8.816081047058105, -2.5534896850585938, 5.508640289306641, 5.499691963195801, 0.0, -4.429640293121338, -1.6810945272445679, 0.16525745391845703, 5.603412628173828, 3.2376174926757812, 2.4102063179016113, 0.12470939035215851, 0.10545762773403418, 0.0469277775938123, 0.0036670241696238532, -0.004797331774033671, 0.12260757428406584, -0.0016907326542031766, 0.07478840355610542, 0.0293492309813836, 0.08538150785598103, 0.027357750833454993, 0.01901895169872594, 0.10943376142053368, 0.0011251388157692197, 0.05726940966497116, 0.1181304930024507, 0.09830393023678641, 0.10505750422280304, 0.038488320095065656, 0.01677527374576366, 0.1238281289787774, 0.07309098868969634, 0.026616530706207352, 0.11727432554748575, 0.017584553392949287, 0.0012751387312960657, 0.13202873129115264, 0.00910739183264928, 0.0855730727479934, 0.07425739430255636, 0.050870892986820127, 0.0883795433718258, 0.11912817528425489, 0.013693034786757968, 0.06625136160088112, 0.07229235485043717, 0.10085174306245898, 0.05482622425999642, 0.10275368851977155, 0.11409286538583548]"
A2MJ8OL2FYN7CW,"[13.424181938171387, 10.535088539123535, 14.003947257995605, 3.6203255653381348, 14.808887481689453, 3.350580930709839, 15.359050750732422, 4.619147300720215, 6.656673908233643, 13.229116439819336, 2.431807041168213, 13.5260591506958, 3.9252493381500244, 13.434454917907715, 7.003941535949707, 11.543335914611816, 9.396211624145508, 5.710870742797852, 12.340032577514648, 1.063899278640747, 7.556529998779297, 6.807012557983398, 15.306154251098633, 2.949246406555176, 8.918530464172363, 1.063899278640747, 2.756420612335205, 7.104414939880371, 7.885615825653076, 2.1450510025024414, 0.05349457263946533, 12.896673202514648, 2.56105375289917, 0.0261086393147707, 9.534894943237305, 11.987186431884766, 8.254507064819336, 5.881596565246582, 14.866554260253906, 14.39390754699707, 0.020569472829184244, 0.0784487994794206, 0.10224517946861877, 0.11895525966576381, 0.08209916030925836, 0.12394381522747949, 0.02960688802439616, 0.10167876706067104, 0.15519866074088348, 0.10336965956952038, 0.17286850457679856, 0.13203032434130468, 0.02157022509935456, 0.08004912575743987, 0.09072797172841339, 0.1125066123593512, 0.12248539040216268, 0.08553440975356004, 0.03561201273911962, 0.035235356527179865, 0.06983195314390488, 0.05927026687556203, 0.07516781501107132, 0.11444958770828444, 0.09014316193661402, 0.11526230299066186, 0.02101588336135934, 0.04565676189028064, 0.04591478932500497, 0.05421058894771891, 0.10760829514688904, 0.030184178453377623, 0.13658346595503398, 0.057388966985841186, 0.09722267292308193, 0.08866808161587729, 0.1518952248988589, 0.11649261412240998, 0.0902546220263234, 0.15172281135200644]"
A2MOJFGIAPOQQ3,"[14.849575996398926, 14.849575996398926, 14.848276138305664, 14.249652862548828, 14.849575996398926, 0.6539753675460815, 14.64587688446045, 12.049539566040039, 13.592299461364746, 14.396997451782227, 0.7784891128540039, 6.055286407470703, 14.849575996398926, 13.631057739257812, 14.849575996398926, 13.210330963134766, 14.849575996398926, 2.2617390155792236, 14.849575996398926, 0.6539753675460815, 14.849575996398926, 14.849575996398926, 14.329952239990234, 2.151777744293213, 14.849575996398926, 0.0, 0.44467055797576904, 13.759245872497559, 11.20292854309082, 14.849575996398926, 14.849575996398926, 14.849575996398926, -0.467613160610199, 0.0, 14.849575996398926, 14.849575996398926, 10.402647972106934, 4.346470832824707, 14.849575996398926, 14.849575996398926, 0.10547460793182757, 0.11829763180568534, 0.02129578133726577, 0.13068533033268998, 0.10857321302709072, 0.08319879143679865, 0.08097007917826769, 0.08364828530121829, 0.11589312908665912, 0.06413799674945421, 0.08935312031968343, 0.026468803684897426, 0.024280536383520044, 0.11564897879536615, 0.1686623934674921, 0.042058132591168654, 0.05226375732453862, 0.10346211883555818, 0.15172754127287238, 0.15299775325933168, 0.044098906895217144, 0.12666751287790337, 0.08980550607690019, 0.06468231257604011, 0.09213789107579796, 0.01989228485722395, 0.14246846786592784, 0.09636957200370251, 0.0731371653370104, 0.11552742590106822, 0.1559300525928908, 0.1095941100270228, 0.06020592464946094, 0.15025950764382115, 0.09275941040873378, 0.09864824657741633, 0.03005207841296399, 0.1345937056098075, 0.15675579688501112, 0.09372968071930565]"
A2MTXSVB9MC8IO,"[3.6082000732421875, 1.090890884399414, 0.0, 0.0, 1.090890884399414, 0.0, 1.090890884399414, 2.5173091888427734, 0.0, 2.5173091888427734, 0.0, 1.090890884399414, 0.0, 1.090890884399414, 3.6082000732421875, 0.0, 0.0, 1.090890884399414, 1.090890884399414, 2.5173091888427734, 1.4264183044433594, 2.5173091888427734, 1.090890884399414, 0.0, 0.0, 0.0, 0.0, 1.090890884399414, 1.090890884399414, 0.0, 0.0, 1.090890884399414, 0.0, 0.0, 0.0, 0.0, 1.090890884399414, 0.0, 3.6082000732421875, 0.0, 0.11283946811847784, 0.04658098453230709, 0.030094778834940557, 0.09241453216776702, 0.13556443960477316, 0.02407379312420904, 0.04661218851959293, 0.13747062392555426, 0.031904961341553434, 0.07447213494006409, 0.029715636803839002, 0.04275751800240445, 0.10294908950647748, 0.1370572633846168, 0.14174326659476646, 0.16778390155302306, 0.09186305451047648, 0.13605473581708907, 0.14833859305327135, 0.06863090391952707, 0.1681659606668928, 0.08087191063342909, 0.10497047867462458, 0.15810407030645224, 0.1725686674605722, 0.04634430842953941, 0.1666241185362109, 0.08515131333670417, 0.16020277989605547, 0.031556103779709944, 0.06741546909528838, 0.13073286632748643, 0.10231532914648603, 0.05047628703309671, 0.08415679941437007, 0.03789129779610645, 0.07408995304091655, 0.1308112088555051, 0.0234446889237194, 0.04664830853741691]"
A2MWTIZYINA2MH,"[13.606746673583984, 13.770240783691406, 13.44325065612793, 0.0, 13.606746673583984, 0.0, 13.770240783691406, 0.0, 0.0, 2.8084874153137207, 0.0, 2.6449921131134033, 13.606746673583984, 13.44325065612793, 13.44325065612793, 13.44325065612793, 13.44325065612793, 11.125249862670898, 13.44325065612793, 0.0, 13.606746673583984, 2.6449921131134033, 13.44325065612793, 2.481496810913086, 13.770240783691406, 0.0, 0.0, 13.44325065612793, 10.961753845214844, 0.0, 0.0, 2.481496810913086, 0.0, 0.0, 10.961753845214844, 2.481496810913086, 13.44325065612793, 2.481496810913086, 13.606746673583984, 13.44325065612793, 0.04366566744688278, 0.1669423882523757, 0.024856391080995997, 0.05995337138035178, 0.038653831018919546, 0.06878548811411, 0.09616690103142454, 0.1525096002536786, 0.12560690608317712, 0.10318996760537416, 0.13288660809962624, 0.055460293706615094, 0.13214786489619768, 0.031550587420028954, 0.05849675849036716, 0.16337379986784575, 0.1582742572500593, 0.099593362297838, 0.14748845819681042, 0.03591108151445627, 0.09654164231549593, 0.0540435554372484, 0.12777043728831836, 0.13236975963859152, 0.12968362453274515, 0.04166417742179685, 0.02424893886821151, 0.12453284091752466, 0.06643037251969151, 0.03551293873683757, 0.02575857309967101, 0.1419993926935136, 0.15436988862771236, 0.16720907734692253, 0.04483077503377333, 0.04852490102191446, 0.14936816807722295, 0.05131214454236972, 0.13458309847793135, 0.042086158768646326]"
A2MWZ6TCFPWTPH,"[-2.1865129470825195, -2.1865129470825195, -1.0937018394470215, -0.5464054346084595, -3.892735481262207, 0.0, -3.0672059059143066, -2.5208005905151367, -0.5464054346084595, -1.092810869216919, 0.0, -1.092810869216919, -0.5464054346084595, -1.6401073932647705, -3.0672059059143066, -2.1865129470825195, -3.0672059059143066, -0.5464054346084595, -1.092810869216919, -0.5464054346084595, -1.092810869216919, -1.092810869216919, -2.1865129470825195, 0.0, -3.0672059059143066, 0.0, 0.0, -1.092810869216919, -1.9743951559066772, -0.5464054346084595, 0.0, -4.160907745361328, 0.0, 0.0, -1.6401073932647705, 0.0, -1.092810869216919, -0.5464054346084595, -3.0672059059143066, -1.092810869216919, 0.1241050756873641, 0.11632349346156926, 0.08970782434833592, 0.11967865518252531, 0.0293416635194043, 0.06698699453525488, 0.1492434947582606, 0.09038966037401744, 0.16954992782332956, 0.14122908644013946, 0.16681602157174874, 0.13119798540408642, 0.09871584982990482, 0.03858404048339612, 0.16803869354446163, 0.12803212827282737, 0.08706814214839485, 0.10057710016066534, 0.03672500661759448, 0.05153395925724029, 0.07243641555549125, 0.07481313734328142, 0.03744743334152449, 0.15556296095077538, 0.04194762933211406, 0.10731805215186314, 0.049831492081537435, 0.06638146076559452, 0.027781011320318287, 0.07314726795674677, 0.10650766391369994, 0.04255538021068721, 0.0804792274377934, 0.057046843351334094, 0.041653473662464746, 0.1026956938904719, 0.03601113838612805, 0.04934130072104925, 0.1515024166053814, 0.10714220155182962]"
A2MX559LDZAQ5Q,"[19.799562454223633, 19.799562454223633, 19.799562454223633, 15.345402717590332, 19.799562454223633, 14.615641593933105, 19.799562454223633, 0.0, 0.7297623753547668, 15.345402717590332, 0.0, 16.075164794921875, 19.799562454223633, 19.799562454223633, 19.799562454223633, 19.799562454223633, 19.799562454223633, 19.799562454223633, 19.799562454223633, 0.7297623753547668, 19.799562454223633, 0.7297623753547668, 19.799562454223633, 0.0, 19.799562454223633, 0.0, 0.0, 19.799562454223633, 19.799562454223633, 15.345402717590332, 14.615641593933105, 19.799562454223633, 0.0, 0.0, 19.799562454223633, 0.0, 16.075164794921875, 15.345402717590332, 19.799562454223633, 19.799562454223633, 0.048220854226507, 0.15928621762403977, 0.14594737173358796, 0.049437156845958896, 0.10087922031283093, 0.17297934866109455, 0.12350876855608219, 0.10209493214837159, 0.1519013356292645, 0.07131795482373268, 0.11260225939313466, 0.04565461691281101, 0.05121054879397188, 0.11827797752077933, 0.08157438596012817, 0.1559692516450086, 0.08181765423838674, 0.07299293988041188, 0.0880543597637451, 0.12924065928869774, 0.08250961615048846, 0.1668635895492799, 0.060039736131243096, 0.13708639587527674, 0.036018385222324895, 0.10948215795517713, 0.1075630217431707, 0.07337512066728193, 0.13020724019042254, 0.05098589289584449, 0.1576077197864495, 0.031120012548730328, 0.10286640897987194, 0.16623750325037898, 0.10674958287281447, 0.12507532313026792, 0.10227379266395076, 0.10782315206495642, 0.09011812332971018, 0.029473973877280676]"
A2N0CVZO3GPQ45,"[0.19178684055805206, 0.19178684055805206, 0.0, 0.19178684055805206, 0.19178684055805206, 0.0, 0.19178684055805206, 0.19178684055805206, 0.19178684055805206, 0.19178684055805206, 0.19178684055805206, 0.0, 0.19178684055805206, 0.19178684055805206, 0.19178684055805206, 0.19178684055805206, 0.19178684055805206, 0.19178684055805206, 0.19178684055805206, 0.0, 0.19178684055805206, 0.19178684055805206, 0.19178684055805206, 0.0, 0.19178684055805206, 0.0, 0.0, 0.0, 0.19178684055805206, 0.0, 0.0, 0.19178684055805206, 0.0, 0.19178684055805206, 0.0, 0.19178684055805206, 0.19178684055805206, 0.0, 0.19178684055805206, 0.19178684055805206, 0.0949775774900916, 0.0895969872924459, 0.03253950583725592, 0.16278076893406235, 0.16019086310861336, 0.15938595084268997, 0.03441052771177675, 0.1447852614024229, 0.08966727469921425, 0.050752339353205514, 0.12195165649492269, 0.14623949086837304, 0.09511606282649117, 0.15561611578586892, 0.06115677607163177, 0.13363058714092055, 0.027475344508094923, 0.07492180247260358, 0.050384985545029265, 0.02242847011774862, 0.159452952829678, 0.08307429095327915, 0.022475488775593935, 0.022387019479052632, 0.01694955543012772, 0.05402467050031246, 0.12957444875600535, 0.11553084291964266, 0.06233481009796839, 0.1110081115698804, 0.1029087216358539, 0.06012134779738195, 0.10345878395502427, 0.056959339763673185, 0.11909026279582781, 0.03383814108161633, 0.09832458021022444, 0.029307043767577944, 0.06849348437620646, 0.07997906856912297]"
A2N4OUX2ORC859,"[-1.354212999343872, -1.354212999343872, 0.0, -1.354212999343872, -1.354212999343872, 0.0, -1.354212999343872, 0.0, -1.354212999343872, -1.354212999343872, 0.0, -1.354212999343872, 0.0, -1.354212999343872, 0.0, -1.354212999343872, 0.0, 0.0, -1.354212999343872, 0.0, -1.354212999343872, -1.354212999343872, -1.354212999343872, 0.0, -1.354212999343872, 0.0, 0.0, 0.0, 0.0, 0.0, 0.0, -1.354212999343872, 0.0, 0.0, 0.0, -1.354212999343872, -1.354212999343872, 0.0, -1.354212999343872, -1.354212999343872, 0.08243393609858174, 0.03854456096680376, 0.09459775278459143, 0.13030410384893606, 0.1312861752906662, 0.16957629798787305, 0.1748109436696873, 0.08388745087588409, 0.15553521378642374, 0.04820830273210585, 0.17679391555174534, 0.09035565614197544, 0.06917064149628066, 0.05905275939627418, 0.09940839581773683, 0.08747568634404149, 0.10096468840224086, 0.07799897751868917, 0.17491109233673888, 0.17476200743235512, 0.0537710552992387, 0.057823585977888226, 0.06421988583485203, 0.15469357036496978, 0.0913932975352615, 0.18175006999817553, 0.07842181400574759, 0.12221100617924598, 0.12938182412006213, 0.10799727441354472, 0.09417332572491224, 0.10145340089386858, 0.0610157503101741, 0.10224630635093991, 0.06665483139209531, 0.09932481827656234, 0.041847526875994294, 0.037077786711400995, 0.10025058463269548, 0.13151142136511915]"
A2N52EPR60UCHN,"[0.45265525579452515, 0.45265525579452515, 0.6539797782897949, 0.25133076310157776, 0.45265525579452515, 0.45265525579452515, 0.25133076310157776, 0.0, 0.45265525579452515, 0.25133076310157776, 0.45265525579452515, 0.45265525579452515, 0.6539797782897949, 0.45265525579452515, 0.25133076310157776, 0.45265525579452515, 0.45265525579452515, 0.45265525579452515, 0.45265525579452515, 0.6539797782897949, 0.6539797782897949, 0.45265525579452515, 0.45265525579452515, 0.0, 0.6539797782897949, 0.0, 0.6539797782897949, 0.45265525579452515, 0.6539797782897949, -0.2013244926929474, 0.45265525579452515, 0.45265525579452515, 0.0, 0.0, 0.45265525579452515, 0.45265525579452515, 0.6539797782897949, 0.6539797782897949, 0.45265525579452515, 0.45265525579452515, 0.08988431073073228, 0.16910823550148488, 0.07322835081728217, 0.14334632375876794, 0.13410880847291887, 0.169714996864619, 0.04449737389872446, 0.1313874184675694, 0.13506843448938366, 0.039299705419875375, 0.05593360013458857, 0.11340237286971817, 0.12850853637282114, 0.1383772893349481, 0.064802485291685, 0.03279267369235988, 0.10507017251904958, 0.06560963885445202, 0.0688930350890688, 0.1382209604772971, 0.03242312607082002, 0.14279058409725814, 0.10760017278921538, 0.0283898379119134, 0.02962905075833761, 0.09958592723864201, 0.10663459824658321, 0.02745996538016458, 0.041062824398849646, 0.08964639170004812, 0.09573979202966103, 0.1076920420505153, 0.13157249818526814, 0.1475528394316863, 0.026740154763451165, 0.11361686210431689, 0.049415462251001074, 0.04942689800587807, 0.14018893856408562, 0.057742550958945704]"
A2NAS3M5B7Z8Q3,"[0.925989031791687, 0.925989031791687, 0.925989031791687, 0.925989031791687, 0.925989031791687, 0.0, 0.925989031791687, 0.0, 0.925989031791687, 0.925989031791687, 0.0, 1.851978063583374, 0.925989031791687, 0.925989031791687, 0.925989031791687, 1.851978063583374, 0.925989031791687, 0.925989031791687, 0.925989031791687, 1.851978063583374, 0.925989031791687, 0.925989031791687, 0.925989031791687, 0.0, 1.851978063583374, 0.0, 0.0, 1.851978063583374, 0.0, 0.925989031791687, 0.0, 0.925989031791687, 0.0, 0.0, 0.925989031791687, 0.0, 1.851978063583374, 0.925989031791687, 1.851978063583374, 0.925989031791687, 0.08567155071474827, 0.0197345461125618, 0.13210171647616153, 0.025349167425406993, 0.052629088238590145, 0.14619623037068624, 0.12959411910378985, 0.02422373950360306, 0.06883307804156213, 0.07771894308709165, 0.1032152739731941, 0.11510835321169782, 0.16604791296856544, 0.14867203770430976, 0.10709710907948897, 0.031764273981758295, 0.08016270995346989, 0.07737480333392749, 0.14314616836492863, 0.08106744619587823, 0.1377677510072116, 0.07259495298853114, 0.1233069762893246, 0.09438243975818021, 0.14791605254585116, 0.04075343842301451, 0.10276544660277898, 0.12257279684638137, 0.0771308085875509, 0.03552237297641071, 0.0888795687370899, 0.05020306861260262, 0.025553192444590013, 0.10874038592218394, 0.049541538275779826, 0.09882202699372458, 0.15197311587681642, 0.10859500760387036, 0.14241039515320322, 0.16021084169311642]"
A2NH58DY5F0XSZ,"[0.0, 0.0, 0.0, 0.0, 0.0, 0.0, 0.0, 0.0, 0.0, 0.0, 0.0, 0.0, 0.0, 0.0, 0.0, 0.0, 0.0, 0.0, 0.0, 0.0, 0.0, 0.0, 0.0, 0.0, 0.0, 0.0, 0.0, 0.0, 0.0, 0.0, 0.0, 0.0, 0.0, 0.0, 0.0, 0.0, 0.0, 0.0, 0.0, 0.0, 0.1140734947313888, 0.028003030461561013, 0.10622578360187437, 0.09495449873982187, 0.03470973343366891, 0.0750296557908545, 0.1589226512111902, 0.11695729181489914, 0.1506345083649808, 0.05732045894965499, 0.1234219692674825, 0.14870267049707567, 0.08937332539405843, 0.0960140332806384, 0.09002219074689495, 0.05107471283437533, 0.06402922419396641, 0.02676397944482123, 0.0501325001702371, 0.06908381338177973, 0.1324481844914607, 0.12439165256426132, 0.03599240245152395, 0.17438885917943392, 0.06883475746409366, 0.1502572637388666, 0.11405206711439769, 0.13107373049948196, 0.14136427228047801, 0.07914278523026837, 0.12367581915402433, 0.1731264621350834, 0.12893388176635256, 0.11189210292033523, 0.16861287245430343, 0.13890076438283122, 0.05575299071238674, 0.1563789645575648, 0.11720853392576785, 0.04849771671177901]"
A2NN6H2RZENG24,"[16.278932571411133, 11.629127502441406, 14.163032531738281, 5.814436435699463, 13.881294250488281, 0.37411072850227356, 13.878202438354492, 0.575619637966156, 2.9533140659332275, 2.2712011337280273, 0.5848512053489685, 7.603002548217773, 12.61650276184082, 14.102431297302246, 13.676640510559082, 11.343575477600098, 8.84624195098877, 13.66023063659668, 14.420358657836914, 1.474445104598999, 14.155613899230957, 1.685185432434082, 13.89505386352539, 0.0, 15.43065071105957, 0.0, 0.37411072850227356, 11.015445709228516, 12.352424621582031, 1.7557201385498047, 0.6956040859222412, 5.681211948394775, 0.0, 0.0, 15.343358993530273, 1.5500502586364746, 12.453084945678711, 2.1577253341674805, 15.26220703125, 14.110475540161133, 0.16590194171662048, 0.0876964776743561, 0.08003815087089566, 0.10359504574911776, 0.14546385616694116, 0.17258886459655218, 0.1034981638739504, 0.13955406976590568, 0.13567134650724919, 0.06079983273997347, 0.09705447223994451, 0.13035224660867914, 0.12164446773226639, 0.026091246881871137, 0.1366072491147881, 0.07008386254728387, 0.028635767061991044, 0.12679166332280845, 0.1528697615735775, 0.05067821568761733, 0.12785685040068262, 0.12180668648518155, 0.06115750541654131, 0.026530477134357567, 0.06778963629433016, 0.03469997025015502, 0.018781841802925883, 0.06222209741297417, 0.14958520510023254, 0.16712922599440536, 0.07772748880847738, 0.13203343699741912, 0.11191860092278742, 0.13466163996038386, 0.0465691300206822, 0.0773490051065982, 0.1406561564973406, 0.05011589861562291, 0.15367970049322435, 0.0640191503063027]"
A2NOM8O5XT0GXD,"[14.802900314331055, 9.95256233215332, 10.42841911315918, 8.350360870361328, 14.849638938903809, 4.2763991355896, 10.070691108703613, 4.058369159698486, 4.986917018890381, 12.415225982666016, 7.4191389083862305, 7.019647121429443, 14.849638938903809, 14.849638938903809, 10.330188751220703, 14.849638938903809, 14.849638938903809, 9.527194023132324, 14.849638938903809, 1.640439510345459, 13.260244369506836, 12.024978637695312, 14.849638938903809, 3.2388176918029785, 13.328516006469727, 2.4814860820770264, 0.8792842626571655, 9.251139640808105, 4.15916109085083, 0.48265036940574646, 6.930103302001953, 10.330188751220703, -0.04926367476582527, 3.867142677307129, 1.1197741031646729, 10.707220077514648, 14.849638938903809, 10.187929153442383, 14.849638938903809, 10.070691108703613, 0.06301784405447261, 0.09500872452865618, 0.1273210785388367, 0.09067164159491622, 0.1434240663926102, 0.15389746242216285, 0.10202130234194856, 0.09611909371089906, 0.09170563320024355, 0.06742510595487543, 0.07907848978482385, 0.057901579738288134, 0.14626041485885652, 0.15897031823135818, 0.12459377120973125, 0.1640555816898002, 0.16766848101589982, 0.03294365259158934, 0.06915592397153746, 0.10500427840597772, 0.10730572690206759, 0.10643942198646593, 0.13709713747496896, 0.11342904366287072, 0.11271067095713401, 0.07693881659528426, 0.12444919982583819, 0.13060906859903892, 0.06830924077707957, 0.059460345731715485, 0.07359472458319648, 0.03463655146181696, 0.04955088432152214, 0.12486485128691907, 0.0859771313915733, 0.1590817956294005, 0.12459918031743844, 0.1203597517630416, 0.03684124073183753, 0.14801289068407977]"
A2NXR4T75E4QM7,"[-4.593782901763916, -4.148838520050049, -4.248974323272705, -0.16789983212947845, -2.1197848320007324, -0.5773536562919617, -7.883372783660889, -1.6834533214569092, -0.2684318423271179, -1.99960196018219, 0.0, -3.7749743461608887, -0.16829583048820496, -0.26061102747917175, -3.2736012935638428, -5.66384744644165, -1.5506479740142822, -0.3964356482028961, -2.1280016899108887, 0.0, -3.8760013580322266, -1.1060996055603027, -4.553491115570068, 0.0, -2.687882423400879, 0.0, 0.0, -3.5315887928009033, -4.158985614776611, 0.0, -0.29629963636398315, -3.8032381534576416, 0.0, 0.0, -0.4367276728153229, -2.2953569889068604, -1.8595699071884155, -1.5546574592590332, -2.388216733932495, -3.3538882732391357, 0.055196741324285786, 0.17426169800314206, 0.12104924674207941, 0.11610518964301743, 0.13454479871401823, 0.14951765079093593, 0.14729939349044147, 0.16997210285663003, 0.14817645498841706, 0.12532624736548595, 0.0410136503136137, 0.039620956636588794, 0.14181191320715755, 0.14524931958445544, 0.07898002788229938, 0.13146310436207492, 0.11460980567251233, 0.03559631218647986, 0.09894998122149284, 0.0803819198509356, 0.09811455910375513, 0.14526928018116456, 0.0914663626960655, 0.15452200177257686, 0.0452039593712013, 0.12109928562871065, 0.13115596324796405, 0.06635186057206878, 0.10374617226151593, 0.09504683590121252, 0.11425806302603547, 0.14336587112069712, 0.047271201729244004, 0.032012588331287437, 0.14719361696702415, 0.0692331561693715, 0.05102657777181455, 0.06072194764941871, 0.1387752909197753, 0.15571180992345038]"
A2O23K583MS6RI,"[0.743484377861023, 0.743484377861023, 0.743484377861023, 0.743484377861023, 0.743484377861023, 0.9507335424423218, 0.743484377861023, 0.5362351536750793, 0.0, 0.2072492390871048, 0.5362351536750793, 0.743484377861023, 0.743484377861023, 0.743484377861023, 0.743484377861023, 0.743484377861023, 0.743484377861023, 0.743484377861023, 0.743484377861023, 0.5362351536750793, 0.743484377861023, 0.0, 0.743484377861023, 0.0, 0.743484377861023, 0.5362351536750793, 0.5362351536750793, 0.743484377861023, 0.743484377861023, 0.743484377861023, 0.743484377861023, 0.743484377861023, 0.5362351536750793, 0.0, 0.5362351536750793, 0.5362351536750793, 0.0, 0.2072492390871048, 0.743484377861023, 0.743484377861023, 0.14265916142435872, 0.10005488977918166, 0.09805892190357339, 0.08143146747829412, 0.07584879887587455, 0.09704575055670465, 0.1556698946437017, 0.09395031383561873, 0.16438224603482504, 0.054809974561195775, 0.02593980711966873, 0.1411914956103525, 0.01797449786613871, 0.13549952551317587, 0.09081118922742702, 0.13724490718420104, 0.15438093703373587, 0.13558735611726025, 0.08618805232594376, 0.04568803128058181, 0.16128479461607365, 0.10873215526633435, 0.12263213175195875, 0.017887540743102517, 0.0898244481571487, 0.07604449480584162, 0.043157802505187685, 0.049377350081367254, 0.08007521436655234, 0.08111987788002441, 0.04471329184311919, 0.10235500197810664, 0.09929403263943705, 0.1498009157270345, 0.026004611601087427, 0.04396752941574675, 0.07227749249223356, 0.07323285013258812, 0.018833967395261813, 0.028171507740532013]"
A2O421DTA8J0RW,"[5.096534729003906, 4.965699672698975, 4.854764938354492, 5.235797882080078, 4.254194259643555, 0.1834028661251068, 4.092861175537109, 2.8001606464385986, 4.871495246887207, 3.604128122329712, 0.35618287324905396, 4.050495147705078, 7.549160957336426, 4.463449001312256, 3.988823890686035, 4.984663009643555, 4.526768207550049, 3.8195838928222656, 5.580416202545166, 0.8827614188194275, 6.058895111083984, 4.008309364318848, 5.251168251037598, -0.06510210037231445, 5.2494215965271, 0.2699110805988312, -0.0044932193122804165, 5.668155670166016, 4.911025047302246, 5.183004379272461, 2.5697550773620605, 4.801260471343994, -0.02963368408381939, 0.0, 5.423081398010254, 4.541337490081787, 2.717005729675293, 4.791535377502441, 5.336188316345215, 5.460576057434082, 0.05021675959159049, 0.020400190698185446, 0.1276533422880132, 0.11585818507444962, 0.04337518638303187, 0.10182290405591997, 0.09150547822230401, 0.10071918549269501, 0.06151494176114821, 0.02744690935042335, 0.03534072774440248, 0.086688367338845, 0.0210093955005361, 0.057696519290354735, 0.06266395096080542, 0.1317328238163343, 0.03999062250054785, 0.1039023041130675, 0.14828501500529215, 0.09820670704959164, 0.04619997439302172, 0.04536326474803057, 0.016887384244622848, 0.07380582459605871, 0.10268795889328727, 0.12795476917403928, 0.05739323179951551, 0.01789869583698758, 0.09786431648559041, 0.07118924488459258, 0.017923460630983656, 0.031259617960912825, 0.10540373976801526, 0.015149489616474965, 0.025193040197977478, 0.14278159559012324, 0.013122517716762637, 0.0038378097199408146, 0.02383806134864336, 0.05810140780663384]"
A2O4T6MQ540AGF,"[0.0, 0.0, 0.0, 0.0, 0.0, 0.0, -1.0807545185089111, 0.0, 0.0, -1.0807545185089111, 0.0, 0.0, 0.0, 0.0, 0.0, 0.0, 0.0, 0.0, 0.0, 0.0, -0.39202967286109924, -1.0807545185089111, 0.0, 0.0, 0.0, 0.0, 0.0, 0.0, 0.0, 0.0, 0.0, -1.0807545185089111, 0.0, 0.0, 0.0, -0.6887248754501343, 0.0, 0.0, 0.0, 0.0, 0.15929087115505802, 0.07990434465901983, 0.13484847590295096, 0.1150163485252685, 0.17098093437517994, 0.03232428978131163, 0.12282759045414525, 0.1314441763669564, 0.12830865401414746, 0.05004483347811014, 0.12971668357106375, 0.16643609085741523, 0.09335129075616197, 0.08465864604782453, 0.08319166289794726, 0.12388729694080992, 0.16918848356460447, 0.10423395714157116, 0.14531177360260675, 0.06436138775015236, 0.02705834893372572, 0.10067336273225819, 0.02769635032130122, 0.14797108007547843, 0.14243191963711924, 0.15362139941234437, 0.12878293541020372, 0.027383273206802877, 0.056596717737954584, 0.030809664553885157, 0.08090686185827346, 0.12651773185032955, 0.1639626233428426, 0.086610829276243, 0.13329577491578273, 0.07292017705832159, 0.14000794324252389, 0.17237384376064036, 0.12662767150507398, 0.13930955614304247]"
A2OCDK0BOW6UCY,"[7.434147357940674, 3.0679099559783936, 3.570512533187866, 4.72418212890625, 7.231665134429932, 0.8366160988807678, 7.0798187255859375, 0.8220996260643005, 1.8868522644042969, 2.713552951812744, 0.8924407362937927, 1.6290642023086548, 3.6005053520202637, 5.797050476074219, 5.259611129760742, 5.6780314445495605, 3.132858991622925, 3.981754779815674, 5.741469383239746, 0.7390829920768738, 5.465268611907959, 3.566490888595581, 10.573405265808105, 0.45415642857551575, 4.824562072753906, 0.25641173124313354, 1.026748776435852, 3.247800827026367, 4.006359577178955, 4.11740779876709, 5.376319885253906, 4.944446563720703, 0.43110591173171997, 0.0, 8.943360328674316, 4.55526876449585, 1.8883808851242065, 2.687946319580078, 8.209515571594238, 9.427058219909668, 0.07891838744307136, 0.14341229164988453, 0.034920277221233496, 0.15375592075039343, 0.010374222100561015, 0.1379237757004226, 0.06705172766664459, 0.013133951586769227, 0.06653170723778626, 0.01058068820246944, 0.09040569644977291, 0.0891353539039628, 0.03716423448642266, 0.11487548957430953, 0.1312375529756244, 0.09894558377203441, 0.13185314759178784, 0.10455837295693568, 0.08892914775641914, 0.04695299438925816, 0.08101027857551259, 0.030613573410224623, 0.10548302586299348, 0.10785744288126825, 0.14901228442718187, 0.038933079541490126, 0.10112512984577911, 0.15296860189156755, 0.015693086790722465, 0.13204428752988936, 0.11634845879219421, 0.07353180232744974, 0.029767789442977578, 0.1337589108755011, 0.15638640711471993, 0.008849964780492114, 0.0138589526550063, 0.041520663035469474, 0.00827304787331228, 0.05432409005761333]"
A2OMMYTOUX444Q,"[1.4082236289978027, 3.626782178878784, 2.4862942695617676, 2.795361042022705, 2.5655410289764404, 0.9812027215957642, 1.7465932369232178, 4.704853057861328, 4.528738021850586, 4.528738021850586, 0.9643733501434326, 0.07924661040306091, 2.795361042022705, 0.6199648976325989, 2.4862942695617676, 2.2010858058929443, 1.4082236289978027, -2.0424439907073975, 2.4862942695617676, 0.0, 2.4862942695617676, 1.5843381881713867, 1.7341197729110718, 0.0, 3.4506676197052, 0.0, 0.0, 4.704853057861328, 0.4438503086566925, 4.528738021850586, 2.795361042022705, 5.976906776428223, 0.0, 0.0, 0.4438503086566925, 1.8434611558914185, -2.0424439907073975, -2.0424439907073975, -0.45810577273368835, 1.8434611558914185, 0.1466436828381171, 0.06882997973418978, 0.1558142564811987, 0.1786706117874652, 0.04519098099319511, 0.0563457666707513, 0.0428694912053898, 0.15001290012444632, 0.07889096945790681, 0.09027293209821216, 0.16768830877373372, 0.039756084856491104, 0.03322481779680058, 0.14284286951731195, 0.17525018294567024, 0.035367784962254914, 0.15585357091890617, 0.04278175875856841, 0.10192373210726245, 0.04347089595880789, 0.06864148524390501, 0.06502974859362796, 0.06581137451529218, 0.051904607244197244, 0.07333874154701175, 0.16861400889232037, 0.09615754781410359, 0.05661115434801054, 0.09803308184318837, 0.10158601415289778, 0.13098413405043227, 0.1353078953223267, 0.16978022025979653, 0.10339663831151043, 0.06057354472709806, 0.08178575250637883, 0.17837778843382296, 0.13765590780694353, 0.06659151730076827, 0.08204483268514741]"
A2OQZFZLIMR4AR,"[4.267995357513428, 4.267995357513428, 4.598213195800781, 4.267995357513428, 4.267995357513428, -0.33021777868270874, 6.495656490325928, 4.928431034088135, 4.928431034088135, 6.495656490325928, 0.0, -0.33021777868270874, 4.598213195800781, 6.495656490325928, 6.495656490325928, 4.267995357513428, 4.598213195800781, -0.6604355573654175, 6.495656490325928, 0.0, 4.598213195800781, 4.598213195800781, 4.267995357513428, 0.0, 4.598213195800781, 0.0, 0.0, 4.267995357513428, 4.598213195800781, 4.267995357513428, 4.267995357513428, 6.495656490325928, 0.0, 0.0, 4.267995357513428, 4.267995357513428, 0.0, -0.33021777868270874, 6.495656490325928, 6.495656490325928, 0.057281087535625705, 0.08888709654550721, 0.02767989218436581, 0.16108027120063798, 0.14107172060020887, 0.05746292992602068, 0.13176762285052213, 0.10891611920532289, 0.12061883391111752, 0.04109785124577565, 0.07546650788888282, 0.14109429379838578, 0.15037715576680777, 0.03754398985457706, 0.03152975497716231, 0.09999061171647831, 0.04289151201448831, 0.11488996357136944, 0.13669785365392376, 0.07173884690930639, 0.15905534818671854, 0.027912906730945836, 0.04287365256616784, 0.07872754615702691, 0.030328464287069798, 0.04477305431757198, 0.16609333269872778, 0.027507644389988775, 0.14357389252719027, 0.030787921194339263, 0.04006266643295509, 0.04212969882162931, 0.1225115296779297, 0.09139942017213289, 0.060930781172676925, 0.128793615681151, 0.04161337912431382, 0.026687612331570187, 0.032233878100956626, 0.1626483723449393]"
A2PCUZU2NUV72W,"[1.6543301343917847, 1.6543301343917847, 1.6543301343917847, 0.0, 1.6543301343917847, 0.0, 1.6543301343917847, 0.0, 0.0, 1.6543301343917847, 0.0, 1.6543301343917847, 1.6543301343917847, 1.6543301343917847, 1.6543301343917847, 1.6543301343917847, 1.6543301343917847, 0.0, 1.6543301343917847, 0.0, 1.6543301343917847, 1.6543301343917847, 1.6543301343917847, 1.6543301343917847, 1.6543301343917847, 0.0, 0.0, 1.6543301343917847, 0.0, 0.0, 0.0, 1.6543301343917847, 0.0, 0.0, 0.0, 1.6543301343917847, 1.6543301343917847, 1.6543301343917847, 1.6543301343917847, 1.6543301343917847, 0.04880378977049217, 0.09552889189012963, 0.045445896077297966, 0.09514837270309226, 0.09621822488766317, 0.11888416237151125, 0.057968346718678905, 0.11561374614752075, 0.13526213506006166, 0.1593708498265674, 0.05469808007321917, 0.05971753181910026, 0.09097031499952188, 0.05062048163792201, 0.15429225095964824, 0.05758716092745631, 0.09917968971439924, 0.05141537768274396, 0.06777784841188791, 0.05194600003216256, 0.135584694293756, 0.05774129811827625, 0.08293972078589236, 0.04486026601855239, 0.08671891741585375, 0.022280461271951418, 0.10723865718274103, 0.047935463469733375, 0.020236629225811806, 0.06665928579655504, 0.16545454917382765, 0.15036827514641726, 0.08658762912926378, 0.06816058751179681, 0.16128575022092417, 0.06345045436585246, 0.03256821860076455, 0.031412198395840835, 0.1454790954150031, 0.06297126477383957]"
A2PD27UKAD3Q00,"[21.881410598754883, 22.122983932495117, 22.647258758544922, 21.118244171142578, 21.60286521911621, 2.4390816688537598, 22.120880126953125, 11.08649730682373, 8.986973762512207, 18.459590911865234, 2.8626816272735596, 15.490249633789062, 22.073226928710938, 21.88128662109375, 21.17177963256836, 22.647258758544922, 20.071701049804688, 20.695152282714844, 23.415138244628906, -0.15508198738098145, 22.17286491394043, 12.714784622192383, 22.6228084564209, 4.852057933807373, 20.35012435913086, 0.8048176169395447, 0.35757091641426086, 20.114490509033203, 23.355703353881836, 12.07696533203125, 20.03708267211914, 21.165393829345703, 0.4764835238456726, 2.05786395072937, 20.077590942382812, 17.634456634521484, 17.944644927978516, 7.762167930603027, 20.874202728271484, 23.123807907104492, 0.017931059367918663, 0.018855459112553888, 0.05613509260286845, 0.04337563958519975, 0.10202850284030897, 0.09444964548151481, 0.0700951198668987, 0.15739840461076804, 0.04863567008703536, 0.13971802211809342, 0.04731854604610172, 0.1443161132928695, 0.15660000505833085, 0.1346643125335726, 0.13961668494265905, 0.06407003789337239, 0.06051487167958696, 0.0798562010014796, 0.06803263920744357, 0.07814060859737129, 0.06045972255928731, 0.03531902083732412, 0.0952056710651424, 0.06817706293350137, 0.09954878884544963, 0.0983448079663474, 0.08937199697079988, 0.029810111642564644, 0.10063964757343455, 0.1147070420892158, 0.1154370028275415, 0.12764305883687568, 0.11119140531600598, 0.15956062980672625, 0.1633485167041124, 0.07903371394189009, 0.0347713139935085, 0.14650257134472258, 0.02778124537998762, 0.030774731465724427]"
A2POJYG128B2EX,"[7.752450942993164, 3.876225471496582, 7.752450942993164, 0.0, 7.752450942993164, 0.0, 7.752450942993164, 0.0, 0.0, 7.752450942993164, 3.876225471496582, 7.752450942993164, 7.184852123260498, 7.752450942993164, 7.184852123260498, 7.184852123260498, 7.752450942993164, 0.0, 7.752450942993164, 0.0, 7.752450942993164, 7.184852123260498, 7.752450942993164, 3.308626413345337, 7.752450942993164, 3.876225471496582, 0.0, 7.184852123260498, 0.0, 0.0, 3.876225471496582, 7.752450942993164, 0.0, 0.0, 0.5675989985466003, 7.184852123260498, 7.752450942993164, 7.184852123260498, 7.752450942993164, 7.184852123260498, 0.13756015976293043, 0.13500716304327803, 0.06729323881227914, 0.10265049284678339, 0.12589404348054842, 0.10473732265906852, 0.04370670477921816, 0.11158107185338534, 0.14320618829359155, 0.1650376024008387, 0.08915540055246303, 0.04688264933835962, 0.10455659978638746, 0.03868841797842154, 0.13829451510194585, 0.12417395297376159, 0.09294493494986278, 0.05245689474212161, 0.07327929050191788, 0.1332078936047327, 0.08518039331272373, 0.146122204781597, 0.06382168116638086, 0.15703790059663655, 0.1185526493567347, 0.12454025751306744, 0.1766069864061708, 0.11963955990624399, 0.06607773836364093, 0.04927869629232687, 0.057672551369666064, 0.11490444529586584, 0.04364213128177669, 0.0774734038546282, 0.026651174430613003, 0.04679779312073754, 0.11631668082859056, 0.06342002630936705, 0.17417137263722093, 0.1405755955180413]"
A2PPWA67FGO7BF,"[0.19483816623687744, 0.0, 0.0, 0.0, 0.19483816623687744, 0.0, 0.19483816623687744, 0.0, 0.0, 0.19483816623687744, 0.0, 0.0, 0.0, 0.19483816623687744, 0.19483816623687744, 0.0, 0.19483816623687744, 0.19483816623687744, 0.0, 0.19483816623687744, 0.19483816623687744, 0.19483816623687744, 0.0, 0.0, 0.19483816623687744, 0.0, 0.0, 0.19483816623687744, 0.0, 0.0, 0.19483816623687744, 0.19483816623687744, 0.0, 0.0, 0.0, 0.0, 0.0, 0.0, 0.19483816623687744, 0.0, 0.06898241808990013, 0.09268583759722039, 0.13332018884227684, 0.09037020226591701, 0.07533118497875654, 0.14714029037455306, 0.04495987122252163, 0.15442062779474458, 0.17719481398706707, 0.13939863048905818, 0.05781015812895658, 0.06556286994436865, 0.09298143650270281, 0.1594433020104263, 0.03350875028747972, 0.07322708776335177, 0.14656322622383455, 0.07227665867205546, 0.12491566731899388, 0.13579748495372487, 0.09458970725315333, 0.15167591561959073, 0.10838456022440256, 0.09055150765272844, 0.16167276176768342, 0.12671296630729623, 0.08560695565597654, 0.07715530559951117, 0.09345232421338727, 0.09226021791638682, 0.155692719641203, 0.055796275876910925, 0.06307897072267703, 0.1417101116368657, 0.07450610260966299, 0.11991377158489219, 0.06056441778235475, 0.08258592430390196, 0.15910179505857708, 0.03025704539430827]"
A2PUZMHH482FU7,"[5.943602085113525, 5.725625991821289, 4.5170087814331055, 1.2086173295974731, 9.352121353149414, 5.725625991821289, 13.86913013458252, 0.0, 0.0, 7.925528526306152, 0.0, 9.034017562866211, 4.5170087814331055, 4.5170087814331055, 9.352121353149414, 12.442537307739258, 9.352121353149414, 2.6352105140686035, 7.152219772338867, 0.0, 7.925528526306152, 6.716911315917969, 13.86913013458252, 6.716911315917969, 4.5170087814331055, 0.0, 0.0, 4.5170087814331055, 1.2086173295974731, 4.6171369552612305, 1.2086173295974731, 11.669227600097656, 0.0, 0.0, 0.0, 3.3083913326263428, 3.3083913326263428, 7.925528526306152, 9.352121353149414, 5.943602085113525, 0.11406266357726169, 0.047793133607903625, 0.08732498508371733, 0.06131869789490779, 0.03152682842587322, 0.06949345217227026, 0.09130598572345407, 0.039441525172905556, 0.03893664510109954, 0.03137057725415018, 0.10824528825138394, 0.037102449121086206, 0.10031849720082088, 0.14366019774658573, 0.17505259800422643, 0.03233614429860079, 0.029685475379159318, 0.09075605511104735, 0.1496742237959965, 0.15188354876275031, 0.04402493289700706, 0.17847615439379214, 0.09899398637717746, 0.06939235394660309, 0.11106880928512632, 0.1637861377865239, 0.15813650697504988, 0.0745314136270272, 0.11578348785125639, 0.10902548733932374, 0.1709104839368607, 0.12990499013468715, 0.09455534128783728, 0.16222090156022176, 0.17396537807002446, 0.032995410419646334, 0.11615469561043747, 0.10564287865361681, 0.08965884107444415, 0.0642255735370649]"
A2PW5N4QDA3AG9,"[1.0899596214294434, 1.0899596214294434, 1.0899596214294434, 1.0899596214294434, 1.0899596214294434, 1.0899596214294434, 1.0899596214294434, 0.0, 1.0899596214294434, 1.0899596214294434, 1.0899596214294434, 1.0899596214294434, 1.0899596214294434, 1.0899596214294434, 1.0899596214294434, 1.0899596214294434, 1.0899596214294434, 1.0899596214294434, 1.0899596214294434, 1.0899596214294434, 1.0899596214294434, 1.0899596214294434, 1.0899596214294434, 0.0, 1.0899596214294434, 0.0, 1.0899596214294434, 1.0899596214294434, 1.0899596214294434, 0.0, 1.0899596214294434, 1.0899596214294434, 0.0, 0.0, 1.0899596214294434, 1.0899596214294434, 1.0899596214294434, 1.0899596214294434, 1.0899596214294434, 1.0899596214294434, 0.05059100349785539, 0.09995490839184633, 0.10962474503022938, 0.04450048716467249, 0.07825561909319707, 0.1586099099203574, 0.17201663887793417, 0.06200813092577856, 0.1200308746071015, 0.09023622734712199, 0.12498408033858163, 0.060874384840916236, 0.071434273078838, 0.10201132354128355, 0.08216548918523453, 0.04135112292459231, 0.09495378605890488, 0.11523019763994917, 0.13106795881138525, 0.15653190048955537, 0.05107806406798905, 0.12122160885440353, 0.10852488448950001, 0.14076508196728815, 0.14976845217703288, 0.06638702384600731, 0.11601965990538576, 0.08908789815164776, 0.08999232838487946, 0.1070754564111679, 0.1082656400613364, 0.09412318089535883, 0.1346876042007518, 0.05774041542978289, 0.09371231348204023, 0.05849135473428876, 0.08166788226947852, 0.05311243556175634, 0.15099328991723332, 0.14080912675270843]"
A2Q7PO5LDVGUOW,"[1.6542731523513794, 1.6542731523513794, 1.6542731523513794, 0.0, 1.6542731523513794, 0.0, 1.6542731523513794, 0.0, 0.0, 1.6542731523513794, 0.0, 1.6542731523513794, 1.6542731523513794, 1.6542731523513794, 1.6542731523513794, 1.6542731523513794, 1.6542731523513794, 0.0, 1.6542731523513794, 0.0, 1.6542731523513794, 1.6542731523513794, 1.6542731523513794, 1.6542731523513794, 1.6542731523513794, 0.0, 0.0, 1.6542731523513794, 0.0, 0.0, 0.0, 1.6542731523513794, 0.0, 0.0, 0.0, 1.6542731523513794, 1.6542731523513794, 1.6542731523513794, 1.6542731523513794, 1.6542731523513794, 0.08773899119084785, 0.07695555362731064, 0.052449892489363076, 0.11980187793519174, 0.08831753239101847, 0.13462299470752398, 0.06765724342478109, 0.10907481872294462, 0.08527582854895563, 0.15565223781457624, 0.07178630941919344, 0.102379677253854, 0.1562154941692311, 0.12916392505507396, 0.10393549540067921, 0.03270400117110037, 0.1501329403550402, 0.15277909414441349, 0.13657439327795615, 0.044932174667648345, 0.016889968584623844, 0.13265309450358187, 0.1135400065914934, 0.1544704237896597, 0.02580422770614358, 0.04775522464508413, 0.06156608866423078, 0.15466246704726552, 0.0833969079175014, 0.09119692321272074, 0.060369951118357766, 0.04365713005560787, 0.12785918937034924, 0.10844702331885954, 0.13901017042778213, 0.04801309048123731, 0.13721718486459406, 0.11682266646239597, 0.048922746411481054, 0.04063859748920899]"
A2QLQVPUZG2JXU,"[0.0, 0.0, -1.161823034286499, 0.4262203872203827, 0.4262203872203827, 0.0, -1.161823034286499, 0.4262203872203827, -1.161823034286499, 0.0, 0.0, 0.0, 0.4262203872203827, 0.0, 0.0, 0.4262203872203827, 0.0, 0.0, 0.0, 0.0, 0.0, -1.161823034286499, 0.0, 0.0, 0.0, -1.161823034286499, 0.0, 0.4262203872203827, 0.0, -1.161823034286499, 0.0, -1.161823034286499, 0.0, 0.0, 0.0, 0.4262203872203827, 0.0, 0.0, 0.4262203872203827, -1.161823034286499, 0.15970884257517004, 0.16282756910579738, 0.08914576765453715, 0.1111083417381611, 0.030938380997818146, 0.07164065360219067, 0.08774655335303819, 0.09623049437107743, 0.07349742249461949, 0.1546454927653032, 0.1062332177866937, 0.025774817978714365, 0.02094468204866907, 0.08278516979920662, 0.03663252218966555, 0.04054377430114264, 0.09381416437729777, 0.111378424295987, 0.1410180929185938, 0.01850382209040077, 0.12002218017483582, 0.12969817076614676, 0.142749328942267, 0.11333784674783043, 0.0576138908503004, 0.15021678024121338, 0.047190048170084625, 0.08359687804267012, 0.01765936887368491, 0.10715907029742448, 0.14804877277727438, 0.11406391651569274, 0.07560781766613424, 0.0707177104568268, 0.08270950387005427, 0.07167487431852627, 0.0703630689383158, 0.1116991439799352, 0.09932201398978686, 0.02801563700514785]"
A2R03U5UAX219B,"[13.091592788696289, 6.5457963943481445, 9.854456901550293, 0.0, 13.091592788696289, 0.0, 13.091592788696289, 3.237135171890259, 0.0, 13.091592788696289, 9.78293228149414, 13.091592788696289, 9.854456901550293, 13.091592788696289, 9.854456901550293, 13.091592788696289, 13.091592788696289, 0.0, 13.091592788696289, 0.0, 9.854456901550293, 9.854456901550293, 9.854456901550293, 3.3086612224578857, 9.854456901550293, 6.5457963943481445, 0.0, 9.854456901550293, 0.0, 0.0, 6.5457963943481445, 13.091592788696289, 0.0, 0.0, 0.0, 9.854456901550293, 13.091592788696289, 9.854456901550293, 13.091592788696289, 13.091592788696289, 0.03502294996715841, 0.05127184399206192, 0.10434876369971818, 0.16458662184533424, 0.14960934265417705, 0.08748314520354632, 0.12243149028047713, 0.15106403467926943, 0.17311039165886533, 0.14859193337971013, 0.0492019198783329, 0.0799393856685011, 0.1464837699222985, 0.11674199839656157, 0.12734068995853354, 0.02692177035596544, 0.13930665167779102, 0.13668675842863712, 0.11507692354696306, 0.041648239866368786, 0.1125377569416226, 0.030397869885765486, 0.16126637676808778, 0.12498860798214935, 0.04582746635162287, 0.05209054134432207, 0.16300383097885948, 0.09159671829257504, 0.1529998117783846, 0.16211136056206485, 0.10927923079593024, 0.09339409031133349, 0.0303093817717751, 0.13212559806288401, 0.16772105099540177, 0.1634413131714855, 0.0732247195533427, 0.03550330069984904, 0.08753628471802707, 0.15911408563373278]"
A2R8NM5M7Z37SA,"[1.028530478477478, 0.9474519491195679, 0.5579724907875061, 0.9571288824081421, 0.75638747215271, 0.5579724907875061, 1.0262041091918945, 0.0, 0.8277891874313354, 0.75638747215271, 0.5579724907875061, 0.9571288824081421, 0.7490369081497192, 1.1159449815750122, 1.3143599033355713, 1.1159449815750122, 0.5579724907875061, 1.0188536643981934, 1.3166863918304443, 0.5579724907875061, 1.028530478477478, 0.5579724907875061, 1.3166863918304443, 0.0, 1.0262041091918945, 0.0, 0.5579724907875061, 0.5579724907875061, 0.7490369081497192, 0.5579724907875061, 0.8277891874313354, 1.2195950746536255, 0.19106443226337433, 0.0, 1.3857616186141968, 0.7587139010429382, 0.7587139010429382, 2.444214105606079, 0.9571288824081421, 0.7587139010429382, 0.06968520516902975, 0.10828992479996045, 0.09366749404314903, 0.035913094077141515, 0.06981524866538728, 0.0967224629767707, 0.11602820832694274, 0.12558582455085998, 0.022563112123718053, 0.14470333170891575, 0.09213831689587307, 0.10539007120440691, 0.14493035335932328, 0.10524624149454913, 0.09304943003158271, 0.15914353889961091, 0.08598948773526516, 0.05409856129000695, 0.1295119001602445, 0.11128784953253193, 0.044273480417316144, 0.1586025727711411, 0.15273803118195337, 0.13521114491428823, 0.03255984015254441, 0.09705420226198283, 0.08656374320450155, 0.05112128608150907, 0.07155239262379463, 0.13057079216464987, 0.10994315810737193, 0.049089504501364706, 0.12201263664725434, 0.10252465396083019, 0.06643699395882156, 0.03853505522622955, 0.08313958638201677, 0.14402104138107005, 0.09995738107689965, 0.1131253456566408]"
A2RFDGEW20UK6W,"[0.0, 0.0, 0.0, 0.0, 0.0, 0.0, 4.913211345672607, 0.0, 0.0, 0.0, 0.0, 0.0, 2.4566056728363037, 0.0, 0.0, 2.4566056728363037, 0.0, 0.0, 2.4566056728363037, 0.0, 2.4566056728363037, 0.0, 0.0, 0.0, 2.4566056728363037, 0.0, 0.0, 0.0, 0.0, 0.0, 0.0, 4.913211345672607, 0.0, 0.0, 0.0, 2.4566056728363037, 0.0, 0.0, 2.4566056728363037, 0.0, 0.09183892246208866, 0.08771817498509857, 0.04999107517813636, 0.0897299570186341, 0.09789479920630303, 0.07972252563092257, 0.15751494388936593, 0.0982122016755094, 0.16039259496747157, 0.16263830221325926, 0.119902871283864, 0.05575656060627829, 0.09072757436759266, 0.16049365372393834, 0.1130054596121994, 0.09218597292615842, 0.10295583816253008, 0.1634060763061775, 0.15155479131094768, 0.16369921989258626, 0.09954994876646824, 0.058106403635451616, 0.0520034660837452, 0.05378870783654117, 0.14487709903618134, 0.04268248646956821, 0.07524341625131432, 0.07419563092126266, 0.10896902267420654, 0.12670020063817214, 0.15347589711151763, 0.14052693694812124, 0.029113265328686837, 0.08321779567124789, 0.15329085406849882, 0.12666078468466394, 0.10147458599439066, 0.11429177371494383, 0.16869846760655283, 0.1534960082665942]"
A2RH42TOQUF3LQ,"[19.799583435058594, 14.257630348205566, 19.799583435058594, 13.663444519042969, 14.257630348205566, -3.4714608192443848, 19.799583435058594, 14.746976852416992, 4.528808116912842, 17.09852409362793, 0.7151609659194946, 13.915444374084473, 16.390094757080078, 19.799583435058594, 19.799583435058594, 19.799583435058594, 19.799583435058594, 13.869013786315918, 19.799583435058594, 0.7151609659194946, 19.799583435058594, 19.799583435058594, 19.799583435058594, 3.3086588382720947, 19.799583435058594, 0.7151609659194946, 0.7151609659194946, 4.366006374359131, 17.414722442626953, 1.057347297668457, 13.663444519042969, 14.155959129333496, 0.7151609659194946, 0.0, 14.052061080932617, 10.549613952636719, 19.799583435058594, 13.20028305053711, 19.799583435058594, 19.799583435058594, 0.06647534800472764, 0.07612886828953223, 0.03071132259874241, 0.042092891682782525, 0.14727131070141158, 0.07660729670994999, 0.13645575569040427, 0.137424234898892, 0.061600014040538685, 0.12245196764074383, 0.08360257151317704, 0.1675216780331984, 0.1108016352587411, 0.0879558707441182, 0.07707448253324936, 0.1346260477964133, 0.1638461048493015, 0.15157573807723443, 0.08018394412776751, 0.13861424429533228, 0.0900948549345017, 0.12920747074656935, 0.09912036741733934, 0.05285229131465156, 0.06341778148385885, 0.028629386496412702, 0.03618389321409551, 0.02898177229623427, 0.12769745120320447, 0.04924428588925564, 0.1595860190468335, 0.15185748943107139, 0.07778853675567396, 0.14835783140769654, 0.1408363041733964, 0.1611480917422478, 0.14560823963434072, 0.06434214568576929, 0.14554311685835913, 0.10070045136079987]"
A2RID8C0PQDMAS,"[8.842517852783203, 8.842517852783203, 6.617260932922363, 5.533886909484863, 8.842517852783203, 0.0, 8.842517852783203, 3.3086304664611816, 2.2252562046051025, 8.842517852783203, 3.3086304664611816, 8.842517852783203, 6.617260932922363, 8.842517852783203, 6.617260932922363, 8.842517852783203, 6.617260932922363, 3.3086304664611816, 8.842517852783203, 0.0, 8.842517852783203, 8.842517852783203, 8.842517852783203, 3.3086304664611816, 8.842517852783203, 0.0, 3.3086304664611816, 6.617260932922363, 3.3086304664611816, 3.3086304664611816, 3.3086304664611816, 8.842517852783203, 0.0, 0.0, 3.3086304664611816, 8.842517852783203, 8.842517852783203, 6.617260932922363, 8.842517852783203, 8.842517852783203, 0.17177157128816675, 0.15279497910788298, 0.07980579361207046, 0.07397168326027549, 0.11704998515253791, 0.07582443110706201, 0.1694264285163174, 0.11433556621435687, 0.10753319276655013, 0.037532298894781976, 0.05317697746183664, 0.08032587004382603, 0.12877304667005862, 0.14477410476048339, 0.14584049733156484, 0.09956341521993611, 0.03067689410239134, 0.061258479958748925, 0.09045302166222698, 0.11212258404419696, 0.03505600630972657, 0.07964684323708848, 0.1128877560999177, 0.08907379995467579, 0.05024351999139844, 0.09321316479110928, 0.11093811626982149, 0.16236140154580514, 0.1018617422000798, 0.1119080083858751, 0.06009283876128298, 0.13108076072744707, 0.07643541149750639, 0.06994022218615317, 0.12419158752922763, 0.16180592229786614, 0.05429067174540832, 0.05143102274872895, 0.06838729848487461, 0.1349146358451551]"
A2RRQ78UZSEDF1,"[0.7297626733779907, 0.7297626733779907, 0.0, 0.7297626733779907, 0.7297626733779907, 0.0, 0.7297626733779907, 0.0, 0.7297626733779907, 0.7297626733779907, 0.0, 0.7297626733779907, 0.7297626733779907, 0.7297626733779907, 0.7297626733779907, 0.7297626733779907, 0.7297626733779907, 0.7297626733779907, 0.7297626733779907, 0.7297626733779907, 0.7297626733779907, 0.7297626733779907, 0.7297626733779907, 0.0, 0.7297626733779907, 0.0, 0.0, 0.7297626733779907, 0.0, 0.7297626733779907, 0.0, 0.7297626733779907, 0.0, 0.0, 0.7297626733779907, 0.0, 0.7297626733779907, 0.7297626733779907, 0.7297626733779907, 0.7297626733779907, 0.06492784217437532, 0.08153433525489993, 0.07967435066041893, 0.14450508011238483, 0.09560311299709094, 0.03368980889013041, 0.17600947549947066, 0.056757282035704244, 0.05162930031934641, 0.11394305111302641, 0.11747751104457013, 0.1685562318118039, 0.08298361913847409, 0.17447617115478115, 0.05720847378635464, 0.033015844788364, 0.12989586300604736, 0.16009849143373858, 0.12200141831070486, 0.0896755176760654, 0.14878336970523043, 0.10810162407374847, 0.05043043770034839, 0.0761522941702995, 0.12196278996372224, 0.14297720824819923, 0.13092139873370254, 0.04064533013871783, 0.10149481884885045, 0.15824939338917857, 0.1145595942216502, 0.028160209524604924, 0.13872667972735467, 0.11012582398719072, 0.03490112328482297, 0.13890488293635483, 0.07623530518568011, 0.10083738427192748, 0.0295652122991082, 0.05439567340026897]"
A2RSCY42Y2CTU1,"[3.2371339797973633, 3.2371339797973633, 3.2371339797973633, 0.0, 3.2371339797973633, 0.0, 6.474267959594727, 3.2371339797973633, 0.0, 6.474267959594727, 3.2371339797973633, 6.474267959594727, 0.0, 3.2371339797973633, 0.0, 3.2371339797973633, 3.2371339797973633, 0.0, 3.2371339797973633, 0.0, 0.0, 0.0, 0.0, 0.0, 0.0, 0.0, 0.0, 0.0, 0.0, 0.0, 0.0, 3.2371339797973633, 0.0, 0.0, 0.0, 0.0, 3.2371339797973633, 0.0, 6.474267959594727, 3.2371339797973633, 0.08102596519584583, 0.04036203441951031, 0.09634431548840443, 0.07438361699952191, 0.15993152482303646, 0.03851534221452045, 0.16552037897863014, 0.08346397801814023, 0.10409751318997776, 0.10749414623590427, 0.15844777925445713, 0.14285120363369377, 0.06321340139620449, 0.17597599120125176, 0.10052107596583448, 0.130596347504362, 0.05956210099547699, 0.13592130601241212, 0.13856394834990252, 0.11981374318088221, 0.1753141297881863, 0.06227459631075576, 0.07918653921493914, 0.13469674151161617, 0.12595994127815346, 0.1357299798467546, 0.0940710613324233, 0.1713880159221993, 0.057551088194693935, 0.06115388053886149, 0.09782678554665085, 0.12476310965966582, 0.06644315641690818, 0.04963907852819167, 0.07033800078715575, 0.10616612208521406, 0.12935282385285743, 0.03053196564264451, 0.11627597992846304, 0.07179971048560618]"
A2RWJPXMBFGCF0,"[24.91134262084961, 19.985637664794922, 12.557168960571289, 15.247777938842773, 29.69931983947754, 1.0727394819259644, 26.366018295288086, 10.809289932250977, 9.856908798217773, 17.526756286621094, 6.3759989738464355, 8.742588996887207, 18.976011276245117, 18.976011276245117, 26.08372688293457, 18.976011276245117, 23.0385799407959, 12.081534385681152, 22.66577911376953, 1.0727394819259644, 23.194129943847656, 10.716331481933594, 18.462657928466797, 0.0, 20.935569763183594, 1.8000757694244385, 1.0727394819259644, 12.68925666809082, 16.537843704223633, 12.08227825164795, 18.618207931518555, 24.779254913330078, 1.0727394819259644, 0.0, 18.62147331237793, 17.027734756469727, 4.9304585456848145, 7.910562515258789, 26.2158145904541, 24.749408721923828, 0.06572517658082318, 0.12474122134510304, 0.17190277591881986, 0.16821438761398194, 0.09935454880864611, 0.09978821995210162, 0.0616536902759651, 0.16885492902257265, 0.1146846017217511, 0.13096635393178843, 0.16295391627009984, 0.17055496278124965, 0.06402347008636773, 0.15346387303090106, 0.07395181131558427, 0.12271669019864938, 0.05286122887024344, 0.15669793539402652, 0.14861522567210714, 0.1739655482974187, 0.03168239607360588, 0.05062911078387738, 0.15535231492772, 0.15715051714967687, 0.03780313525460997, 0.12150747403116159, 0.11559327602456454, 0.17571739088620705, 0.11469485805133146, 0.051863462660911526, 0.0748801792707511, 0.15188493121920066, 0.07155302070958139, 0.15048684048787914, 0.10899931322791884, 0.12464873798245993, 0.16527204233637977, 0.040381531752539536, 0.1719881198441563, 0.0952929290269841]"
A2RX62V4E2BF5Z,"[12.205531120300293, 9.369379043579102, 7.914071083068848, 12.710296630859375, 9.783517837524414, 1.2032703161239624, 10.985114097595215, 1.4797847270965576, 1.0975449085235596, 3.4597573280334473, 3.4635424613952637, 7.362607002258301, 8.868861198425293, 10.105552673339844, 6.873182773590088, 9.911988258361816, 6.837111473083496, 7.895025730133057, 11.579044342041016, 1.2032703161239624, 11.2443208694458, -0.05932283401489258, 8.514452934265137, 0.44068682193756104, 10.28646183013916, 0.6792455911636353, 1.8959438800811768, 9.427108764648438, 6.581446170806885, 2.7560007572174072, 11.098965644836426, 9.824405670166016, 0.6792455911636353, 0.14533519744873047, 11.017704010009766, 4.008120059967041, 7.490471839904785, 3.316636085510254, 10.659278869628906, 10.299896240234375, 0.06791430134680329, 0.10665079861342466, 0.040238452145549754, 0.012369306026359793, 0.08597878977074032, 0.08697646379714925, 0.1161231049519393, 0.05818743476910135, 0.056350650668809704, 0.08164773645692121, 0.09990794238356793, 0.1565605003075721, 0.08868188917302829, 0.03323376528033911, 0.02119654897100657, 0.017998519526929282, 0.10014970884154671, 0.1054239688398858, 0.02706880857322486, 0.12159988120742343, 0.06177982902766034, 0.11689025796415865, 0.047745376493067704, 0.12536888849876512, 0.08356500136156982, 0.11730476947411242, 0.1563743109100257, 0.07426768491184092, 0.060048101346789604, 0.06156067064574143, 0.011128503691180392, 0.15335391895305675, 0.06968137366624527, 0.13691942747125901, 0.09084936095621368, 0.05071625640595595, 0.04185719116988725, 0.07460971652431878, 0.08496715048637803, 0.10376840702077746]"
A2S1BDB8QFVSQ2,"[12.877569198608398, 12.993654251098633, 0.567031741142273, 10.314751625061035, 14.849594116210938, 1.455185890197754, 14.849594116210938, 1.587273120880127, 12.563684463500977, 14.849594116210938, 0.5363673567771912, 11.993349075317383, 13.443300247192383, 12.090837478637695, 13.407328605651855, 14.849594116210938, 14.849594116210938, 13.92869758605957, 14.362119674682617, 12.255556106567383, 14.849594116210938, 14.849594116210938, 14.849594116210938, 4.108882904052734, 14.849594116210938, 0.5363673567771912, 0.035342033952474594, 14.26225471496582, -0.5599410533905029, 12.77963638305664, -1.4044374227523804, 14.849594116210938, 0.035342033952474594, 0.0, 11.969144821166992, 2.357224464416504, 14.28200626373291, 14.38829231262207, 14.849594116210938, 12.090837478637695, 0.021982730162271414, 0.031482996670356866, 0.024994471725772818, 0.13209708079846566, 0.11696010595667476, 0.12955756109552233, 0.10563836926715281, 0.11515243710869298, 0.13038637290633967, 0.13202124125761558, 0.026273461548710048, 0.032143412878861244, 0.08905130442901112, 0.16538941963504472, 0.14422461428613148, 0.14220496950726327, 0.1666621774176985, 0.16664085255584268, 0.14235240781022518, 0.13058602308033354, 0.11664624777182582, 0.09437285587399513, 0.14706983282019803, 0.030381274445462892, 0.11437492137961217, 0.08458744976099139, 0.14930091193966374, 0.038102770640737055, 0.11453104375386187, 0.05303398566638354, 0.09876820813230947, 0.09767061107483402, 0.12552103180155022, 0.15227560909338778, 0.1341491762128249, 0.08620555368359095, 0.1569124981800732, 0.07518855393534048, 0.05721104674705169, 0.12969979635216347]"
A2S255TZX0IO1X,"[24.7493896484375, 24.7493896484375, 4.068922996520996, 2.535327434539795, 24.7493896484375, -0.7216921448707581, 24.7493896484375, 24.7493896484375, 0.0, 24.7493896484375, 13.459150314331055, 24.7493896484375, 2.535327434539795, 24.7493896484375, 24.7493896484375, 24.7493896484375, 24.7493896484375, 24.7493896484375, 24.520395278930664, 0.0, 24.7493896484375, 14.509822845458984, 23.082578659057617, 0.0, 24.7493896484375, 0.0, 2.6311073303222656, 4.933233737945557, 13.459150314331055, 2.1481850147247314, 2.535327434539795, 24.7493896484375, 11.878717422485352, 0.0, 3.9731431007385254, 7.421722412109375, 13.788131713867188, 24.7493896484375, 24.7493896484375, 24.7493896484375, 0.07313927188305012, 0.164230051409673, 0.04144979168526724, 0.14721067027638945, 0.07249643873034668, 0.16425630975594194, 0.15073209565444365, 0.12249531637888576, 0.14217301568082705, 0.12832497372328458, 0.057018785911135204, 0.042571000633864556, 0.1395432107938014, 0.0593182556066785, 0.10258228739385125, 0.14524355012264348, 0.06540385726647942, 0.17041353763220582, 0.07514172394207004, 0.17264704592429705, 0.08450171607650245, 0.039007664642186746, 0.14944349536756685, 0.15480928646045766, 0.0662949415461327, 0.14726270621171678, 0.11560733753256906, 0.06791177877969862, 0.07182861727063523, 0.06060573485542329, 0.11609751831119064, 0.040084480725581496, 0.12223372319978038, 0.07286473698984038, 0.11711256216799225, 0.17481193146176519, 0.057175211344206944, 0.055262175308878024, 0.09928076871670619, 0.04216663723066099]"
A2S696CI415O20,"[0.0, 0.0, 0.3150113821029663, 0.3150113821029663, 0.0, 0.0, 0.0, 0.0, 0.0, 0.0, 0.0, 0.0, 0.0, 0.3150113821029663, 0.0, 0.0, 0.0, 0.0, 0.0, 0.0, 0.0, 0.0, 0.0, 0.0, 0.0, 0.0, 0.0, 0.0, 0.0, 0.0, 0.0, 0.3150113821029663, 0.0, 0.0, 0.0, 0.0, 0.0, 0.0, 0.0, 0.0, 0.04474173027616064, 0.031101708179156643, 0.04104956399894317, 0.11302202108389249, 0.08300799877130868, 0.12659914715871418, 0.11862530198914215, 0.05474453119891381, 0.09546977769475033, 0.12321033040482485, 0.1310041896820665, 0.16911715286665746, 0.08957496997508424, 0.050646250030802024, 0.0600867432640822, 0.17726195211260112, 0.08954449603068601, 0.12883003617971112, 0.0364567352448423, 0.0982225303292156, 0.12244341880095375, 0.12580464271956587, 0.16434133239415152, 0.0470119224539586, 0.08440055531004963, 0.10367416953264642, 0.034425112122360275, 0.09495005335859306, 0.14914196008808575, 0.16465888239199594, 0.1589201149384035, 0.07470264718636549, 0.14479579288058755, 0.10594508982385785, 0.08822670506562094, 0.11684902961211795, 0.06649836259815314, 0.032174064615331247, 0.16571391277815625, 0.03476866908359725]"
A2S8GHD5ZLDS2Q,"[-0.6410276293754578, -1.2820552587509155, 0.0, 0.0, -0.4014589190483093, 0.0, -0.4014589190483093, 0.10764632374048233, 0.0, -0.6410276293754578, 0.0, -0.7729501128196716, 0.5091052651405334, -0.6410276293754578, -0.6410276293754578, -1.2820552587509155, -0.6410276293754578, 0.0, -0.6410276293754578, 0.0, -0.6410276293754578, -1.2820552587509155, -0.6410276293754578, 0.0, -0.6410276293754578, 0.0, 0.0, -1.2820552587509155, 1.018210530281067, 0.0, 0.880596399307251, -0.4014589190483093, 0.0, 0.0, 0.0, -0.1319224238395691, -0.1319224238395691, 0.0, -0.4014589190483093, -1.2820552587509155, 0.10938104640477535, 0.10267590516919622, 0.047105496704120224, 0.04651999912859314, 0.11865267477872253, 0.019950431692039007, 0.09485325736657262, 0.12413935832679293, 0.11306846875345242, 0.09243302850713962, 0.03972781595316628, 0.09328154252311709, 0.11701287700821382, 0.15575930946047545, 0.08046832867124104, 0.04017382700153618, 0.12239170182592803, 0.05399229626953457, 0.09172057168859625, 0.057538415517269306, 0.1161243675994567, 0.03406164214244756, 0.13292959917534863, 0.11892877350508942, 0.09937063047516018, 0.09750974905018389, 0.08536744182069014, 0.0470000576617805, 0.04085495282387395, 0.05547004893649296, 0.07221169744435776, 0.07600219390827635, 0.10387759215281565, 0.023594452725200287, 0.16186365649503404, 0.05882331549407345, 0.04790888744191493, 0.05180368279147074, 0.06480764163873018, 0.03990606183275686]"
A2S97Z2I1TFOS,"[10.809187889099121, 7.421450138092041, 6.26514196395874, 13.19426441192627, 12.863280296325684, 3.9421801567077637, 10.809187889099121, 1.6293269395828247, 1.7875133752822876, 5.571506977081299, 2.395184278488159, 6.644733428955078, 8.645280838012695, 10.809187889099121, 7.666390419006348, 7.6255998611450195, 7.555351734161377, 10.809187889099121, 12.191600799560547, 0.7658571600914001, 11.236796379089355, 2.4831225872039795, 15.794939994812012, 0.0, 9.252952575683594, 0.0, 1.4614663124084473, 7.159411907196045, 10.809187889099121, 3.871932029724121, 9.764431953430176, 7.666390419006348, 0.6779187917709351, 0.2557990550994873, 3.8546764850616455, 2.5771420001983643, 9.009037971496582, 5.932263374328613, 11.704327583312988, 10.341657638549805, 0.15275983190901327, 0.04412740024268857, 0.08646174347125649, 0.08281223238499338, 0.117255884683638, 0.04598592011863274, 0.1274259546199299, 0.05394410990121151, 0.03981609741588536, 0.06672120610479167, 0.14836629717982605, 0.09314605654904287, 0.05858837742494891, 0.07631895587932454, 0.12100805147886848, 0.06680870711980282, 0.06611068279266057, 0.03562374166352077, 0.07648570347409205, 0.12733744911473338, 0.1125189009444615, 0.08391840642979913, 0.13062360211337715, 0.1310699409274662, 0.07969918570091583, 0.0817580064354909, 0.09006624137928285, 0.13616959385093186, 0.07272058730676018, 0.14533928307830749, 0.030768888134141446, 0.024271161728388797, 0.12177877626854842, 0.14651693076107483, 0.15369789768766495, 0.1032883778659742, 0.14434522844499817, 0.026635821927035595, 0.05662342164661817, 0.16158090102654604]"
A2SDF1PW1FIKC6,"[0.0, 0.0, 0.0, 0.0, 0.0, 0.0, 0.32361042499542236, 0.0, 0.32361042499542236, 0.32361042499542236, 0.6472208499908447, 0.32361042499542236, 0.0, 0.0, 0.0, 0.0, 0.32361042499542236, 0.0, 0.0, 0.0, 0.0, 0.0, 0.0, 0.0, 0.0, 0.0, 0.0, 0.0, 0.0, 0.0, 0.0, 0.0, 0.0, 0.0, 0.0, 0.0, 0.0, 0.0, 0.0, 0.0, 0.06784647012567732, 0.12217369191855809, 0.01595139352988922, 0.119682346693297, 0.07991861998399663, 0.06492809418595435, 0.08287109371660183, 0.08571362925845408, 0.042657183225665106, 0.12568477023887253, 0.06747790327044424, 0.06605304380589588, 0.06042390274350959, 0.10935126462611898, 0.08581596958289504, 0.1516237652603328, 0.1374703645470048, 0.11596568571676111, 0.10012990393145485, 0.056596946765333805, 0.08898555446370805, 0.13793566960825718, 0.06504831308283794, 0.028611357375417184, 0.15839030713304586, 0.08472072019826561, 0.034791379880731, 0.0345429679957235, 0.08032856801795016, 0.05830993202407386, 0.12327674899346507, 0.0780693905474643, 0.12020766328686557, 0.0782786466800802, 0.03718458026182763, 0.108156261641328, 0.0672541685288809, 0.15853436041250807, 0.09972277425089761, 0.10943027056647321]"
A2SEHJL7RHNW0Q,"[7.681556224822998, 7.681556224822998, 7.681556224822998, 7.681556224822998, 15.363112449645996, 0.0, 15.363112449645996, 7.681556224822998, 0.0, 15.363112449645996, 7.681556224822998, 15.363112449645996, 7.681556224822998, 7.681556224822998, 7.681556224822998, 7.681556224822998, 15.363112449645996, 7.681556224822998, 7.681556224822998, 0.0, 7.681556224822998, 7.681556224822998, 7.681556224822998, 0.0, 7.681556224822998, 0.0, 7.681556224822998, 7.681556224822998, 7.681556224822998, 7.681556224822998, 7.681556224822998, 15.363112449645996, 0.0, 0.0, 7.681556224822998, 7.681556224822998, 7.681556224822998, 7.681556224822998, 7.681556224822998, 7.681556224822998, 0.04304444590476102, 0.043531032013984616, 0.04973537582470568, 0.061842621790950965, 0.15983340866421164, 0.1550292823196857, 0.12312573854685066, 0.07772535176274657, 0.07281871089373186, 0.1676911077891599, 0.08932965821837359, 0.1501707492661413, 0.09843511503564734, 0.05234904109881252, 0.17947869449575046, 0.07872544165330467, 0.10887157271061268, 0.13822043355931096, 0.1354359282446445, 0.06665463639099314, 0.0626071278159853, 0.061229910763595644, 0.13291010225197752, 0.1774023933207812, 0.1697878361100317, 0.04889516938952602, 0.06334733639300238, 0.03844622548973994, 0.11272836979426708, 0.1245486381426836, 0.17547190490214645, 0.046530045034367626, 0.10473751427238759, 0.1559789502118143, 0.04667625114277161, 0.13311949840137868, 0.1710486141557045, 0.0858490815784645, 0.1112295500507566, 0.0912615393765996]"
A2SH5YH74O245M,"[1.2714711427688599, 0.9676980972290039, -0.1267164796590805, -0.11394582688808441, 1.2300902605056763, -0.1267164796590805, 1.3981876373291016, 0.012770645320415497, 0.0, 0.18982723355293274, 1.2083604335784912, 0.6981781125068665, -0.1267164796590805, 1.284241795539856, 1.0944145917892456, 2.6065480709075928, 1.3981876373291016, 0.07588139176368713, 1.284241795539856, 0.0, 0.06311074644327164, 1.5249040126800537, 0.9676980972290039, 0.31654369831085205, 1.7275019884109497, 0.0, 0.0, 0.20259787142276764, -0.253432959318161, 0.9549274444580078, -0.253432959318161, 1.2714711427688599, 0.0, 0.0, 1.0816439390182495, -0.1267164796590805, 0.31654369831085205, 1.0816439390182495, 1.284241795539856, 0.06311074644327164, 0.054570257883461405, 0.09129669084694168, 0.16660161310815236, 0.1476150822377118, 0.04982717414092998, 0.057395197280620376, 0.17084627896042134, 0.14428792521587497, 0.12446674182176755, 0.04761798749743286, 0.05081256722471865, 0.14214056282267445, 0.0853579462869108, 0.13595450963186173, 0.06301345001480217, 0.15293034181231552, 0.04928980317934421, 0.0901000286548788, 0.1601640190319934, 0.042973888465493465, 0.12781410690442807, 0.12350151104822152, 0.10181465427983986, 0.060869993504947664, 0.06928658692349117, 0.148654553938285, 0.08305529504148416, 0.11369657758603555, 0.13627428250779586, 0.11174994065782339, 0.152043274615449, 0.10079046162359177, 0.05676184610291359, 0.08542103852075773, 0.15102103726799912, 0.05529993456826445, 0.038043471432886215, 0.1291948180941411, 0.13752313313705883, 0.04514017887439507]"
A2SH7OWE8QJYNC,"[-0.6183729767799377, 0.34248054027557373, 0.9467422962188721, -0.08969449251890182, -0.23754867911338806, 0.23612798750400543, 2.093705415725708, 1.6118654012680054, 0.0, 1.3757374286651611, 0.4222376346588135, 0.34248054027557373, 0.8243206739425659, 1.3325575590133667, 1.6118654012680054, 2.093705415725708, 0.23612798750400543, 0.24922332167625427, 0.4304009974002838, 0.28080227971076965, 1.2199628353118896, 0.15102683007717133, 1.126705527305603, 0.0, 1.6118654012680054, 0.23612798750400543, 0.4222376346588135, 1.0104302167892456, 0.7768638730049133, 2.00907564163208, 1.0469484329223633, 1.797974944114685, 0.23612798750400543, 0.0, 2.1865580081939697, 0.5416854619979858, 1.4204118251800537, 0.0, 1.6118654012680054, 0.5163045525550842, 0.04846917927988687, 0.10034860873189057, 0.07835374267277648, 0.03889387175057601, 0.11400592201863163, 0.09330617768926809, 0.12353333819318726, 0.12004968115118128, 0.05871627077277107, 0.004789133460182396, 0.052647902996375236, 0.029352811908486563, 0.052785066004723324, 0.11050170965660182, 0.02642614540227667, 0.09418285700652435, 0.12111076460744107, 0.13100227533149703, 0.027615747222742466, 0.03813382314210284, 0.005516636198370506, 0.05067120615465486, 0.06378297726622655, 0.0285648064147703, 0.07224617673552224, 0.017925498832388344, 0.044043380702129, 0.10553403256601362, 0.02818243051137336, 0.09621106501866103, 0.09856689671293972, 0.09898633937467206, 0.1276337191441844, 0.07377356943777878, 0.04229948918232695, 0.04669727933705593, 0.0011183792262834966, 0.09232860739280581, 0.14845305954244353, 0.095090158185117]"
A2SU85PYAB6M67,"[-0.20170173048973083, 0.11421513557434082, -0.6318336725234985, -0.20170173048973083, -0.20170173048973083, 0.0, -0.20170173048973083, -0.31591683626174927, 0.0, -0.3268681466579437, -0.31591683626174927, -0.6427850723266602, 0.10326385498046875, 0.22843027114868164, 0.22843027114868164, 0.21747900545597076, -0.31591683626174927, -0.31591683626174927, -0.2126529961824417, 0.0, -0.20170173048973083, -0.3268681466579437, -0.20170173048973083, 0.0, -0.20170173048973083, 0.0, -0.31591683626174927, -0.6318336725234985, -0.6427850723266602, 0.11421513557434082, 0.11421513557434082, -0.20170173048973083, 0.0, 0.0, 0.22843027114868164, -0.6427850723266602, -0.31591683626174927, -0.20170173048973083, -0.20170173048973083, 0.10326385498046875, 0.14068626959328512, 0.10846084064344727, 0.11401764848248132, 0.07783507820385767, 0.11953980147726877, 0.09522495354266661, 0.05854300202689842, 0.12961791855160582, 0.09588995175147691, 0.15724337217736256, 0.1674142555321932, 0.06463395920653152, 0.1007418318594316, 0.17418378758417002, 0.13740167267560374, 0.08956991726317723, 0.047256545642358296, 0.15376868933944415, 0.12535012932618272, 0.15125659794002014, 0.07850273513711992, 0.15393427615359898, 0.10322635761462422, 0.13141362297741532, 0.1766270849223859, 0.15470102660888096, 0.04082861127287237, 0.04210259537815855, 0.12590649453793995, 0.07660793564721, 0.07504962563839133, 0.14267196731956852, 0.06535844497808728, 0.044573450632487084, 0.16860446230589357, 0.08145566670650935, 0.15831065908763375, 0.06607171271885257, 0.04967025885652229, 0.02923782222583752]"
A2SUH2N8051BES,"[11.981829643249512, 11.981829643249512, 3.3086624145507812, 0.0, 11.981829643249512, 0.0, 11.981829643249512, 0.0, 5.990914821624756, 11.981829643249512, 0.0, 9.299576759338379, 3.3086624145507812, 11.981829643249512, 5.990914821624756, 9.299576759338379, 11.981829643249512, 5.990914821624756, 9.299576759338379, 0.0, 5.990914821624756, 3.3086624145507812, 9.299576759338379, 3.3086624145507812, 11.981829643249512, 0.0, 0.0, 11.981829643249512, 0.0, 0.0, 5.990914821624756, 11.981829643249512, 0.0, 0.0, 5.990914821624756, 11.981829643249512, 3.3086624145507812, 3.3086624145507812, 11.981829643249512, 9.299576759338379, 0.0974642890235291, 0.08576517704232928, 0.04325654562253832, 0.12821203408287363, 0.15225290037460495, 0.04929904692398318, 0.15588377262867537, 0.12543355481158686, 0.08453020526229735, 0.10726314725064169, 0.13221058909525482, 0.046862567748843516, 0.0839397460188346, 0.0947888855343739, 0.03441824772398399, 0.04935082789357947, 0.17056144665977443, 0.04275864761188907, 0.04549967467741403, 0.0850959323002731, 0.12047543444621159, 0.17887517230689465, 0.06985922811273344, 0.0716704726675379, 0.07341063527508543, 0.07038505372341303, 0.09865013224897161, 0.03961124573206984, 0.14171860752419338, 0.1315882633599731, 0.15494488509060186, 0.06157244356486563, 0.14765734196711666, 0.0996230505321012, 0.17172178057706974, 0.16245374283656422, 0.061402853127956875, 0.04620222703753065, 0.17526512429769225, 0.10005460213535934]"
A2SVOLKLGI7DVQ,"[-1.0148203372955322, 3.594081401824951, 0.0, 0.0, 3.594081401824951, 0.0, 3.594081401824951, -1.0148203372955322, 0.0, 3.594081401824951, -1.0148203372955322, 3.594081401824951, 0.0, -1.0148203372955322, -1.0148203372955322, -1.0148203372955322, 3.594081401824951, -1.0148203372955322, -1.0148203372955322, 0.0, -1.0148203372955322, 0.0, -1.0148203372955322, 0.0, -1.0148203372955322, 0.0, 0.0, 0.0, -1.0148203372955322, 0.0, 0.0, 3.594081401824951, -1.0148203372955322, 0.0, 0.0, 0.0, 0.0, -1.0148203372955322, 3.594081401824951, -1.0148203372955322, 0.15729137026512, 0.07155154921139002, 0.09549415508226076, 0.09604423969665891, 0.14162609020500425, 0.132665575560959, 0.09389345692373421, 0.15683151560782257, 0.13653404373037642, 0.06318194977721393, 0.09838625938297335, 0.041717043614489704, 0.14867920279964728, 0.051908130387018296, 0.168496812925966, 0.14800130015736312, 0.06206254287372962, 0.10892051786488238, 0.03874369267756707, 0.06266914477854531, 0.07802077229323764, 0.16539518053782534, 0.04110133573067852, 0.16626623351738196, 0.052074815290840036, 0.07029263587950324, 0.049618225945285, 0.09325121068006353, 0.1630683664317388, 0.03675776299742118, 0.0345332584667738, 0.16244685366849926, 0.06486832341356563, 0.0918886978877075, 0.10008374857240623, 0.12643211822084224, 0.0837281106462018, 0.0910957463446111, 0.0796975959113571, 0.07267260450546788]"
A2SZLPBSBNJ7QV,"[0.0, 0.0, 0.0, 0.0, 0.0, 0.0, 0.0, 0.0, 0.0, 0.0, 0.0, 0.0, 0.0, 0.0, 0.0, 0.0, 0.0, 0.0, 0.0, 0.0, 0.0, 0.0, 0.0, 0.0, 0.0, 0.0, 0.0, 0.0, 0.0, 0.0, 0.0, 0.0, 0.0, 0.0, 0.0, 0.0, 0.0, 0.0, 0.0, 0.0, 0.051518775379280624, 0.061337676023389194, 0.032375409820710764, 0.06816107366094737, 0.05237515058362841, 0.08883161205569594, 0.030498324687412634, 0.07585636074910049, 0.05816130597756609, 0.13827328593426594, 0.1360677957458723, 0.09995380012505903, 0.041646678699004507, 0.03578442314092672, 0.10626965643063842, 0.07103196635993796, 0.1114676700384412, 0.03747265696791793, 0.07242572138702033, 0.1414945424731503, 0.024489671439248954, 0.17326048577209116, 0.05174720684196254, 0.11225369314592884, 0.04750144120554815, 0.14547822902071006, 0.08460182989090134, 0.15919662089676812, 0.08556835520843702, 0.08624312674262054, 0.16698219036254502, 0.07630255341803503, 0.045448662813358846, 0.11564222578231899, 0.13657635643219684, 0.13134069507592144, 0.12328991954955464, 0.09815792606885303, 0.13245699014185522, 0.16920049092172548]"
A2T146POE1RZTX,"[9.899032592773438, 9.899032592773438, 5.600105285644531, 5.210578441619873, 9.899032592773438, 1.0015593767166138, 9.899032592773438, -0.6563305854797363, 9.899032592773438, 9.469636917114258, 8.842087745666504, 1.0737974643707275, 9.899032592773438, 9.899032592773438, 9.899032592773438, 9.899032592773438, 9.03982162475586, 2.2851173877716064, 9.899032592773438, 7.207188129425049, 9.899032592773438, 9.899032592773438, 8.66657829284668, 0.2930113673210144, 6.944987773895264, 0.0, 1.0015593767166138, 9.204293251037598, 2.5128445625305176, 5.102802753448486, 1.0104438066482544, 9.899032592773438, 0.0, 0.0, 9.899032592773438, 6.643091678619385, 1.2945706844329834, 9.899032592773438, 9.899032592773438, 9.899032592773438, 0.126054616156148, 0.14849595744570632, 0.10683161133032736, 0.10173565427453066, 0.043116193228668345, 0.08091804869118588, 0.14457710038894453, 0.13906345075848542, 0.08384907227831159, 0.014681780773600092, 0.029240525549833283, 0.03176443534142414, 0.16074131194410804, 0.11591669625670215, 0.15416233090294845, 0.10615438856897422, 0.0209799506419757, 0.14948877576815964, 0.0883234365106372, 0.14438880903049445, 0.1599364050477118, 0.13413296285573129, 0.03865250899141356, 0.10233809602582265, 0.13436387868399302, 0.10353733516734241, 0.12954155998558955, 0.09987527498967592, 0.1578483154189641, 0.037525362516158754, 0.0453370209500963, 0.025049954606750798, 0.014813587316902604, 0.04033290809371097, 0.09121821677767257, 0.04450896717780692, 0.04818032771764762, 0.1302374742418354, 0.07265375214813409, 0.03506829509402268]"
A2T6UI6V98KT94,"[6.511395454406738, 7.124094009399414, 4.236421585083008, 4.743192195892334, 7.124094009399414, 0.0, 11.524109840393066, -2.0424771308898926, 0.0, 6.2788987159729, 0.0, 6.870708465576172, 8.051854133605957, 11.022090911865234, 11.022090911865234, 8.051854133605957, 7.798468112945557, 4.48980712890625, 10.768705368041992, 0.0, 7.124094009399414, 4.236421585083008, 7.798468112945557, 3.308661460876465, 8.051854133605957, 0.0, 0.0, 6.870708465576172, 0.9277597665786743, 0.0, 4.743192195892334, 6.532284259796143, 0.0, 0.0, 1.1811450719833374, 4.236421585083008, 4.236421585083008, 3.308661460876465, 11.022090911865234, 11.022090911865234, 0.15524681667507845, 0.12924906324363558, 0.11623325122526545, 0.16791680023314903, 0.13291608368901714, 0.02704743200239621, 0.058098379665724065, 0.11368579496113886, 0.11280183810283767, 0.16607654855276954, 0.0197536855514811, 0.15516202838721796, 0.11164147809614323, 0.08699511197648628, 0.10347378778766658, 0.07463110411865262, 0.04468399469398741, 0.07770531030623881, 0.09520492697859866, 0.16950441573403546, 0.12765071333987532, 0.09240323791999892, 0.07752072852760045, 0.09220216742110722, 0.0941604392327481, 0.1059697717809784, 0.16690642936443092, 0.038861262094026176, 0.1322387838032623, 0.05555408156727361, 0.16082918881215647, 0.08525509746534425, 0.06746747921547326, 0.09861823687988554, 0.06725577149399493, 0.06621389745177582, 0.11698687687966342, 0.10007224025882583, 0.07528471290438152, 0.02533678105713465]"
A2TCHF5VRXR7YF,"[9.899795532226562, 9.899795532226562, 9.899795532226562, 9.899795532226562, 9.899795532226562, 0.0, 9.899795532226562, 5.192863941192627, 5.557744979858398, 9.899795532226562, 0.0, 9.899795532226562, 9.899795532226562, 9.899795532226562, 9.899795532226562, 9.899795532226562, 9.899795532226562, 9.899795532226562, 9.899795532226562, 0.3648817241191864, 9.899795532226562, 3.8267908096313477, 9.899795532226562, 3.461909055709839, 9.899795532226562, 0.0, 0.0, 9.899795532226562, 9.899795532226562, 0.22135943174362183, 9.899795532226562, 9.899795532226562, 9.899795532226562, 0.0, 9.899795532226562, 9.899795532226562, 9.899795532226562, 9.899795532226562, 9.899795532226562, 9.899795532226562, 0.10378281321970147, 0.020260152858808972, 0.10836257921864446, 0.019799399391979892, 0.13219578334017004, 0.09297540150670423, 0.11161195713259664, 0.02575094814784275, 0.13751046944676729, 0.08517105496943463, 0.15206666315024123, 0.14632477933702975, 0.08114953231253037, 0.15238428045471827, 0.05576040069405685, 0.019552888287044493, 0.09171108316228421, 0.06010535565144456, 0.09021057080749312, 0.12985861205985127, 0.15658204568462827, 0.060071653798284885, 0.043327934314694214, 0.13268250683741561, 0.11471352689947846, 0.05046935559270349, 0.048536546268815435, 0.1324453124419105, 0.09487724743687329, 0.07150973201000516, 0.020107335088537084, 0.03557607646183957, 0.1443995147933228, 0.05775224524446529, 0.04744096909148077, 0.14701516859748628, 0.027549297441825986, 0.03363102303714263, 0.12074704083651124, 0.1344441001715162]"
A2TEMMADR9GNRO,"[0.0, 0.0, 0.0, 0.0, 0.0, 0.0, 0.0, 0.0, 0.0, 0.0, 0.0, 0.0, 0.0, 0.0, 0.0, 0.0, 0.0, 0.0, 0.0, 0.0, 0.0, 0.0, 0.0, 0.0, 0.0, 0.0, 0.0, 0.0, 0.0, 0.0, 0.0, 0.0, 0.0, 0.0, 0.0, 0.0, 0.0, 0.0, 0.0, 0.0, 0.10720802834835709, 0.10359083945710654, 0.09329784027003135, 0.12779381026302064, 0.06341724994491212, 0.10789281421464408, 0.12732915512672052, 0.10961955709044821, 0.11822226707474057, 0.1472140295002512, 0.08618336356112906, 0.04006883395655495, 0.1472050020517038, 0.15690616807638702, 0.06573676076923912, 0.16884279226676674, 0.16233819989200948, 0.17115961433619664, 0.10869294185766686, 0.17549811981963004, 0.0944798601643559, 0.040829498840977536, 0.03382130681484506, 0.033329352051259795, 0.03122237443801156, 0.14167290027963925, 0.12217244295053714, 0.12324005464520636, 0.0969938949655208, 0.052370512703000596, 0.061850403763244556, 0.05416945298448391, 0.10752250583386327, 0.08155285825484779, 0.08233621751882379, 0.1227717669793563, 0.035865163941977175, 0.17723466231873622, 0.09013061302773895, 0.027469847641131993]"
A2TRMX7KR6IIVA,"[2.4814963340759277, 2.4814963340759277, 2.4814963340759277, 0.0, 2.4814963340759277, 0.0, 2.4814963340759277, 0.0, 0.0, 2.4814963340759277, 0.0, 2.4814963340759277, 2.4814963340759277, 2.4814963340759277, 2.4814963340759277, 2.4814963340759277, 2.4814963340759277, 0.0, 2.4814963340759277, 0.0, 2.4814963340759277, 2.4814963340759277, 2.4814963340759277, 2.4814963340759277, 2.4814963340759277, 0.0, 0.0, 2.4814963340759277, 0.0, 0.0, 0.0, 2.4814963340759277, 0.0, 0.0, 0.0, 2.4814963340759277, 2.4814963340759277, 2.4814963340759277, 2.4814963340759277, 2.4814963340759277, 0.16028710296551418, 0.1348310847662704, 0.036644850967800124, 0.1291169722061518, 0.03258924738653282, 0.1188971095284498, 0.16066698976406643, 0.15192942948224933, 0.0898642341836321, 0.025297484293271964, 0.14721060683821036, 0.167351655363859, 0.07969391008244783, 0.08759395134400935, 0.1462409922948866, 0.13030727162618158, 0.13151911816648282, 0.12410005883978162, 0.15312209546657177, 0.05601666421236796, 0.08481746834084646, 0.10792979285296075, 0.09317305300458313, 0.11174541101475106, 0.07602917392653823, 0.031767855874207045, 0.10991643631777882, 0.03216188452524646, 0.02973136072904915, 0.1155543047801113, 0.12590736974651745, 0.03920809143623762, 0.0735360359087321, 0.03216635986942482, 0.031636529969332625, 0.02766865255077128, 0.05600198390246996, 0.05703031910983197, 0.08079239496549716, 0.06415960404745003]"
A2TU781PWGS09X,"[0.31805455684661865, 0.31805455684661865, 0.31805455684661865, 0.31805455684661865, 0.31805455684661865, 0.0, 0.31805455684661865, 0.0, 0.0, 0.31805455684661865, 0.0, 0.31805455684661865, 0.31805455684661865, 0.31805455684661865, 0.31805455684661865, 0.31805455684661865, 0.31805455684661865, 0.31805455684661865, 0.31805455684661865, 0.0, 0.31805455684661865, 0.0, 0.31805455684661865, 0.0, 0.31805455684661865, 0.0, 0.0, 0.31805455684661865, 0.31805455684661865, 0.0, 0.31805455684661865, 0.31805455684661865, 0.31805455684661865, 0.0, 0.31805455684661865, 0.31805455684661865, 0.31805455684661865, 0.31805455684661865, 0.31805455684661865, 0.31805455684661865, 0.06775488459616345, 0.10655710974627833, 0.11328291300306413, 0.08465008195158469, 0.13459728478783714, 0.08348428532040797, 0.09267231181704967, 0.10534091652054742, 0.09456496145527891, 0.04187323364662679, 0.10066522211215337, 0.025303350434263863, 0.05995032650691665, 0.05812308267821908, 0.07935289970675662, 0.07938650774467836, 0.012970045511487218, 0.07456688861702737, 0.046596962207812676, 0.05401957579250128, 0.048470789445577846, 0.03192234567736009, 0.12883004529747683, 0.09227740887986231, 0.07074542286666703, 0.14647375048919978, 0.0675332833961113, 0.019759492724184025, 0.007189565080228317, 0.06716402124455241, 0.03632615340842359, 0.11559359266332477, 0.023211324343590186, 0.04391352059540632, 0.14370485671561292, 0.0437519732084458, 0.11490506059483566, 0.0011491583745710406, 0.09607923824077383, 0.04870867215278077]"
A2TUCPCLHHLR6O,"[0.0, 0.0, 0.0, 0.0, 0.0, 0.0, 0.0, 0.0, 0.0, 0.0, 0.0, 0.0, 0.0, 0.0, 0.0, 0.0, 0.0, 0.0, 0.0, 0.0, 0.0, 0.0, 0.0, 0.0, 0.0, 0.0, 0.0, 0.0, 0.0, 0.0, 0.0, 0.0, 0.0, 0.0, 0.0, 0.0, 0.0, 0.0, 0.0, 0.0, 0.15346584528034352, 0.07928792363789572, 0.03448443601834263, 0.09693427725506398, 0.1510251238033785, 0.10906412607115908, 0.15803258283628055, 0.14124096124682892, 0.0364946773020161, 0.07469926705310713, 0.1370157276407223, 0.0541896085587701, 0.09607558652315239, 0.10028596309264706, 0.17843188038872235, 0.04417002967513923, 0.03659096698775009, 0.11425172447638178, 0.1487177647727988, 0.13295406217758224, 0.16969709486926723, 0.14759842971216852, 0.10956135586141053, 0.1677699693921268, 0.14323071294217332, 0.11661813505010904, 0.09550825059216499, 0.05364711389743472, 0.030309456176647882, 0.11480543739966496, 0.041817324534337494, 0.11930711595892265, 0.17373042374707287, 0.14134273586003654, 0.13162077421279628, 0.1621843141125105, 0.10324242574949283, 0.04890886821414596, 0.1287403194654567, 0.1156334596924241]"
A2TXMYYGSZCSZ1,"[21.906139373779297, 17.99270248413086, 11.128619194030762, 8.248815536499023, 18.744691848754883, 1.174114465713501, 18.285737991333008, 2.898134708404541, 9.69470500946045, 14.077338218688965, 7.35588264465332, 8.601495742797852, 17.09140396118164, 18.285737991333008, 17.811931610107422, 18.523479461669922, 13.755818367004395, 5.7282562255859375, 20.500965118408203, 6.060717582702637, 20.042009353637695, 17.24643325805664, 19.00270652770996, 3.6016907691955566, 14.399677276611328, 2.3694887161254883, 1.356540322303772, 13.859148979187012, 3.24967622756958, 7.238072395324707, 3.708630084991455, 18.03824234008789, 0.7151605486869812, 0.0, 15.852864265441895, 12.323993682861328, 8.036985397338867, 16.479124069213867, 20.39902114868164, 19.940065383911133, 0.017956451567403033, 0.07615619897115958, 0.09318656717618651, 0.09275801602306193, 0.15928054710216266, 0.16211022107251474, 0.09275958824063399, 0.12952780027225783, 0.019273102549981297, 0.13320130843052777, 0.15754653560998813, 0.1254259668879146, 0.1523726972330717, 0.08076279067007719, 0.0792692643391048, 0.11778524783101019, 0.09250922204276549, 0.1271052431574213, 0.1127862459777874, 0.0694740564175554, 0.08397063941279971, 0.10064913266953338, 0.0721807426671025, 0.07111665478257981, 0.057544482003932564, 0.042665280202919716, 0.033024264857704405, 0.033367426718147575, 0.09408726378463571, 0.09221571893144265, 0.021519033941601595, 0.07648012487799437, 0.02957606848969584, 0.06813221179206137, 0.09112605138558244, 0.1174771852616879, 0.09462798532877566, 0.06964749851283264, 0.08561385529200356, 0.040321282986312476]"
A2TY2IK21P4498,"[1.2703101634979248, 0.33170321583747864, 0.33170321583747864, 1.354321837425232, 0.33170321583747864, 0.0, 0.33170321583747864, 0.0, 0.0, 0.33170321583747864, 0.9386069774627686, 0.33170321583747864, 0.0, 0.33170321583747864, 0.0, 0.33170321583747864, 0.0, 0.0, 1.2703101634979248, 0.0, 0.33170321583747864, 0.0, 0.33170321583747864, 0.0, 0.33170321583747864, 0.0, 0.9386069774627686, 1.354321837425232, 0.0, 0.9386069774627686, 0.9386069774627686, 1.2703101634979248, 0.0, 0.0, 1.2703101634979248, 1.354321837425232, 0.33170321583747864, 0.33170321583747864, 0.33170321583747864, 0.33170321583747864, 0.14908734493825912, 0.16601116236906943, 0.08543302011098583, 0.02499375683795204, 0.11558632738397914, 0.07793810107565836, 0.11747592011390574, 0.03780736633715896, 0.09578066428766589, 0.1215302999864823, 0.10830943384048344, 0.0942157485136113, 0.12615137110918526, 0.14741377109907788, 0.12081157333333611, 0.1606700396607088, 0.023045445479952, 0.05385888267041241, 0.05327504820269208, 0.08818364465471686, 0.03929091752117343, 0.16486300657974418, 0.1647405635251687, 0.08262195064223654, 0.08421712941146575, 0.13121488597806497, 0.0238077726448938, 0.09329577185049989, 0.14227673940777238, 0.12905409782765104, 0.02620678755900631, 0.07480449591438298, 0.045099495108494, 0.1338051346907155, 0.08385773843281945, 0.06132870211366058, 0.10410776030286677, 0.101535417616621, 0.055528315794333316, 0.08591140387086006]"
A2TYF9WCP31IGZ,"[8.214088439941406, 8.214088439941406, 8.214088439941406, 8.214088439941406, 8.214088439941406, 0.0, 8.214088439941406, 8.214088439941406, 8.214088439941406, 8.214088439941406, 0.0, 0.0, 8.214088439941406, 8.214088439941406, 8.214088439941406, 8.214088439941406, 8.214088439941406, 0.0, 8.214088439941406, 0.0, 8.214088439941406, 8.214088439941406, 8.214088439941406, 0.0, 8.214088439941406, 0.0, 0.0, 8.214088439941406, 8.214088439941406, 8.214088439941406, 8.214088439941406, 8.214088439941406, 0.0, 0.0, 8.214088439941406, 8.214088439941406, 0.0, 0.0, 8.214088439941406, 8.214088439941406, 0.09762623648903872, 0.08740743240388474, 0.09473860448403591, 0.15944577113042568, 0.1692501006093229, 0.11490589464338415, 0.06575259604049959, 0.07637043850393903, 0.18459358220083477, 0.0891931002691448, 0.039380555806356916, 0.07743413679992579, 0.03771425514054562, 0.17735160200683747, 0.056354252072662384, 0.04430388319313961, 0.0918419065858884, 0.059179288472486824, 0.08261919001332403, 0.06427554485437041, 0.15773578539930394, 0.049912158661516146, 0.09870831164240663, 0.11962728118131127, 0.07730597792515387, 0.0994876774764651, 0.1301430954240769, 0.09063416108133748, 0.08092358775010669, 0.08600908655333458, 0.1747245399998003, 0.0673550344427141, 0.06454988253792121, 0.06188794009939261, 0.0481517028556315, 0.06367869411856786, 0.1418223647654864, 0.16989815778654638, 0.04053058400235751, 0.162219753199667]"
A2TZFRXV3E4D7O,"[16.806747436523438, 13.740089416503906, 14.87549114227295, 15.934568405151367, 16.023908615112305, 2.382664203643799, 16.994932174682617, 0.9710230827331543, 10.25800895690918, 6.629417419433594, 2.570850133895874, 9.065192222595215, 14.7697172164917, 16.122753143310547, 19.798614501953125, 14.899298667907715, 6.583683013916016, 9.749183654785156, 15.835723876953125, 3.200446128845215, 16.31093978881836, 10.446194648742676, 15.835723876953125, 0.18818584084510803, 16.08429527282715, 0.0, 2.382664203643799, 13.264874458312988, 8.006114959716797, 7.6232590675354, 5.676559925079346, 16.56545066833496, 3.4928715229034424, 0.0, 15.594428062438965, 12.492826461791992, 9.264167785644531, 13.686981201171875, 16.994932174682617, 17.042449951171875, 0.07266447529134881, 0.09293561420136012, 0.03867736910578291, 0.03869295570527226, 0.10902582425006838, 0.14813683134285027, 0.08351644975609741, 0.10325149718442135, 0.06812446204893839, 0.164093146321681, 0.07015479317308793, 0.13312142125950274, 0.09170942046715513, 0.155830715412513, 0.061153824332590964, 0.05108692957051905, 0.09413907611504961, 0.1219957814830562, 0.09183462852590386, 0.036834056875512694, 0.09540003455952811, 0.055626407771174766, 0.05893490172215914, 0.15685443222464926, 0.04848953991085826, 0.06641174425231826, 0.08250736087209391, 0.08102997395890534, 0.12810103764733785, 0.1152931891828268, 0.11142209716357405, 0.03735140170329674, 0.1071115262611161, 0.1581680719181112, 0.13585258714538154, 0.07389129156715933, 0.03925490469671867, 0.08745738541223756, 0.13888819283138767, 0.050474406907715236]"
A2TZW7B0YG2ZJQ,"[0.28004008531570435, 0.28004008531570435, 0.28004008531570435, 0.28004008531570435, 0.28004008531570435, 0.0, 0.28004008531570435, 0.0, 0.28004008531570435, 0.28004008531570435, 0.28004008531570435, 0.28004008531570435, 0.0, 0.28004008531570435, 0.0, 0.0, 0.0, 0.0, 0.28004008531570435, 0.0, 0.0, 0.0, 0.28004008531570435, 0.0, 0.0, 0.0, 0.0, 0.0, 0.28004008531570435, 0.0, 0.1006065383553505, 0.28004008531570435, 0.0, 0.0, 0.1006065383553505, 0.28004008531570435, 0.0, 0.0, 0.1006065383553505, 0.28004008531570435, 0.08224789908878061, 0.17424739951678364, 0.09973317541648981, 0.16780890087951006, 0.15839627073903978, 0.16042256479325148, 0.17138714799843982, 0.1355801823315091, 0.1425404556213892, 0.09572787759755255, 0.03884393673018776, 0.17611478944774794, 0.12724261100565254, 0.14854658009945368, 0.03768290778859608, 0.160085942861596, 0.1824150455606936, 0.06496240796886295, 0.03282122523480987, 0.06354276607501312, 0.14195534019886882, 0.1394496199944234, 0.0798469940319618, 0.036998433528362754, 0.03293132430832813, 0.03828584347514787, 0.07230651508190088, 0.17070259183624703, 0.066763536940905, 0.052882105769500004, 0.17457034199133084, 0.11822557754942108, 0.07116550009733617, 0.08994723238497107, 0.14225710619817536, 0.06420708962365645, 0.040041996747092586, 0.04458858287999345, 0.1012389839355229, 0.07552600669574347]"
A2U7BI3N4YP26B,"[9.688714981079102, 7.677027702331543, 7.129705429077148, 7.677027702331543, 7.677027702331543, 0.0, 9.688714981079102, 5.118018627166748, 0.5473223328590393, 9.688714981079102, 7.129705429077148, 7.677027702331543, 7.677027702331543, 9.688714981079102, 7.677027702331543, 5.665340900421143, 9.688714981079102, 7.677027702331543, 7.677027702331543, 0.5473223328590393, 9.688714981079102, 5.665340900421143, 5.665340900421143, 0.0, 9.688714981079102, 0.0, 5.118018627166748, 7.677027702331543, 5.118018627166748, 5.665340900421143, 7.129705429077148, 9.688714981079102, 0.0, 0.0, 5.665340900421143, 7.129705429077148, 5.665340900421143, 5.665340900421143, 9.688714981079102, 7.677027702331543, 0.15015396320591665, 0.09609353372588247, 0.08305160587372765, 0.07750822841137295, 0.06217919994108311, 0.12750455853772646, 0.06362154190398299, 0.09433201818646361, 0.0930459147080899, 0.16208262965284204, 0.154802541792264, 0.04869114317980283, 0.14358475932326292, 0.025292194932954665, 0.1434737362214202, 0.15500056230409034, 0.09027124312302191, 0.09387522090600382, 0.1640882534619905, 0.03372290426876687, 0.11405009271425547, 0.140019395139208, 0.04804380929853636, 0.13379640120748543, 0.03400561422315348, 0.16573547133689034, 0.020778327335445993, 0.160776360653576, 0.05162978576108682, 0.15192300022172456, 0.14893673824200274, 0.03825880426928625, 0.05641107361161382, 0.15944746558114317, 0.08879209935197636, 0.07344615731241906, 0.10777626490128091, 0.05426909169976234, 0.15745933659786263, 0.08030699523396866]"
A2UEIN7SIPZFRP,"[6.689318656921387, 7.827601432800293, 9.053849220275879, 2.494088888168335, 10.914483070373535, 0.2893581986427307, 13.317849159240723, 1.2543845176696777, 0.0, 9.874652862548828, 5.819119453430176, 11.992106437683105, 6.505457401275635, 10.818090438842773, 6.95136022567749, 10.436424255371094, 7.821258068084717, -0.6071406602859497, 9.680532455444336, 0.1787898987531662, 9.354728698730469, 6.272706031799316, 9.496119499206543, 1.3731878995895386, 12.873000144958496, 5.096930980682373, 0.1787898987531662, 10.733383178710938, -0.16838350892066956, 0.06871717423200607, 6.891819953918457, 11.658357620239258, 0.1787898987531662, 0.0, 1.8836209774017334, 9.975903511047363, 9.683845520019531, 7.96483039855957, 8.99144172668457, 9.856489181518555, 0.07543176581473589, 0.0712826086881943, 0.0631772821393755, 0.05799779248255167, 0.16365695691290102, 0.11531502617992895, 0.11131984891035818, 0.13528446597978386, 0.09634782571525242, 0.1362901747697071, 0.17234468730278613, 0.10330312265779736, 0.08200455639729147, 0.1519918078050759, 0.12939076999235868, 0.098035217462056, 0.05172696209526745, 0.01987382420918764, 0.1366786877857815, 0.09575167102247466, 0.08495090937406062, 0.06643885673932506, 0.022558047963502272, 0.03173004098023207, 0.015098788019476166, 0.1630762984567562, 0.01880574416721575, 0.058845730063384956, 0.07504886425039428, 0.021055086502245305, 0.07406707022133782, 0.15002356116786825, 0.15562317679336776, 0.13756549467121038, 0.034299599247640915, 0.034182740809029596, 0.0758840048814038, 0.10648083263617164, 0.06610242329627831, 0.11824336152386992]"
A2UEO5XR3598GI,"[15.529253959655762, 15.529253959655762, 13.402616500854492, 15.529253959655762, 15.529253959655762, 2.11067271232605, 15.529253959655762, 15.529253959655762, 11.798253059387207, 13.507477760314941, 3.637038230895996, 11.44874382019043, 15.529253959655762, 15.529253959655762, 15.529253959655762, 15.363738059997559, 8.848359107971191, 3.1487905979156494, 15.529253959655762, 2.7327206134796143, 15.529253959655762, 15.529253959655762, 13.47488784790039, 4.219882488250732, 15.529253959655762, 1.724294900894165, 3.457615852355957, 15.529253959655762, 15.529253959655762, 15.529253959655762, 15.529253959655762, 14.60948371887207, 1.4366579055786133, 0.0, 14.941760063171387, 15.529253959655762, 5.184940814971924, 10.629404067993164, 15.529253959655762, 15.529253959655762, 0.06542051538338682, 0.13746097755782974, 0.142102386613341, 0.1267556134335402, 0.06507699644647368, 0.14214471888196187, 0.1509215229253832, 0.015635832387671456, 0.09018176729327622, 0.03190349218604677, 0.14769825294435932, 0.10345479485984548, 0.10803398374843654, 0.10900272176745976, 0.018511095599089766, 0.14127181074022147, 0.10557512102327306, 0.021464603983843783, 0.05129039313294812, 0.02692511993726434, 0.09093099067931461, 0.09610895772291272, 0.07876027579096608, 0.11505275602291366, 0.02354485182124875, 0.13481258916509475, 0.08762427969441454, 0.059392733691913585, 0.06191536443731029, 0.011706917431050394, 0.012419573792973091, 0.12746882233855858, 0.024095209628876138, 0.05932440054257045, 0.06154471490193152, 0.05680243422048566, 0.016896806772411198, 0.012093052847622052, 0.08801088146487682, 0.14792878388741404]"
A2UH411RVKUH96,"[7.905793190002441, 2.802694797515869, 5.575801372528076, 0.2197755128145218, 7.905793190002441, 0.0, 7.905793190002441, 0.07510234415531158, 0.0, 5.942514419555664, 3.7547459602355957, 5.4743781089782715, 6.557440280914307, 6.557440280914307, 7.539079666137695, 6.924154281616211, 6.557440280914307, 0.3963012993335724, 6.557440280914307, 0.0, 6.557440280914307, 6.236241817474365, 6.557440280914307, 2.4814958572387695, 6.557440280914307, 3.7547459602355957, 0.0, 5.942514419555664, -0.6604402661323547, -0.5853379368782043, 4.151047706604004, 7.539079666137695, 0.0, 0.0, -0.00902119092643261, 6.0176167488098145, 6.236241817474365, 5.575801372528076, 7.575572967529297, 7.539079666137695, 0.13284033189197006, 0.15809640294977723, 0.05030079508876894, 0.14931219028231216, 0.1350177512492465, 0.06683935297314741, 0.10983805950108862, 0.022229337525477864, 0.13965660904510094, 0.1283634147492687, 0.09531588264308756, 0.1026555412099264, 0.08083759941563115, 0.03633509412024141, 0.14713491364796225, 0.13781009773573002, 0.062495144495353885, 0.044817388716176236, 0.032798319417761415, 0.08647536484638331, 0.08058387773256347, 0.15906309582368924, 0.09225451807577273, 0.10950171261371887, 0.034496905150245574, 0.16761152027195297, 0.10757513323929513, 0.08500987867227557, 0.07414994431806961, 0.03684081779465722, 0.035239315452167325, 0.031053410202319928, 0.14303455662563028, 0.13259923599241114, 0.126095406353452, 0.05609751137535388, 0.08283731990712481, 0.13979363144859297, 0.059945554935061776, 0.1490021570884638]"
A2UM2UI2KVHG64,"[0.6546958088874817, 0.06580502539873123, 0.6598175168037415, 0.017788534983992577, 0.008345852605998516, 0.08665426075458527, 0.6258111000061035, -0.7492221593856812, 0.08665426075458527, -0.6336830854415894, -0.6625679135322571, -0.6625679135322571, 0.688391923904419, -0.031945452094078064, -0.8386268019676208, -0.06083020940423012, -0.06083020940423012, -0.031945452094078064, -0.031945452094078064, 0.08665426075458527, 0.037230607122182846, -0.011096218600869179, -0.06083020940423012, 0.0, -0.0894046276807785, 0.0, 0.08665426075458527, 0.7575680017471313, -0.12310074269771576, 0.0, -0.039670638740062714, -0.6625679135322571, -0.7492221593856812, 0.0, 0.688391923904419, -0.039670638740062714, 0.688391923904419, -0.6625679135322571, -0.031945452094078064, -0.06051987037062645, 0.04303201889542477, 0.06791716170421419, 0.08196074923138409, 0.022949978103794535, 0.057006756309103845, 0.028793372370228876, 0.0009384240199793573, 0.048074862847373695, 0.07745384259936026, 0.06506062107166326, 0.10600759891385676, 0.1237971160107681, 0.07616073344471841, 0.11001566846778427, 0.036609007907023226, 0.013883612264414853, 0.06942383723646581, 0.021665734347910276, 0.10193477667432868, 0.0484527945162564, 0.11143139752317235, 0.07931906891695502, 0.09964539330400292, 0.08920231718322763, 0.09724220273647799, 0.12186477805794008, 0.05683762812438567, 0.05250427867558429, 0.0677023590854056, 0.03862742100404956, 0.02717030879146068, 0.020201079392073315, 0.11584202934371855, 0.04971076951384403, 0.058472445726339715, 0.09131349734567999, 0.11429781137807174, 0.11355411966341722, 0.13956127831539827, 0.08964384399533912]"
A2UNM0QKAA0LUS,"[8.338469505310059, 6.52031135559082, 7.986346244812012, 0.9122037887573242, 6.52031135559082, 0.0, 6.52031135559082, 1.8181583881378174, 0.9122037887573242, 11.29337215423584, 0.0, 6.52031135559082, 6.52031135559082, 6.52031135559082, 8.338469505310059, 6.52031135559082, 6.52031135559082, 0.9122037887573242, 7.0969743728637695, 2.7303621768951416, 6.52031135559082, 8.915132522583008, 6.52031135559082, 5.608107566833496, 6.52031135559082, 0.0, 0.0, 7.0969743728637695, 0.5766627788543701, 0.9122037887573242, 0.0, 6.52031135559082, 0.0, 0.0, 0.9122037887573242, 5.608107566833496, 6.52031135559082, 6.52031135559082, 8.915132522583008, 6.52031135559082, 0.15437871184236754, 0.0803837981676092, 0.10350391282245502, 0.17682000139905188, 0.1175471120249115, 0.0779728359413906, 0.14208316210676195, 0.04444770472385729, 0.09283819288172328, 0.1773057434669636, 0.13786741723004486, 0.09051268550249401, 0.11304378491387938, 0.17081332487801676, 0.13331800577304734, 0.11788889176598125, 0.04382303786509007, 0.08173635471809945, 0.14683869194504867, 0.11041730120916017, 0.0650126484920571, 0.11910099443345182, 0.03440458048312811, 0.1307760500029636, 0.15518446726685564, 0.12911569254249278, 0.08688444766981662, 0.10124127875342116, 0.047761422338072554, 0.06607887451738997, 0.18082459735882872, 0.12012097818210074, 0.04090779744506973, 0.05338433359386026, 0.0753519047315218, 0.15756018350133774, 0.055633586583571246, 0.17479980937137302, 0.10629572927967344, 0.12419871084813341]"
A2UOHALGF2X77Q,"[2.888495445251465, 2.070908784866333, 3.492060899734497, 3.0452280044555664, 1.5617276430130005, 0.7720218300819397, 2.2265186309814453, 1.0784415006637573, 2.9335689544677734, 2.700340747833252, 0.14660592377185822, 0.6224984526634216, 3.2319228649139404, 1.3292343616485596, 6.072965621948242, 3.1889235973358154, 1.7974871397018433, 2.2412381172180176, 3.671433925628662, 0.21798498928546906, 3.079918146133423, 1.5871741771697998, 3.632622480392456, 0.0, 2.8153598308563232, 0.0, 0.2650555670261383, 2.7608532905578613, 3.2555408477783203, 2.881993055343628, 2.912720203399658, 3.2351889610290527, 0.11844965070486069, 0.0, 2.5947766304016113, 2.247896909713745, 0.14660592377185822, 1.2320725917816162, 3.465853691101074, 3.1084108352661133, 0.018471215937064262, 0.02825102140682438, 0.055049143133481845, 0.026685837422429654, 0.05915809743377479, 0.0515691969067542, 0.15212483257690398, 0.04151170617836125, 0.007386559723578581, 0.10561292453108463, 0.08301465515314509, 0.045278392825806014, 0.04483267515247661, 0.03034514667925806, 0.0675530730024429, 0.10131487634665926, 0.023213479920309157, 0.09039761282559856, 0.13801495090969726, 0.10948892190190919, 0.03974096086461848, 0.1444123144662654, 0.13810553268238196, 0.14257142350696783, 0.12158823118224926, 0.0435125458773855, 0.0570242524098463, 0.05486220611805765, 0.12214485348981365, 0.13297225966350043, 0.1303287907689631, 0.027187239687071676, 0.07274504119062167, 0.10530051654584012, 0.05190754938820709, 0.06300984868567716, 0.03338308442757865, 0.0820568559405523, 0.12301185854457004, 0.14557910195099297]"
A2USMIT2CSA08,"[5.180046558380127, 4.527322769165039, 3.4681267738342285, 7.562115669250488, 4.600956439971924, 2.4436964988708496, 5.0219268798828125, 2.948079824447632, 0.8796876072883606, 1.9481472969055176, 3.188087224960327, 5.692599296569824, 4.822508811950684, 4.151836395263672, 5.3405985832214355, 4.714600086212158, 3.9748334884643555, 4.822508811950684, 5.209079742431641, 2.912841320037842, 5.7872138023376465, 1.4095138311386108, 5.311643600463867, 0.0, 4.78884220123291, 2.225703716278076, 3.4681267738342285, 4.677314281463623, 3.4901413917541504, 4.776522159576416, 5.127000331878662, 3.9592862129211426, 2.5277578830718994, 0.0, 6.1293816566467285, 4.3868327140808105, 1.4315284490585327, 1.7555973529815674, 5.215948104858398, 4.413355827331543, 0.058488019532905805, 0.017915192581738244, 0.04548154076099327, 0.14737369162789585, 0.04076658310528841, 0.0778250742991922, 0.01856658292576346, 0.0630959390716233, 0.04210573720093899, 0.12782915282823576, 0.1349531768189026, 0.15522174855399892, 0.051769574514916046, 0.1125567393993242, 0.12570348728036285, 0.11587913356716693, 0.008419908515358144, 0.059758860440656744, 0.11749721809106978, 0.049348321150513415, 0.1089016297947022, 0.13927587301258043, 0.012876338029904812, 0.12895005472361826, 0.09969252901943733, 0.07083839958272044, 0.07459693738262389, 0.012431207143370277, 0.15488022192790363, 0.07236436399194411, 0.05492866177759823, 0.0970631645523176, 0.03745837118120762, 0.11100824682135751, 0.08662732587412568, 0.025893619490816498, 0.15743574242042924, 0.1302508357950144, 0.10617028022407443, 0.054010430556797495]"
A2V5R832QCSOMX,"[5.150080680847168, 2.8567020893096924, 1.941867470741272, 0.6206170320510864, 4.582382678985596, 2.797853708267212, 3.2614903450012207, 3.516889810562134, 2.041161060333252, 2.614647626876831, 1.3549543619155884, 1.9823170900344849, 3.0541157722473145, 0.2575463056564331, 2.4890666007995605, 5.043419361114502, 1.6327224969863892, -1.2266051769256592, 4.581126689910889, 1.3357447385787964, 5.270408630371094, 2.0418787002563477, 5.772298812866211, 0.0, 4.571968078613281, 0.28618109226226807, 0.28618109226226807, 1.4585635662078857, 0.27720344066619873, -0.7269090414047241, 1.8749176263809204, 3.5407919883728027, 0.28618109226226807, 0.0, 1.4738175868988037, 0.6400789022445679, 2.8669023513793945, 0.3107498288154602, 4.337054252624512, 1.2280969619750977, 0.06624426718964904, 0.026649719540948365, 0.13793634723652923, 0.1337385319438647, 0.14418946271010272, 0.1414756845890462, 0.13855605114746447, 0.11074951175079324, 0.10533769599465244, 0.13707430103381016, 0.028243592505549843, 0.023491780511811097, 0.03284620127186883, 0.06560479620567576, 0.0778451326951055, 0.011449022995764429, 0.07302656812519927, 0.0038983772705473273, 0.09004479812673614, 0.11612256048174047, 0.023021238995608304, 0.023963639043696625, 0.032019013875867045, 0.05916726535578523, 0.020327545175184272, 0.1268107018351067, 0.010321508980544524, 0.016578176826283916, 0.027960199047567438, 0.13392923177208446, 0.06275395061795384, 0.08063772440934353, 0.04421006872177336, 0.007821500358979896, 0.0945214969531248, 0.10233695173777117, 0.036682778699374384, 0.06588468956377942, 0.08938826855640883, 0.11354026754266182]"
A2V608ILSK1M5R,"[0.10255008190870285, 0.10255008190870285, 0.10255008190870285, 0.10255008190870285, 0.10255008190870285, 0.10255008190870285, 0.10255008190870285, 0.10255008190870285, 0.0, 0.0, 0.10255008190870285, 0.10255008190870285, 0.10255008190870285, 0.10255008190870285, 0.10255008190870285, 0.10255008190870285, 0.10255008190870285, 0.10255008190870285, 0.10255008190870285, 0.10255008190870285, 0.10255008190870285, 0.0, 0.10255008190870285, 0.0, 0.10255008190870285, 0.2051001638174057, 0.10255008190870285, 0.10255008190870285, 0.10255008190870285, 0.10255008190870285, 0.10255008190870285, 0.10255008190870285, 0.10255008190870285, 0.0, 0.10255008190870285, 0.10255008190870285, 0.0, 0.0, 0.10255008190870285, 0.10255008190870285, -0.002986168716039337, 0.10010170593739338, 0.04868571428591433, 0.08196265207509142, 0.0358379317897341, 0.014899600434500926, 0.00549767009660918, 0.08216154416528722, 0.06937306325384412, 0.08744696819980079, 0.0503967962989363, 0.14219136811020558, 0.05072789691696739, 0.03475238325406907, 0.09171039644909594, -0.0028022750422169573, 0.05539031456197197, -0.0039857428413531725, 0.03554614254040524, 0.027697400888676487, 0.03206509090054648, 0.10926822394597627, 0.01566787754514928, 0.06389167168278333, 0.051764748662912, -0.002572940577181788, 0.03357382810305085, 0.041734661192559655, 0.09447858042261854, 0.051578872410974974, 0.05262998332241395, 0.0760534064782862, 0.12116264781684136, 0.04310189456903819, 0.006830666617184317, 0.06777513397073213, 0.006823478985882607, 0.06577418055659952, 0.06743341608369136, 0.1427874476944145]"
A2VABJ7S3OTH4K,"[17.594633102416992, 11.209211349487305, 12.02059268951416, 10.436736106872559, 12.8246488571167, 1.1828192472457886, 13.924408912658691, 7.754058837890625, 6.571239948272705, 10.830448150634766, 2.766676187515259, 12.773962020874023, 16.790576934814453, 12.8246488571167, 12.02059268951416, 19.799449920654297, 10.141971588134766, 4.669551849365234, 12.8246488571167, 1.1828192472457886, 12.8246488571167, 8.959152221679688, 4.071410655975342, 0.8040556907653809, 11.725828170776367, 2.766676187515259, 1.9942007064819336, 10.149297714233398, 8.56544017791748, 8.56544017791748, 12.02059268951416, 13.924408912658691, 1.9942007064819336, 0.0, 17.473905563354492, 10.437676429748535, 4.2592082023620605, 1.5838570594787598, 19.05474281311035, 17.076234817504883, 0.07549439777569582, 0.0506041913235223, 0.12057550890733557, 0.14436518701342632, 0.0615565918818414, 0.05865060174192259, 0.07258090606106804, 0.11452399231375078, 0.17124439852743367, 0.14300824112387153, 0.13427874004023008, 0.09707518384095735, 0.05963081368288554, 0.15839423906885022, 0.048258547450202714, 0.12032486526780918, 0.1003461300112988, 0.1708531819994324, 0.05193059886560263, 0.049005329852640854, 0.13859483428751238, 0.11811430552252891, 0.07398172168306051, 0.06034187948945694, 0.1423611138124885, 0.0876072747687694, 0.16570505297417598, 0.0342169359812294, 0.03400346169121054, 0.15190596342208182, 0.035973040333178496, 0.034072960073250634, 0.053684969543578126, 0.08624827269592293, 0.14772723400068316, 0.11779080641722807, 0.07206712308406674, 0.12068583843779487, 0.1300359433975034, 0.13388488137837182]"
A2VZXAAEWAO7PG,"[13.209920883178711, 13.209920883178711, 7.152283668518066, 5.51031494140625, 13.209920883178711, 0.0, 13.209920883178711, 0.0, 5.51031494140625, 12.662598609924316, 0.0, 13.209920883178711, 12.662598609924316, 13.209920883178711, 13.209920883178711, 12.662598609924316, 12.662598609924316, 6.0576372146606445, 13.209920883178711, 5.51031494140625, 12.662598609924316, 12.662598609924316, 13.209920883178711, 7.152283668518066, 12.662598609924316, 0.0, 0.0, 13.209920883178711, 0.5473227500915527, 5.51031494140625, 0.0, 13.209920883178711, 0.0, 0.0, 5.51031494140625, 7.152283668518066, 13.209920883178711, 12.662598609924316, 13.209920883178711, 12.662598609924316, 0.10023586252096911, 0.12317757481689577, 0.1026564658446776, 0.05535862809287412, 0.12664762042968633, 0.13782321611181123, 0.14831278657603078, 0.04882811331767925, 0.13718528396733987, 0.0377565394660417, 0.04779655412175144, 0.03538693637980038, 0.12638086860799322, 0.09648767285637086, 0.11743095072770106, 0.07824102834125361, 0.12590143801929585, 0.15190176527589228, 0.02449078275004438, 0.05066004745941328, 0.029279802991219572, 0.03127921166163556, 0.05985396387776534, 0.1199482992233156, 0.11511940181123496, 0.08339190445109086, 0.10221335515683805, 0.14208252468295676, 0.13904563206029844, 0.1527007368880549, 0.14373438458380727, 0.167327743759761, 0.13639584931942464, 0.09896889351325681, 0.09862881787580123, 0.07922353696931302, 0.1678918360390241, 0.16209811337889599, 0.05557635292427213, 0.04544339342522563]"
A2W643VRI6ELN,"[1.30791437625885, 1.30791437625885, 1.96187162399292, 1.30791437625885, 1.30791437625885, 1.96187162399292, 1.30791437625885, 0.0, 1.30791437625885, 1.30791437625885, 0.653957188129425, 0.653957188129425, 1.30791437625885, 1.30791437625885, 1.30791437625885, 1.30791437625885, 1.30791437625885, 1.30791437625885, 1.30791437625885, 0.653957188129425, 1.30791437625885, 1.30791437625885, 1.30791437625885, 0.0, 1.30791437625885, 0.0, 0.653957188129425, 1.30791437625885, 1.96187162399292, 0.653957188129425, 1.30791437625885, 1.30791437625885, 0.0, 0.0, 1.30791437625885, 1.96187162399292, 0.653957188129425, 0.653957188129425, 1.30791437625885, 1.30791437625885, 0.11205372446874456, 0.1173845261483168, 0.08799170177526776, 0.06240640111397218, 0.07542067087973318, 0.08701056945898297, 0.1274910321180731, 0.16071756334130174, 0.12854640766886902, 0.022224827748830236, 0.13980709303047512, 0.13168462281887863, 0.06452147803908291, 0.13399912332966413, 0.159573351110936, 0.07662890225864233, 0.16880801717437474, 0.14199858479887034, 0.11871159411005924, 0.04883194187582493, 0.12669668103656212, 0.15257794500547678, 0.04142079376796289, 0.11221522152613415, 0.12849950289921042, 0.13541499813607066, 0.05099648931453658, 0.1511690630716712, 0.15363556717373422, 0.16236542967731638, 0.14487556380277072, 0.04112952301213984, 0.0673455405115642, 0.030445833469305513, 0.061514945824179976, 0.021107348812808503, 0.06553500396698693, 0.06627953952082899, 0.09414210981384492, 0.02554235098188858]"
A2W78060JSRKED,"[4.12266206741333, 4.010658264160156, 1.7481887340545654, 3.908121347427368, 4.949887275695801, 0.10537071526050568, 4.949887275695801, 1.5086017847061157, 1.6428180932998657, 3.2556521892547607, 0.0, 4.153203010559082, 4.148846626281738, 4.949887275695801, 4.154341220855713, 4.949887275695801, 4.116029262542725, 1.897365927696228, 4.949887275695801, 0.0, 4.949887275695801, 2.2569751739501953, 3.4059677124023438, 0.0, 4.949887275695801, 0.0, 0.5824779272079468, 1.757655382156372, 4.949887275695801, 1.7165095806121826, 1.8601922988891602, 4.949887275695801, 0.0, 0.0, 3.7616047859191895, 4.949887275695801, 0.0, -0.028845466673374176, 4.949887275695801, 3.5401840209960938, 0.03498102088566078, 0.057421066781204996, 0.1106878911125689, 0.0820061788541142, 0.10812641965016431, 0.10357398764206222, 0.11888227965624866, 0.08931150369996942, 0.10969513591824227, 0.02264880131133402, 0.011786544221998832, 0.08208211921329453, 0.0928898704996385, 0.042498967729502964, 0.15898996422687545, 0.11080378317421337, 0.036531021408423375, 0.12942761388407617, 0.07107688545657295, 0.1565877798927111, 0.12205798379364245, 0.03681158356683132, 0.04123007964198959, 0.042143734161275245, 0.047433877480916424, 0.1326742724538656, 0.14722471901189246, 0.03556157666373978, 0.021280203537421535, 0.020357430702987445, 0.06705815491652167, 0.06716462967978408, 0.009992316904355945, 0.10422166781758997, 0.05225728808082565, 0.03588838641081172, 0.061700397574378785, 0.015596032551091663, 0.14650529780779198, 0.07643917926304451]"
A2W9I628I6SE1U,"[8.030881881713867, 10.350067138671875, 8.928672790527344, 5.666576385498047, 6.281017303466797, 1.059903621673584, 4.967464923858643, 8.593780517578125, 8.203988075256348, 7.657918453216553, 2.212567090988159, 5.427987098693848, 6.164608478546143, 10.232841491699219, 8.773947715759277, 11.407811164855957, 8.74301815032959, 3.8930139541625977, 7.471922397613525, 1.7089133262634277, 12.316122055053711, 4.006096363067627, 8.862517356872559, 0.6598433256149292, 11.444381713867188, 0.8974485993385315, 1.7478759288787842, 12.665271759033203, 10.976785659790039, 6.339432716369629, 3.3458962440490723, 10.221698760986328, 1.2381082773208618, 0.18946684896945953, 9.14315128326416, 5.676168441772461, 1.6300504207611084, 5.546982765197754, 7.644181251525879, 10.418615341186523, 0.12313262704111319, 0.08253870228448923, 0.14468980459548297, 0.05844382374833835, 0.1072989011622006, 0.07121264125917316, 0.014266551892926907, 0.08857100620250138, 0.1470762357851301, 0.15508801638208738, 0.08993794187854638, 0.13225851138202757, 0.04597205072876177, 0.04094645805371511, 0.11398876789944337, 0.0676479453461996, 0.1497896486048938, 0.07170910707560987, 0.03627912318586176, 0.10937868043654046, 0.15290107612149068, 0.06458641560308155, 0.15400896699582972, 0.02025875582218771, 0.035960594872905455, 0.09145243608567975, 0.024913950424925856, 0.08054960629831086, 0.0318059287311337, 0.021333265249669275, 0.14662592527548973, 0.15402426030245636, 0.11953218264228246, 0.06432485800026887, 0.04563382888498459, 0.02351536875768904, 0.040346531724425774, 0.060205718125555245, 0.012283215531243554, 0.034588132486794924]"
A2WA0B9CJ28E45,"[4.949893474578857, 4.949893474578857, 4.949893474578857, 4.949893474578857, 4.949893474578857, 0.8505401611328125, 4.949893474578857, 4.63807487487793, 0.9853381514549255, 2.701540470123291, 2.2490458488464355, 4.949893474578857, 4.949893474578857, 4.949893474578857, 4.949893474578857, 4.949893474578857, 4.949893474578857, 4.949893474578857, 4.949893474578857, 0.18244069814682007, 4.949893474578857, 0.18244069814682007, 4.949893474578857, 0.0, 4.949893474578857, 0.0, 0.0, 4.949893474578857, 4.724030017852783, 0.7353190183639526, 4.949893474578857, 3.9100444316864014, 0.0, 0.0, 4.0559306144714355, 0.12278210371732712, 4.858827590942383, 0.7353190183639526, 4.949893474578857, 4.949893474578857, 0.09096964935945834, 0.061523118924552096, 0.0775271419479947, 0.10382692730751118, 0.08082944693891406, 0.09937873395710858, 0.12483270909717413, 0.11393089276427998, 0.0577746841132257, 0.10126000134581362, 0.1373768163274535, 0.058077327346432506, 0.009254961933120651, 0.03111899983942818, 0.018462372714183082, 0.14177135836471347, 0.0731838463678657, 0.1398641363633212, 0.019937290848679633, 0.1543977592752291, 0.03678414969648322, 0.13633012721793275, 0.13629433626162762, 0.07405551321297864, 0.10220972288268929, 0.03218396324783615, 0.06445561927917635, 0.08862070758661224, 0.03725771363308205, 0.07158025391046997, 0.06471591242273725, 0.07817350802760413, 0.13445832206684186, 0.012055309166268754, 0.1400066938953387, 0.025750557656524228, 0.13219665031277866, 0.08552519539893495, 0.14213871999236563, 0.031024660646646118]"
A2WA4LQGM8X68D,"[17.185157775878906, 17.185157775878906, 0.0, 1.3769360780715942, 29.699350357055664, 0.0, 29.699350357055664, 14.254499435424805, 1.3769360780715942, 29.699350357055664, 1.2267316579818726, 16.85816764831543, 2.9306576251983643, 16.85816764831543, 29.699350357055664, 29.699350357055664, 29.699350357055664, 17.512147903442383, 17.185157775878906, 1.3769360780715942, 29.699350357055664, 29.699350357055664, 29.699350357055664, 15.499349594116211, 17.512147903442383, 0.0, 0.0, 1.7039258480072021, 1.2267316579818726, 16.876283645629883, 0.0, 17.185157775878906, 0.0, 0.0, 2.9306576251983643, 0.0, 16.85816764831543, 29.699350357055664, 29.699350357055664, 17.185157775878906, 0.03942588865830776, 0.07362236544536069, 0.1626220636640881, 0.07759982559220767, 0.1028900183322189, 0.06861589942026473, 0.11555648445526591, 0.09813938233248709, 0.04333360284767138, 0.07891564541814053, 0.09582200549480985, 0.043453109979693844, 0.12560951972064452, 0.17593940830394525, 0.13868043443140754, 0.07229944305192994, 0.044345091514089024, 0.1710501138686423, 0.1863460680476395, 0.07065193554971264, 0.10848828477895078, 0.1289256189221346, 0.1668934683320294, 0.06473404535398286, 0.06865617749113427, 0.0912987675227284, 0.10047347912590555, 0.13155297496369456, 0.03991726258202395, 0.09069727754259083, 0.11459120521939102, 0.06782196991949187, 0.16842300422974957, 0.12370597914660289, 0.17150045859744975, 0.1217960665358723, 0.12357455365571052, 0.04108320324247758, 0.05473740376219057, 0.11651714024188961]"
A2WEFN5GAH3CUE,"[2.9957499504089355, 3.048738718032837, 1.7309530973434448, -0.08023778349161148, 3.1189775466918945, -0.21205346286296844, 5.482824325561523, 0.958868682384491, 0.0, 2.798818588256836, 1.6543288230895996, 3.1668431758880615, 1.683087706565857, 2.8216373920440674, 3.5257599353790283, 3.222851276397705, 2.8216373920440674, 1.9101887941360474, 2.5329596996307373, 0.0, 3.337416648864746, 1.6543288230895996, 2.939742088317871, 1.6543288230895996, 3.048293113708496, 0.0, 0.0, 1.5740909576416016, 1.3944098949432373, 0.07662435621023178, 0.04600926488637924, 2.518728733062744, 1.6543288230895996, 0.0, 0.0, 1.6543288230895996, 1.36565101146698, 3.385281801223755, 2.6979644298553467, 3.228419780731201, 0.04493794515482718, 0.1409891444162999, 0.041049773954734824, 0.07389947781870591, 0.016954088367335498, 0.051842633567615745, 0.050390261940925295, 0.03255641733437817, 0.1460608888723423, 0.08174943779559105, 0.15673311457040306, 0.09028821957822546, 0.0767649914194225, 0.05539400492786446, 0.05374928141271128, 0.11551089384673217, 0.13402443940530334, 0.09624148030658061, 0.0776449693875796, 0.13731174984385883, 0.0734013270134693, 0.05483480680862854, 0.05188764764784527, 0.11581855809754957, 0.05307088498647343, 0.07996794108795001, 0.01521560141598582, 0.11939996763069896, 0.09299437533521535, 0.08128597699861094, 0.12159634598445665, 0.06353182049452552, 0.1602329081894659, 0.11614688289289136, 0.13577851520702572, 0.15788475691587256, 0.1613246413180925, 0.05174046252391457, 0.15409476197754454, 0.10242909214601531]"
A2WNVJ6S7OVZP4,"[0.0, 4.754162788391113, 0.0, 0.0, 0.0, 0.0, 0.0, 0.0, 0.0, 4.754162788391113, 0.0, 4.754162788391113, 4.754162788391113, 4.754162788391113, 0.0, 0.0, 0.0, 0.0, 4.597091197967529, 0.0, 0.0, 4.754162788391113, 0.0, 0.0, 4.754162788391113, 0.0, 0.0, 4.754162788391113, 0.0, 4.754162788391113, 0.0, 0.0, 0.0, 0.0, 4.754162788391113, 4.754162788391113, 0.0, 0.0, 4.754162788391113, 4.754162788391113, 0.1195973157296698, 0.06681716586743879, 0.053781955545456596, 0.08420440452644748, 0.038811347608658606, 0.1431266128209487, 0.13200888651930084, 0.1237912749518945, 0.08284742868019415, 0.13645914396251738, 0.05518075883206166, 0.07483267143392511, 0.08102539304920929, 0.1694419086811403, 0.1545515882185272, 0.09091789077292166, 0.09591096039607874, 0.0288532768292552, 0.05610418286190024, 0.04663650241712253, 0.14754454276177048, 0.06312950322050022, 0.15236697903396482, 0.12275392150786611, 0.0822684783150106, 0.13911126409205138, 0.05400936094488821, 0.02942541681380687, 0.025202014608431928, 0.062379919761340934, 0.045552978342246975, 0.05295607286925593, 0.1443141592503037, 0.09436340829349352, 0.04648278166826334, 0.060232627745054376, 0.12532179723031608, 0.0701493517758096, 0.09286138496351753, 0.13416582156119727]"
A2WW57XX2UVLM6,"[9.812445640563965, 10.108125686645508, 9.848676681518555, 8.965938568115234, 10.359132766723633, 0.5107299089431763, 9.986101150512695, 9.869034767150879, 7.595239162445068, 10.081925392150879, 10.117864608764648, 10.125814437866211, 9.847695350646973, 9.808369636535645, 9.897377014160156, 9.905674934387207, 9.810086250305176, 9.866349220275879, 9.785640716552734, 2.9150304794311523, 10.137235641479492, 9.784086227416992, 9.79636001586914, 2.602705240249634, 9.752106666564941, 7.936898708343506, 1.0670802593231201, 10.089977264404297, 9.87464714050293, 0.8616398572921753, 9.84609603881836, 10.341919898986816, 1.077315092086792, 7.468085765838623, 8.670669555664062, 9.729376792907715, 9.761356353759766, 10.059195518493652, 9.955074310302734, 9.847695350646973, 0.05011347049126976, 0.04439284484036189, 0.15159771582184153, 0.08585123136195608, 0.09652518425553129, 0.12120942737199136, 0.07145462761655264, 0.09036653131432536, 0.15269253191665647, 0.029006784732470554, 0.11314573610823851, 0.12775465907638867, 0.13523751969599623, 0.1542047953958502, 0.15367831966168005, 0.10975981309697284, 0.13570475735084006, 0.1333153966822238, 0.03769726239626957, 0.0714327953707492, 0.09151599740394532, 0.057451044594257115, 0.0453902271452279, 0.03416742731467069, 0.02355647644938845, 0.040678869832673575, 0.02725752682854194, 0.10733741480249204, 0.08765837660370895, 0.1531325233707855, 0.09895270950452927, 0.0633358354566155, 0.14098665499823465, 0.10586761266357068, 0.10881083152084439, 0.0844315241218679, 0.02697177978513446, 0.031677177564793504, 0.09546305078449274, 0.11503571025471075]"
A2WYK1JQGK82VP,"[1.508942723274231, 0.7732557654380798, 1.188295602798462, 0.7732557654380798, 1.508942723274231, 0.0, 1.508942723274231, 0.3206472396850586, 0.3206472396850586, 0.7732557654380798, 0.3206472396850586, 1.188295602798462, 0.7732557654380798, 0.7732557654380798, 0.7732557654380798, 0.7732557654380798, 2.2446296215057373, 1.508942723274231, 0.7732557654380798, 0.0, 0.7732557654380798, 0.3206472396850586, 0.7732557654380798, 0.0, 1.508942723274231, 0.0, 0.0, 0.45260855555534363, 1.508942723274231, 0.0, 0.45260855555534363, 0.7732557654380798, 0.45260855555534363, 0.3206472396850586, 1.188295602798462, 0.7732557654380798, 0.7732557654380798, 0.45260855555534363, 1.508942723274231, 0.7732557654380798, 0.1072405192850621, 0.15678411064129352, 0.16410783626625425, 0.04933892440216742, 0.17065522616028336, 0.07060877275931236, 0.16688491660895055, 0.06996667932834963, 0.07034871873675823, 0.1500146099954129, 0.1643514478303397, 0.07250469394105544, 0.08831401290213746, 0.0687776085930068, 0.07985966170722152, 0.07993191901304993, 0.14832545556083832, 0.10874390598085007, 0.030555885654195477, 0.1466693532831229, 0.09417071031430208, 0.09788224624254634, 0.14166719629269958, 0.07031437078688105, 0.031046451902245923, 0.0744556279272409, 0.1336319373949343, 0.1601412895938337, 0.16415355538762455, 0.07630459858710376, 0.1756212189593198, 0.15786510680318305, 0.03638156393855153, 0.026574982776047293, 0.09180541746915541, 0.0902012222204373, 0.084199063799098, 0.0426940119104239, 0.06272924789703407, 0.14988652187704013]"
A2X5PW8CYW4U1D,"[1.4594635963439941, 1.4594635963439941, 0.0, 0.7297317981719971, 1.4594635963439941, 0.0, 1.4594635963439941, 0.0, 1.4594635963439941, 1.4594635963439941, 0.7297317981719971, 0.7297317981719971, 1.4594635963439941, 1.4594635963439941, 1.4594635963439941, 1.4594635963439941, 1.4594635963439941, 0.7297317981719971, 1.4594635963439941, 1.4594635963439941, 1.4594635963439941, 1.4594635963439941, 0.7297317981719971, 0.0, 0.7297317981719971, 0.0, 0.0, 0.7297317981719971, 0.0, 0.7297317981719971, 0.0, 1.4594635963439941, 0.0, 0.0, 1.4594635963439941, 0.0, 0.7297317981719971, 1.4594635963439941, 1.4594635963439941, 1.4594635963439941, 0.06172424472853873, 0.15936549424751678, 0.08656736816076233, 0.10203544443799413, 0.1524097588171865, 0.11174390699575605, 0.14598952876620147, 0.1573679727028422, 0.15073738307720022, 0.10129850858605671, 0.13973978307791143, 0.07113295895626022, 0.09884182882800258, 0.052324243687004, 0.07915716569350212, 0.12560877329831638, 0.034746967239119735, 0.12218989647307622, 0.08487983220795166, 0.0828006937657672, 0.038938406988687405, 0.14059169145988173, 0.1676455967503858, 0.07599930145283101, 0.09670685999515721, 0.1396014635622543, 0.14057393958382694, 0.043175780157639766, 0.08587590526631686, 0.1480568744921107, 0.0935457333425339, 0.0465653442801386, 0.10124941937419771, 0.13288929727064194, 0.15359917755995145, 0.11859247379366551, 0.136829197611954, 0.1372557943082684, 0.047299100139618286, 0.07280646281322356]"
A2X7VCBZQROXVM,"[6.617325782775879, 6.617325782775879, 6.617325782775879, 3.3086628913879395, 6.617325782775879, 0.0, 6.617325782775879, 3.3086628913879395, 0.0, 6.617325782775879, 3.3086628913879395, 6.617325782775879, 6.617325782775879, 6.617325782775879, 6.617325782775879, 6.617325782775879, 6.617325782775879, 3.3086628913879395, 6.617325782775879, 0.0, 6.617325782775879, 6.617325782775879, 6.617325782775879, 3.3086628913879395, 6.617325782775879, 0.0, 3.3086628913879395, 6.617325782775879, 3.3086628913879395, 3.3086628913879395, 3.3086628913879395, 6.617325782775879, 0.0, 0.0, 3.3086628913879395, 6.617325782775879, 6.617325782775879, 6.617325782775879, 6.617325782775879, 6.617325782775879, 0.10233727301926929, 0.055249545699435146, 0.11394094608925238, 0.03250815574662209, 0.09747660284418826, 0.04657358504329943, 0.035371450604796635, 0.08508757662687848, 0.15887931050756368, 0.11487246171094685, 0.06405318309679, 0.06969814914615048, 0.03312415952576563, 0.05194054658473148, 0.02603773280812838, 0.06377436074674672, 0.08765863833251643, 0.16188840921867348, 0.14916027579907307, 0.16278761177541715, 0.11163396476027257, 0.03327398660020029, 0.06233212434564056, 0.11080505005728614, 0.15420677646464018, 0.11664830104709666, 0.04304086108827235, 0.15340371864824853, 0.16285867586240493, 0.10563187430549914, 0.07657607470169525, 0.15379630291275934, 0.05531574429005195, 0.07306006302788765, 0.15680647086982472, 0.13987031029140434, 0.11337156664016203, 0.10946463819025455, 0.04617249742089511, 0.1221923216852091]"
A2XDLY3PL0CGBD,"[4.7506422996521, 2.37532114982605, 0.2639300525188446, 0.0, 2.6392509937286377, 0.0, 2.6392509937286377, 4.948997974395752, 0.2639300525188446, 2.37532114982605, 0.0, 2.6392509937286377, 0.0, 2.6392509937286377, 2.37532114982605, 2.6392509937286377, 2.37532114982605, 2.37532114982605, 2.6392509937286377, 0.0, 2.37532114982605, 2.37532114982605, 2.6392509937286377, 0.0, 4.7506422996521, 0.0, 0.0, 0.2639300525188446, 0.0, 2.37532114982605, 0.0, 2.6392509937286377, 0.0, 0.0, 0.2639300525188446, 0.0, 2.37532114982605, 2.37532114982605, 2.6392509937286377, 2.6392509937286377, 0.03879216760830239, 0.06283669692659155, 0.11652172141663932, 0.06679465747862334, 0.09285423313971576, 0.07698342036312868, 0.12574889866414912, 0.12056710204643156, 0.07866135919845257, 0.025830920674657174, 0.02492497704675203, 0.010145076350744874, 0.07438804553000272, 0.1254354887050161, 0.09910783811661812, 0.026470267615358017, 0.1069010602340018, 0.037251610474505134, 0.05742208325355819, 0.05737140044287644, 0.11408707112988623, 0.021721776521708244, 0.14899725759643476, 0.07809435650705907, 0.135721609058023, 0.08387109470250156, 0.0713053243751768, 0.13438788085671077, 0.12408000014537432, 0.029263759887124575, 0.010628014747013258, 0.019375599476227582, 0.13319854866029746, 0.05059817198912587, 0.07544837152683642, 0.14194339937798925, 0.15129220568198104, 0.021973079772274952, 0.029307308029465382, 0.015887888463504394]"
A2XF4LU8DZCGKV,"[4.290875434875488, 2.145437717437744, 0.0, 0.0, 2.145437717437744, 0.0, 0.0, 0.0, 4.290875434875488, 0.0, 0.0, 0.0, 0.0, 2.145437717437744, 0.0, 0.0, 2.145437717437744, 2.145437717437744, 2.145437717437744, 0.0, 2.145437717437744, 0.0, 2.145437717437744, 0.0, 6.436312675476074, 0.0, 0.0, 4.290875434875488, 0.0, 0.0, 0.0, 2.145437717437744, 0.0, 0.0, 2.145437717437744, 0.0, 0.0, 0.0, 2.145437717437744, 0.0, 0.09492824135203051, 0.12671375763952986, 0.1471056205945522, 0.08863057383341583, 0.10898262585695527, 0.11793258193340087, 0.14014807983559424, 0.08464387372850256, 0.04800815529255511, 0.13681271949039867, 0.16873404750157098, 0.11157331518379018, 0.07490571374987982, 0.03218424991797904, 0.12340855286429653, 0.16734198415900126, 0.08513839240120748, 0.09185710134907134, 0.09242222776988207, 0.1096158085292431, 0.07711169006140574, 0.11499430776601316, 0.14287568677841467, 0.14245241881313056, 0.16507682260629897, 0.1666451925268878, 0.14082417650988444, 0.07118163246305281, 0.11377566677494409, 0.10863656907982855, 0.04726333804784491, 0.09009414543772594, 0.16786893882839943, 0.1562572049188142, 0.07781738303890805, 0.09615247112160553, 0.05758102336684615, 0.05688319542396793, 0.12200473029047712, 0.06476231122770193]"
A2XFY9IT8UVY9E,"[5.657654762268066, 5.657654762268066, 5.292773723602295, 4.003325939178467, 5.657654762268066, 1.6543289422988892, 6.022536277770996, 4.038420677185059, 0.3648814558982849, 6.022536277770996, 4.038420677185059, 7.09705924987793, 5.657654762268066, 6.022536277770996, 7.311984062194824, 6.022536277770996, 7.311984062194824, 4.003325939178467, 5.657654762268066, 0.3648814558982849, 5.657654762268066, 7.711960315704346, 5.257678985595703, 1.6543289422988892, 5.657654762268066, 0.0, 4.038420677185059, 5.657654762268066, 3.2384684085845947, 5.657654762268066, 3.638444662094116, 5.657654762268066, -0.3999761939048767, 0.0, 4.003325939178467, 6.9471025466918945, 7.711960315704346, 5.657654762268066, 5.657654762268066, 5.657654762268066, 0.02770940973869596, 0.06060531441312241, 0.10000743096649536, 0.15791068221230545, 0.1382764419624023, 0.10392082433402695, 0.09862413193133553, 0.04326803961637693, 0.14844386679488533, 0.03155329846956824, 0.06430016421965995, 0.07026655132221175, 0.11832792386220767, 0.16148596757376235, 0.13945974084251006, 0.06874547879660373, 0.07033816852653503, 0.1395506331471216, 0.0550309152085696, 0.060152190685048755, 0.1340797440624609, 0.056172406072502075, 0.05475402361154802, 0.02011844683430679, 0.02059385737461912, 0.05081310408686137, 0.08006600390015431, 0.09424356144676563, 0.1395967783719069, 0.058285150521247366, 0.12513177046627857, 0.1173072457483877, 0.014858112136700196, 0.043923868946743945, 0.1589945458273004, 0.014749470060029869, 0.05329211881524485, 0.1428568154046417, 0.16227018497918902, 0.14815878178942504]"
A2XNLIC0O07GPW,"[0.586065411567688, 0.0, 0.0, 1.8817452192306519, 1.819970726966858, 0.6478399038314819, 1.8817452192306519, 0.586065411567688, 0.6478399038314819, 1.819970726966858, 0.0, 0.0, 0.0, 1.819970726966858, 0.0, 1.23390531539917, 1.8817452192306519, 0.586065411567688, 1.819970726966858, 0.0, 1.172130823135376, 0.586065411567688, 0.586065411567688, 0.586065411567688, 1.172130823135376, 0.0, 0.0, 0.586065411567688, 0.0, 0.0, 0.6478399038314819, 1.819970726966858, 0.0, 0.0, 0.0, 0.6478399038314819, 0.586065411567688, 0.586065411567688, 1.8817452192306519, 1.8817452192306519, 0.11049608262132318, 0.11536785853516515, 0.04764003817616968, 0.10388692332511731, 0.14017784935072766, 0.08805200749194092, 0.17421164669422465, 0.11945730992709297, 0.08861551645821328, 0.1448648111891626, 0.08343567981008478, 0.03882603553682976, 0.042142382111633105, 0.09620452105060194, 0.1407248573500095, 0.08537374509361859, 0.12988498606209525, 0.14617491745545166, 0.06268570152776655, 0.1419844151875447, 0.15756265409440381, 0.1609118531666728, 0.1296401534002279, 0.02677496869164634, 0.06991943848580442, 0.16591619503290234, 0.08300054332994279, 0.1556568189572339, 0.17270622401424582, 0.03761548423016472, 0.14495509244860919, 0.048933731512964825, 0.06484724847227015, 0.04031796124312232, 0.10278215718387396, 0.12897362950463892, 0.027714007572443525, 0.1763713024754388, 0.11569174147471507, 0.09740718125584029]"
A2XPTXCAX8WLHU,"[7.590912818908691, 4.282254219055176, 2.2252752780914307, 2.2252752780914307, 4.450550556182861, 0.0, 4.282254219055176, -0.1682964712381363, 2.2252752780914307, 4.450550556182861, 0.0, 4.450550556182861, 2.2252752780914307, 4.450550556182861, 2.2252752780914307, 4.282254219055176, 2.2252752780914307, 0.0, 4.450550556182861, 0.0, 4.450550556182861, 4.450550556182861, 4.450550556182861, 2.2252752780914307, 4.450550556182861, 0.0, 0.0, 2.2252752780914307, 0.0, 0.0, 0.0, 4.282254219055176, 0.0, 0.0, 0.0, 4.450550556182861, 4.282254219055176, 2.2252752780914307, 4.450550556182861, 4.282254219055176, 0.07924582980729607, 0.121788928441889, 0.040340343333725937, 0.14244323370924628, 0.14634285074235034, 0.05764867579896915, 0.11622625931199562, 0.1391464173056806, 0.16727853753414235, 0.14591458290059608, 0.05666472606008396, 0.1699154299503658, 0.03836611977727601, 0.16834030947142062, 0.14379137613062898, 0.04739737197848139, 0.05103286960252929, 0.14372577795563168, 0.033492778096450265, 0.08929454286979607, 0.10957766957110629, 0.10813653827670468, 0.05683793065096199, 0.10846413683817707, 0.15111826397280584, 0.044230860362022256, 0.0382645248876183, 0.03847875646001597, 0.14916387270434053, 0.04039052545529377, 0.031535017431552355, 0.1648877360738876, 0.11874412121768649, 0.14225426639440078, 0.1295860442803391, 0.05934459714250495, 0.1601347582336408, 0.04013651520540744, 0.06663222631364048, 0.10286187675856508]"
A2XZP9S5PUM5QP,"[29.699052810668945, 29.699052810668945, 29.699052810668945, 29.699052810668945, 29.699052810668945, 10.009842872619629, 29.699052810668945, 23.93966293334961, 21.60613441467285, 29.699052810668945, 24.160030364990234, 29.699052810668945, 29.699052810668945, 29.699052810668945, 29.699052810668945, 29.699052810668945, 29.699052810668945, 29.699052810668945, 29.699052810668945, 1.3079462051391602, 29.699052810668945, 26.78550148010254, 29.699052810668945, 0.0, 29.699052810668945, 0.0, 2.6158924102783203, 29.699052810668945, 29.699052810668945, 29.699052810668945, 29.699052810668945, 29.699052810668945, -0.37910836935043335, 0.0, 29.699052810668945, 29.699052810668945, 29.699052810668945, 29.699052810668945, 29.699052810668945, 29.699052810668945, 0.04749202889568563, 0.13627197918244088, 0.1377348246326466, 0.16487982608172255, 0.11582720631787669, 0.13718288884469096, 0.11454696269659823, 0.07683871138140395, 0.1463006042323527, 0.17145591672510513, 0.07626309639642902, 0.06929494656163286, 0.07900541751184491, 0.14914420667921852, 0.10051835601641819, 0.07198275289539867, 0.10642185394322029, 0.1250538175737211, 0.0988633414237803, 0.13070812707014573, 0.10393564277034002, 0.15034598979821862, 0.04431082920031748, 0.0565094353489079, 0.12440747002531695, 0.08233785903755703, 0.1381823187928351, 0.12546441928595564, 0.16148844233897391, 0.060391651237464726, 0.15014410187333854, 0.15187476088084229, 0.1366087075424515, 0.12366105989401173, 0.15063505580945155, 0.1390094345682403, 0.10201182573171447, 0.12159198530803843, 0.12476342949137674, 0.12470284744879269]"
A2Y7WFGH3JMUTR,"[3.979768991470337, 4.075004577636719, 0.5219900608062744, 1.3132044076919556, 4.4152350425720215, -0.12900637090206146, 3.9232537746429443, 1.4909052848815918, 1.9360358715057373, 4.226706027984619, 2.1693859100341797, 1.4478163719177246, 3.2848918437957764, 3.897341012954712, 4.104394435882568, 3.3708713054656982, 4.214232444763184, 1.9210377931594849, 3.104753255844116, 0.1910407841205597, 4.014393329620361, 2.1986396312713623, 1.3796069622039795, 0.0, 3.835430383682251, 0.0, 0.0, 2.0564417839050293, 3.540132522583008, 1.3232773542404175, 0.7422351837158203, 3.9758338928222656, 0.0, 0.0801633819937706, 3.218501329421997, 1.5452054738998413, 2.348571538925171, 2.1108906269073486, 3.926656723022461, 3.097080707550049, 0.1389943168211215, 0.14990126625223413, 0.0916124311193457, 0.08838309574448056, 0.14934443008094087, 0.1370518347950765, 0.0810053862887276, 0.09893360905292534, 0.07781956830904951, 0.02173286646630582, 0.09930859626694967, 0.01213378813340578, 0.05860487762528794, 0.1447015693793733, 0.04062868554234208, 0.08626040906785645, 0.09199576586061418, 0.03941566967657456, 0.15175130895899985, 0.057272096794425194, 0.02127078572276123, 0.10749020571898775, 0.1385533882139913, 0.12782566338732662, 0.08175344534745269, 0.1277239648408732, 0.024799390587509632, 0.07206198644942312, 0.022680208320241573, 0.03507962932162475, 0.1231916282518334, 0.1214359840025593, 0.05042040964687886, 0.10182235355020831, 0.11408074727718791, 0.07475917093185981, 0.04032007167000433, 0.11810239456838002, 0.023681977943030643, 0.07930886905186639]"
A2YB7DLC3FOR7W,"[13.851825714111328, 8.253440856933594, 8.666234016418457, 9.240857124328613, 13.12802505493164, 3.285926342010498, 7.769403457641602, 3.8892126083374023, 5.680134296417236, 7.068434238433838, 5.523597240447998, 10.322911262512207, 11.807438850402832, 13.379724502563477, 10.669203758239746, 10.7233304977417, 8.230915069580078, 8.537175178527832, 14.019569396972656, 4.232208728790283, 13.419973373413086, 8.724672317504883, 13.844328880310059, 5.108591556549072, 5.795154094696045, 2.306910276412964, 1.358322262763977, 10.470526695251465, 5.430345058441162, 6.914806365966797, 9.799600601196289, 7.937146186828613, 1.641559362411499, 0.0, 13.286927223205566, 9.496734619140625, 9.366504669189453, 7.53033971786499, 10.597565650939941, 13.419973373413086, 0.13628120508976624, 0.1393707864483698, 0.06829164309202028, 0.031279571587155656, 0.02989446277386355, 0.09218299341319484, 0.12113097721519746, 0.13104397273563886, 0.07778940117405522, 0.13869713051579308, 0.05139728307333735, 0.07921463831932814, 0.019324549162603857, 0.011878931149655474, 0.047480896984698984, 0.15235071117844945, 0.12659628884536725, 0.04861689267118317, 0.08427204075957417, 0.1357671873847894, 0.09394526903180662, 0.02298607790620144, 0.1301231418338854, 0.16046438534562996, 0.054523336552447815, 0.08923735831199676, 0.10706670303564085, 0.04501404903504451, 0.12985853143102344, 0.1196633096843043, 0.11290582068249125, 0.034962857778205195, 0.14816168837054697, 0.0616851541056683, 0.0986604727495717, 0.12454171170089423, 0.08043700547022213, 0.1047555453690929, 0.07076190504938114, 0.08373692009112918]"
A2YDF506DAA5W4,"[1.1418709754943848, 0.5632290244102478, 0.7155960202217102, 1.004917025566101, 0.8525500297546387, 0.13695399463176727, 1.1418709754943848, 0.5632290244102478, 0.0, 0.7155960202217102, 0.5632290244102478, 0.8525500297546387, 0.7155960202217102, 1.1418709754943848, 1.1418709754943848, 0.8525500297546387, 0.5632290244102478, 0.8525500297546387, 1.1418709754943848, 0.13695399463176727, 1.1418709754943848, 0.0, 1.1418709754943848, 0.0, 0.8525500297546387, 0.13695399463176727, 0.13695399463176727, 0.42627501487731934, 1.4311920404434204, 0.42627501487731934, 0.42627501487731934, 1.1418709754943848, 0.8525500297546387, 0.0, 0.7155960202217102, 0.42627501487731934, 0.28932100534439087, 0.42627501487731934, 0.8525500297546387, 0.8525500297546387, -0.001880391513544811, 0.050808357730241165, 0.09804600756727425, 0.12218331025608585, 0.012563534948586834, 0.11206956973146537, -4.894781898747361e-05, 0.08059729747245134, 0.04208573458844443, 0.03890928223495041, 0.014692292395255954, 0.10739135544720713, 0.09454525091989742, -0.007311007300033249, 0.053790584605816184, 0.096918571820166, 0.007487857462173771, 0.060446479676488085, 0.042630919654762484, 0.06980428682909069, 0.08156524822869997, 0.1137855623888731, 0.046260125719205916, 0.10899458368013677, 0.1293920461314137, 0.12323829643796015, 0.05282694992540489, 0.05493819424387316, 0.008946155070090773, 0.07278564838177898, 0.10978292855583752, 0.07250739285022849, 0.07725607052721335, 0.040231135392692914, 0.09813791467406219, 0.05842896433986127, 0.04174744721419014, 0.05311989667271389, 0.11352823088609265, 0.053292517585656125]"
A2YKWYC3WQJX5J,"[18.91684341430664, 12.532674789428711, 11.642887115478516, 9.906818389892578, 15.622605323791504, 1.319449543952942, 17.142684936523438, 8.864219665527344, 7.641669750213623, 9.555295944213867, 4.455099105834961, 7.048858165740967, 12.315449714660645, 16.658817291259766, 15.93028450012207, 15.749019622802734, 10.038944244384766, 6.252477645874023, 15.845273971557617, 1.6324927806854248, 16.527376174926758, 11.756691932678223, 15.008003234863281, 0.6456034183502197, 14.452260971069336, 2.464207172393799, 2.3982489109039307, 10.31180477142334, 8.970261573791504, 8.831792831420898, 9.53429889678955, 14.167359352111816, 1.3979334831237793, 0.3212357759475708, 12.203413009643555, 11.782825469970703, 5.053124904632568, 6.431209564208984, 15.952102661132812, 14.540436744689941, 0.027053403798900463, 0.020288111732758414, 0.1524719484972609, 0.024142468393858255, 0.11951064306088542, 0.13503701811404306, 0.05280019656992366, 0.03195532794337906, 0.04905369820587147, 0.03522849852046562, 0.04403228646381983, 0.14987820828042334, 0.024067510955202914, 0.07643267478501936, 0.022068205154101968, 0.03173479110253767, 0.12892195862539613, 0.14127813615135656, 0.13121838248106132, 0.01565296632450165, 0.11947949723717374, 0.08921349348767628, 0.015691335176284932, 0.0931357316960987, 0.04288490925066359, 0.13306963203005387, 0.1335138254247574, 0.0934955327962155, 0.061938764672190776, 0.05649681644849964, 0.0485340876442437, 0.11042636488153099, 0.120587258605937, 0.033947012244813356, 0.09965637704599542, 0.06734725477150853, 0.12346425703589706, 0.025330492010991305, 0.024484588948807524, 0.13478824916433943]"
A2YNPGFDPBKZ3L,"[19.799535751342773, 19.799535751342773, 19.799535751342773, 16.27165412902832, 19.799535751342773, -1.3740382194519043, 19.799535751342773, 19.799535751342773, 14.615621566772461, 19.799535751342773, 19.799535751342773, 19.799535751342773, 16.27165412902832, 19.799535751342773, 19.799535751342773, 19.799535751342773, 19.799535751342773, 19.799535751342773, 19.799535751342773, 1.6103951930999756, 19.799535751342773, 18.378572463989258, 19.799535751342773, 0.0, 19.799535751342773, 0.0, 0.0, 19.799535751342773, 19.799535751342773, 15.671035766601562, 19.392852783203125, 19.799535751342773, 6.174781799316406, 0.0, 19.799535751342773, 17.580947875976562, 14.19151496887207, 19.799535751342773, 19.799535751342773, 19.799535751342773, 0.08131933743962141, 0.12246506459942659, 0.123825337397441, 0.11526905218479189, 0.05943371914629589, 0.09659297265230904, 0.11366571779425157, 0.09927290629887, 0.1059093720354907, 0.10439403906964458, 0.04066689518244137, 0.143855949871076, 0.06604493546091393, 0.0591244450101313, 0.13150339607783873, 0.10881013201434994, 0.15828417238856118, 0.1511511751911978, 0.11188369495897812, 0.04187578835467491, 0.1364333745931229, 0.041433848637260996, 0.04168339238380362, 0.11833289448384667, 0.14067861610100493, 0.14007063080261692, 0.05321646790259152, 0.05468998720693199, 0.07665546302925287, 0.051568036342648296, 0.09385582571955269, 0.1397810519018593, 0.0767890424010042, 0.1564950869254322, 0.11048119202628873, 0.1364009617255809, 0.03492785734098942, 0.17447721411758535, 0.15824713025612575, 0.03890197147812979]"
A2YWRVKET7JDYP,"[0.0005939872935414314, 0.0005939872935414314, 0.0, 0.3648814260959625, 0.0005939872935414314, 0.0, 0.0005939872935414314, -0.364287406206131, 0.3648814260959625, 0.0005939872935414314, 0.0, 0.0005939872935414314, 0.3648814260959625, 0.3648814260959625, 0.0005939872935414314, 0.0005939872935414314, 0.0005939872935414314, 0.3648814260959625, 0.0005939872935414314, 0.3648814260959625, 0.0005939872935414314, 0.0005939872935414314, 0.0005939872935414314, 0.0, 0.0005939872935414314, 0.0, 0.0, 0.0005939872935414314, 0.0, 0.3648814260959625, 0.0, 0.0005939872935414314, 0.0, 0.0, 0.3648814260959625, 0.0, 0.0005939872935414314, 0.3648814260959625, 0.0005939872935414314, 0.0005939872935414314, 0.11687363897115886, 0.06178870590455797, 0.060849872107540205, 0.09105174761393943, 0.03409060340354382, 0.1398474911762148, 0.084651566061153, 0.11446204414003402, 0.13960032040649237, 0.15662294793600182, 0.015523119475865781, 0.053319884055863374, 0.08686042057038439, 0.06433891094283664, 0.046720034582207456, 0.060669565361196456, 0.04503020830935441, 0.14938215045074854, 0.11084916773993458, 0.0484008117663103, 0.04519441583479249, 0.06829127124149702, 0.13938940283711782, 0.14779263596103942, 0.11299866777067026, 0.13375818939874237, 0.042591786955330724, 0.15787853778901004, 0.11359747454770978, 0.08408951551913466, 0.10854194569867073, 0.11153419428745756, 0.10535013200985424, 0.14598252996848504, 0.08795602729645725, 0.050517399593359866, 0.060206271031131506, 0.14067085278122782, 0.06644588726104769, 0.03116541496515222]"
A2YXTUAVV51KUH,"[-1.9710644483566284, 0.24254076182842255, -1.6187368631362915, -2.8059985637664795, -4.743057727813721, 0.0, -1.4757862091064453, -0.2527373433113098, 0.0, 0.23620499670505524, -0.2527373433113098, -2.4600067138671875, -0.7242068648338318, -2.4600067138671875, -0.7774669528007507, -1.1297944784164429, 0.588532567024231, 0.24254076182842255, -1.6187368631362915, 0.0, -2.8059985637664795, -0.2527373433113098, -1.9647287130355835, 0.0, -2.4600067138671875, 0.0, -0.2527373433113098, -1.422575831413269, -1.9647287130355835, -0.2527373433113098, 0.24254076182842255, -1.6187368631362915, 0.0, 0.0, -1.6187368631362915, -1.9710644483566284, -0.2527373433113098, -2.4600067138671875, -2.317056179046631, -0.5987291932106018, 0.04229015322233425, 0.14032629011900735, 0.09940313083070199, 0.14439903953552316, 0.0524661398882782, 0.1493250543913269, 0.09563273323031506, 0.05089447560889634, 0.10068135991315402, 0.14353419521116292, 0.048184668461009016, 0.158002187356784, 0.04852278711682018, 0.1751490622522749, 0.04614041359055015, 0.17042532446328432, 0.04521533915266702, 0.13717687708390877, 0.10114992474503429, 0.03275356785454679, 0.16601224214997676, 0.0399783987303294, 0.09412824662869804, 0.11124399773187994, 0.047842362540570046, 0.04696371046429909, 0.09853534875651696, 0.14636738422230675, 0.16176565508880575, 0.1347627309935165, 0.03770279013287601, 0.16716713533337868, 0.100283232036957, 0.133349755551646, 0.1309337175387962, 0.11432607062613848, 0.055358869378679974, 0.0611074554605189, 0.02654816037749423, 0.12271238312045067]"
A2Z54QPJOS4TQA,"[0.37770000100135803, 0.0, 0.37770000100135803, 1.0968669652938843, 0.37770000100135803, 0.0, 0.37770000100135803, 0.0, 0.0, 0.0, 0.0, 0.37770000100135803, 0.37770000100135803, 0.37770000100135803, 0.37770000100135803, 0.0, 0.0, 0.37770000100135803, 0.37770000100135803, 0.0, 1.0968669652938843, 0.0, 0.37770000100135803, 0.0, 0.7191669344902039, 0.0, 0.0, 0.0, 0.37770000100135803, 0.0, 0.0, 0.37770000100135803, 0.0, 0.0, 1.0968669652938843, 0.0, 0.37770000100135803, 0.0, 0.37770000100135803, 0.37770000100135803, 0.10791377730725503, 0.07959721410061643, 0.14337024335717932, 0.11589499054032382, 0.04140079341374651, 0.15007346238156846, 0.07902392256348628, 0.10381931133065381, 0.1408499036207131, 0.15055357153516016, 0.14341741251127227, 0.11127321698477384, 0.06232894489563665, 0.11647154803601643, 0.03185423405880206, 0.08763754168669405, 0.022764577259810542, 0.12436319877107611, 0.14659851857111295, 0.057974559747086415, 0.16527685643821033, 0.04308732225858686, 0.031923659780318504, 0.16217307339316717, 0.026887125331375297, 0.056376589365481455, 0.08322484416962043, 0.08733122986624431, 0.03763509815846814, 0.027349474679877032, 0.09288859632345885, 0.1635343101042232, 0.11551277845694821, 0.12026029371371892, 0.13737600169260675, 0.027341675369265215, 0.11807085816298366, 0.08838403103820873, 0.1511478975637404, 0.13659197673171808]"
A2ZJPDH0YP90SD,"[10.801074028015137, 8.358055114746094, 5.1869072914123535, 3.797210931777954, 9.180671691894531, -0.13488101959228516, 8.327047348022461, 3.240488052368164, 4.614208221435547, 8.687239646911621, 0.7849712371826172, 5.290724754333496, 5.806746959686279, 6.837879180908203, 4.456901550292969, 7.456972599029541, 4.627936840057373, 1.8958892822265625, 5.619239807128906, -0.13488101959228516, 6.463759422302246, 4.2101545333862305, 7.190715789794922, 2.232715606689453, 12.236235618591309, -0.13488101959228516, -0.13488101959228516, 6.8858747482299805, 2.6397392749786377, 3.9756827354431152, 3.0784504413604736, 8.000856399536133, -0.0561303086578846, 0.0, 2.5301425457000732, 4.570552349090576, 3.2326948642730713, 3.63806414604187, 7.219315052032471, 7.919248104095459, 0.0897664140134839, 0.1578076941930274, 0.10446220732995083, 0.04954632006606156, 0.15014510031021955, 0.14683331557021895, 0.08624144057366347, 0.15412396894111205, 0.06360687522759019, 0.07035213696589024, 0.033296319346361146, 0.10207820922493395, 0.06771051602764255, 0.08449809853840712, 0.08248712717305282, 0.15581179078708432, 0.08410294306038146, 0.08204970037480282, 0.02814628036047824, 0.066434005048224, 0.1509318140917886, 0.029619441997651222, 0.04173296073461833, 0.06903242694415508, 0.07874852490834748, 0.14673124349494832, 0.1441276478799428, 0.03352968958668255, 0.047092377506847444, 0.03656973932797776, 0.1495341463701574, 0.11588691809031601, 0.04628454582582348, 0.06693792340198716, 0.02081573201764876, 0.07839966416362176, 0.10257076836020394, 0.07073232220869798, 0.11420632482849784, 0.03041482477785288]"
A2ZSMS6M1Q4Y9R,"[4.788622856140137, 1.1318169832229614, 0.0, 1.0217955112457275, 1.1318169832229614, 0.0, 8.335407257080078, 0.0, 4.6786017417907715, 1.1318169832229614, 0.1100214421749115, 1.1318169832229614, 4.6786017417907715, 1.1318169832229614, 1.1318169832229614, 4.6786017417907715, 1.1318169832229614, 4.788622856140137, 4.6786017417907715, 1.0217955112457275, 7.845722198486328, 1.1172834634780884, 1.0217955112457275, 0.0, 8.335407257080078, 0.0, 0.0, 1.0217955112457275, 0.1100214421749115, 1.0217955112457275, 3.752293825149536, 8.43089485168457, 0.0, 0.0, 4.788622856140137, 3.5467844009399414, 1.1318169832229614, 4.788622856140137, 4.6786017417907715, 1.2273050546646118, 0.07704151686002184, 0.08089437290643112, 0.04467318702513717, 0.1264639590655126, 0.15193243996242212, 0.0775744653220672, 0.16331714277859735, 0.046252681206790956, 0.051939543612419224, 0.11422692632818124, 0.15271646399295907, 0.05042630088652061, 0.13586766130592662, 0.14901376118862095, 0.06995380468348789, 0.03938455615495002, 0.1657520817786102, 0.14884735260448864, 0.1308208810891947, 0.10863657095474373, 0.10610000473367595, 0.17828316804158886, 0.03909096973905869, 0.07969285265433354, 0.06603069951230763, 0.16820850176919336, 0.09524712325077814, 0.12096489321997779, 0.06590907535697145, 0.07415863197212763, 0.08155010673299493, 0.1354012022401612, 0.16395546881082007, 0.05240041440182936, 0.08511592252650341, 0.13746921086477706, 0.05405885373713075, 0.15839485912500056, 0.05562689373621628, 0.0458274202047583]"
A2ZY49IDE6TY5I,"[18.295000076293945, 18.206073760986328, 12.68596076965332, 12.521512985229492, 17.527690887451172, 1.3144152164459229, 19.157581329345703, 1.720481276512146, 4.673224449157715, 6.158222198486328, 0.546650230884552, 2.3495872020721436, 17.637331008911133, 18.691858291625977, 15.242379188537598, 14.955490112304688, 14.953125, 13.38178539276123, 14.521657943725586, 1.662995457649231, 15.145469665527344, 9.311370849609375, 17.22417640686035, 1.4479436874389648, 16.372316360473633, 0.0891534686088562, 0.4884600043296814, 16.263893127441406, 12.275395393371582, 11.572397232055664, 10.18661880493164, 10.532569885253906, 0.9175200462341309, 0.063954658806324, 13.175324440002441, 14.012472152709961, 12.838313102722168, 1.424357295036316, 19.594905853271484, 16.421987533569336, 0.10734269641197212, 0.10939295218772606, 0.08274282776099634, 0.11422484354054785, 0.1517026659617933, 0.09957470686259573, 0.07733447306371953, 0.07933944571673916, 0.05915149177613275, 0.06828489949221185, 0.1740945068970421, 0.11089718496912511, 0.07921493918937292, 0.10703802872933532, 0.14842894354433475, 0.03389098647869586, 0.14378205308431305, 0.028881523925486145, 0.02651688220766097, 0.10146371913422392, 0.06263947408936295, 0.09760407071224766, 0.1328612838296898, 0.09136952925182674, 0.02485760069387788, 0.16897051657545906, 0.07325295238812822, 0.1630519168862575, 0.059292256956226176, 0.05938517396765032, 0.06259567336329386, 0.11620826192245585, 0.041045014687142674, 0.03696829077163559, 0.08820807674430603, 0.07895194437077846, 0.0680940425197503, 0.040502441904742045, 0.08300397076583096, 0.1249658230071242]"
A2ZZ75UB8VK31U,"[8.271648406982422, 8.271648406982422, 8.271648406982422, 4.135824203491211, 8.271648406982422, 0.0, 8.271648406982422, 4.135824203491211, 0.0, 8.271648406982422, 4.135824203491211, 8.271648406982422, 8.271648406982422, 8.271648406982422, 8.271648406982422, 8.271648406982422, 8.271648406982422, 4.135824203491211, 8.271648406982422, 0.0, 8.271648406982422, 8.271648406982422, 8.271648406982422, 4.135824203491211, 8.271648406982422, 0.0, 4.135824203491211, 8.271648406982422, 4.135824203491211, 4.135824203491211, 4.135824203491211, 8.271648406982422, 0.0, 0.0, 4.135824203491211, 8.271648406982422, 8.271648406982422, 8.271648406982422, 8.271648406982422, 8.271648406982422, 0.08851447985075676, 0.08078732265825596, 0.17063523842708148, 0.05829861772335619, 0.10897669735772578, 0.0637049797918326, 0.17438364011803772, 0.16656194507525685, 0.047719585102066614, 0.1612187920219009, 0.12226197396784881, 0.1702227559050848, 0.10063449322462664, 0.14020589317080118, 0.10788113339327254, 0.06056685502385557, 0.0736413397411545, 0.10917432969177361, 0.06882539021139274, 0.11264742444541422, 0.11244097277267481, 0.16478224180648202, 0.05182322002586255, 0.06911035830810403, 0.1500043601873567, 0.0888509757363757, 0.1640451483137353, 0.04272181572129769, 0.0919730033994272, 0.10820412307715171, 0.15759156861492843, 0.09655782698571766, 0.0926292073794504, 0.09376899972890457, 0.06691899209864949, 0.030469344658009795, 0.09283381861669157, 0.15039142076016568, 0.132059978926343, 0.05856055086332926]"
A300SV028Q2Z4C,"[3.237074851989746, 3.237074851989746, 0.0, 0.0, 3.237074851989746, 0.0, 3.237074851989746, 3.237074851989746, 0.0, 3.237074851989746, 3.237074851989746, 3.237074851989746, 0.0, 3.237074851989746, 0.0, 3.237074851989746, 3.237074851989746, 0.0, 3.237074851989746, 0.0, 0.0, 0.0, 0.0, 0.0, 0.0, 0.0, 0.0, 0.0, 0.0, 0.0, 0.0, 3.237074851989746, 0.0, 0.0, 0.0, 0.0, 3.237074851989746, 0.0, 3.237074851989746, 3.237074851989746, 0.08085671296239003, 0.03276378828628569, 0.08693275081037359, 0.05203790918070728, 0.032407376844050914, 0.1463929584907092, 0.10922728574658289, 0.10151113903585807, 0.0548731323094824, 0.09981868692126118, 0.0817576568639164, 0.16486023797812593, 0.14865321766282036, 0.05581279861705978, 0.09670681630962391, 0.05820930656947989, 0.06339927547610234, 0.16609287695524436, 0.07694034399143307, 0.05094751710904322, 0.16078764190952002, 0.03941374423131631, 0.04780889895204407, 0.1118877060055973, 0.053938080752819875, 0.04245546051332367, 0.14255525826118015, 0.08666579628564086, 0.13504540189431757, 0.04920329402286157, 0.09941200591971942, 0.06883339162180452, 0.11367085354304339, 0.0769348113699026, 0.14183823189019779, 0.058923680306757646, 0.057372813014031444, 0.08632513409416928, 0.09462830526681663, 0.16046443683483166]"
A3091RP0SPZLMN,"[2.7178473472595215, 1.5642194747924805, 0.60626620054245, 0.8354194760322571, 3.1576294898986816, 0.2852099537849426, 3.26119065284729, 1.3011677265167236, 0.6493505239486694, 1.4746092557907104, 1.3011677265167236, 1.2530736923217773, 0.7669893503189087, 3.1576294898986816, 0.7199823260307312, 2.9702188968658447, 1.6311829090118408, 1.8758118152618408, 4.3681745529174805, 0.2852099537849426, 2.9353082180023193, 1.4479968547821045, 4.098880767822266, 0.0, 1.0115435123443604, 0.2852099537849426, 0.430622935295105, 1.5564765930175781, 3.1092305183410645, 0.5025961399078369, 0.8643083572387695, 1.6111176013946533, 0.507605791091919, 0.2893593907356262, 0.7956238389015198, 1.156956434249878, 1.0159577131271362, 0.0, 3.0389034748077393, 3.490133762359619, 0.0235028472949002, 0.01016367129842419, 0.09339103880587989, 0.12382966855291903, 0.09377037949342888, 0.024097580501599374, 0.04064829702237224, 0.10014048112653633, 0.12652481459845769, 0.08674432298972079, 0.12681971219464905, 0.146735332952148, 0.11947468318486039, 0.11687156547866985, 0.012418039767109255, 0.04729421457954179, 0.04369163512497415, 0.006628967165313362, 0.0414855239354284, 0.035848672000858235, 0.15049104246712575, 0.06335209387542982, 0.07063146087577965, 0.13474614992826062, 0.07833831121671649, 0.08152201049624065, 0.09628584612730237, 0.013699628800410596, 0.1186724851825351, 0.15256357500880968, 0.06933141922006084, 0.1206278473293194, 0.0678439315899577, 0.030708374541657497, 0.009076310655194165, 0.07775570029572403, 0.15161464588389076, 0.1115789601339536, 0.009854869123833364, 0.034186559336837126]"
A309W2EPFGXK7P,"[0.0, 0.0, 0.0, 0.0, 0.0, 0.0, 0.0, 0.0, 0.0, 0.0, 0.0, 0.0, 0.0, 0.0, 0.0, 0.0, 0.0, 0.0, 0.0, 0.0, 0.0, 0.0, 0.0, 0.0, 0.0, 0.0, 0.0, 0.0, 0.0, 0.0, 0.0, 0.0, 0.0, 0.0, 0.0, 0.0, 0.0, 0.0, 0.0, 0.0, 0.10694252649751457, 0.02135220487526442, 0.09069728539191513, 0.08748425844675808, 0.10588834391536035, 0.033560264992890276, 0.028191949757485492, 0.14524358743708748, 0.16346099114187745, 0.047290836612515215, 0.09299298830297845, 0.05849686944065569, 0.15531957135647478, 0.04639284624807899, 0.08958725325829701, 0.03349280515105828, 0.10720243408588652, 0.02852869949578152, 0.020730352167624623, 0.13129611853094972, 0.08836893297997954, 0.0726100375947032, 0.1272095062103255, 0.15147543829445081, 0.05769028536385144, 0.11647604330638227, 0.16443883968703638, 0.14780809270477052, 0.10922747792269064, 0.027421624107007398, 0.05799234818011049, 0.16030783615113928, 0.06827608871703267, 0.11846725762924384, 0.0364768067658017, 0.14101239852078792, 0.0510723733931523, 0.024725731594644897, 0.16240610758779117, 0.05139129220932096]"
A30C827CX52Y3U,"[0.0, 0.0, 0.0, 0.0, 0.0, 0.0, 0.5517513155937195, 0.0, 0.0, 0.0, 0.0, 0.0, 0.5517513155937195, 0.0, 0.0, 0.5517513155937195, 0.0, 0.0, 0.5517513155937195, 0.0, 0.5517513155937195, 0.0, 0.0, 0.0, 0.5517513155937195, 0.0, 0.0, 0.0, 0.0, 0.0, 0.0, 0.5517513155937195, 0.0, 0.0, 0.0, 0.5517513155937195, 0.0, 0.0, 0.5517513155937195, 1.2282865047454834, 0.06425857512127117, 0.02947328228116088, 0.11388538474651559, 0.05596656985933258, 0.16949379961312538, 0.05627436295043914, 0.04264050781043136, 0.05447269040000626, 0.09346673900101585, 0.12240336927284914, 0.025798351243257644, 0.028354569064427404, 0.029219159684654925, 0.05333694156747792, 0.02050397046096648, 0.10167165221567163, 0.08286365106167752, 0.03426747647728548, 0.12373045341644344, 0.07405116565913936, 0.15074361365318228, 0.11851226030808527, 0.028778913553171682, 0.037458155373830515, 0.10545275663216179, 0.14506508448107508, 0.0834897189965196, 0.08346734459878323, 0.15382155573580036, 0.05104967551294742, 0.03003842659171237, 0.047908071947210175, 0.11015614578568882, 0.06653724565872844, 0.07881113480323391, 0.04256558772031115, 0.06135932132304641, 0.05341967016630904, 0.13283819382319834, 0.025898601185812935]"
A30EPPTPW7M9D0,"[4.653000831604004, 3.1984739303588867, 2.326500415802002, 3.1984739303588867, 3.1984739303588867, 1.743947148323059, 3.1984739303588867, 2.9090535640716553, 0.8719735741615295, 4.653000831604004, 2.326500415802002, 2.326500415802002, 2.326500415802002, 3.1984739303588867, 4.653000831604004, 3.1984739303588867, 2.326500415802002, 3.1984739303588867, 3.1984739303588867, 2.326500415802002, 2.326500415802002, 4.653000831604004, 3.1984739303588867, 0.0, 2.326500415802002, 0.0, 2.326500415802002, 3.1984739303588867, 2.326500415802002, 2.326500415802002, 3.1984739303588867, 3.1984739303588867, 0.0, 0.0, 3.1984739303588867, 3.1984739303588867, 2.326500415802002, 2.326500415802002, 4.653000831604004, 3.1984739303588867, 0.0278815370022622, 0.14292391852621406, 0.0986302642997409, 0.10567946541902905, 0.14410401893035188, 0.11490256575784308, 0.14458918266087903, 0.030059944360295736, 0.0913917746607206, 0.14979499943035732, 0.03185512267496483, 0.12415824915988341, 0.17224318291965202, 0.17389127430097417, 0.11913093160996246, 0.1626230348925534, 0.029725017670541566, 0.10428057462893554, 0.15930224916040353, 0.04280499491651739, 0.027442366484764807, 0.1268277349994656, 0.07267915291132873, 0.06196919272896076, 0.06479826232811463, 0.11125017702695715, 0.15765527669064572, 0.07479339704021785, 0.027404137659571986, 0.16087963619674592, 0.104068534492504, 0.1284548808073397, 0.11507241198293658, 0.15339120011750268, 0.1622307538436037, 0.02802634087318644, 0.11406597643305126, 0.09778313439552434, 0.13132307163954995, 0.05457406784086925]"
A30VYJQW4XWDQ6,"[3.0042004585266113, 2.7798972129821777, 3.0461506843566895, 2.7598767280578613, 2.7698869705200195, 1.439347743988037, 2.7798972129821777, 0.5363682508468628, 0.8278774619102478, 2.168426752090454, 1.538145899772644, 2.7047951221466064, 2.7798972129821777, 2.7698869705200195, 2.7798972129821777, 2.7798972129821777, 2.7047951221466064, 2.6947848796844482, 2.6947848796844482, 1.3642456531524658, 2.7698869705200195, 0.8278774619102478, 2.929098606109619, 0.0, 3.0042004585266113, 0.5363682508468628, 1.3642456531524658, 3.270453929901123, 2.6762166023254395, 0.6114702224731445, 2.7798972129821777, 3.0042004585266113, 1.8018155097961426, 0.0, 2.6947848796844482, 2.629693031311035, 2.093324899673462, 2.168426752090454, 2.7798972129821777, 2.7798972129821777, 0.08676723048198161, 0.10706295684780286, 0.06219305940749237, 0.0749072063869748, 0.09760142542994868, 0.1403896499805664, 0.10784572979971226, 0.04868225602246944, 0.05503304714543865, 0.11629676127817755, 0.06692962545584248, 0.05394796500430633, 0.08395258890036922, 0.07634224260776841, 0.1267760287284033, 0.0679281394535632, 0.15464129210002742, 0.1653290171359903, 0.15010737304607083, 0.14471506766531284, 0.0725455553564725, 0.06373618377851, 0.15166762963547248, 0.0460174799889943, 0.07861205674060633, 0.15345373560510261, 0.08533819246790376, 0.15919862977725796, 0.03993678870038634, 0.023250417791394147, 0.13518291944717892, 0.09432476734041025, 0.1690045032227325, 0.1320025825699702, 0.07473578874112206, 0.12626431448740674, 0.109293117433229, 0.053673464176510144, 0.06591889635571538, 0.14273775112228654]"
A313XPHJ3L9OPW,"[0.7327018976211548, -0.659691572189331, 1.3923933506011963, 0.7327018976211548, -0.16087017953395844, -0.49275779724121094, 1.7992711067199707, 0.4008142650127411, 0.4008142650127411, 1.7932076454162598, 0.4008142650127411, -0.49275779724121094, 0.7327018976211548, 0.7327018976211548, 1.7932076454162598, 1.3004498481750488, -0.659691572189331, 0.4008142650127411, 0.7327018976211548, 0.0, 0.7327018976211548, 0.4008142650127411, 0.23994408547878265, 0.0, 0.4008142650127411, 0.0, 0.0, 0.3318876028060913, 1.7932076454162598, 1.3923933506011963, 0.3318876028060913, 0.6698387265205383, 1.3923933506011963, 0.4008142650127411, 1.3923933506011963, 1.7932076454162598, 0.4008142650127411, 0.0, -0.16087017953395844, -0.659691572189331, 0.16723180935638604, 0.05343796857989403, 0.1245729035570636, 0.14613388853050885, 0.15577272424342364, 0.066494502268501, 0.1296180691823305, 0.13153242197611614, 0.0843333746413117, 0.054942734355601035, 0.07153829550174542, 0.13781645574068563, 0.14401519336687757, 0.16573242155736279, 0.05392998975203754, 0.14543380671034611, 0.051242890375356676, 0.0562408227927407, 0.07577147363009032, 0.1030494074997395, 0.1506924860332963, 0.16573164063912219, 0.06940443441246553, 0.16430006782729034, 0.0996285634742553, 0.07811881737469877, 0.15961102710303213, 0.16550889164806648, 0.14902967840099654, 0.07363276253012717, 0.06372284521509668, 0.032340846265198064, 0.07892859823197472, 0.04511655698425452, 0.05997961564375535, 0.031482862505542324, 0.0411138862572889, 0.06601678691134676, 0.09788677134744962, 0.08459449820145021]"
A316WN9Q8LGXT,"[7.276249885559082, 7.276249885559082, 0.0, 0.0, 7.276249885559082, 0.0, 7.276249885559082, 7.276249885559082, 0.0, 7.276249885559082, 0.0, 7.276249885559082, 0.0, 7.276249885559082, 7.276249885559082, 7.276249885559082, 7.276249885559082, 7.276249885559082, 7.276249885559082, 0.0, 7.276249885559082, 14.701698303222656, 7.276249885559082, 0.0, 7.276249885559082, 0.0, 0.0, 0.0, 0.0, 0.0, 0.0, 7.276249885559082, 0.0, 0.0, 0.0, 0.0, 7.276249885559082, 7.276249885559082, 7.276249885559082, 7.276249885559082, 0.05475730421457586, 0.14511550052080793, 0.022949804793849386, 0.03366379260503679, 0.15909458765516668, 0.07764646555741676, 0.07170860034813231, 0.022089330326134016, 0.14686021487444254, 0.16374388954910543, 0.023106826053227197, 0.1325142034941074, 0.06203448907523708, 0.1344484655820875, 0.1497578449654666, 0.11827093645151425, 0.1642049075516691, 0.0830314916606393, 0.1006262910849334, 0.16508724530724453, 0.038628996981180636, 0.16563929962396703, 0.15010021591975675, 0.1510735087067054, 0.16081190687479285, 0.11869329384510294, 0.1485903606925138, 0.06462671875569419, 0.09364190674796301, 0.12009893630411592, 0.05049706810436481, 0.09613351245973525, 0.054354426815736406, 0.024285078655953876, 0.09897583799931152, 0.04460917116307455, 0.1621283844364273, 0.13802536055500123, 0.13409520310156012, 0.10806071401855614]"
A31HMJPZBE79NG,"[-5.749199867248535, -1.8801424503326416, -2.0197901725769043, -4.3972697257995605, -3.5538136959075928, 0.0, -3.1961240768432617, -2.6007180213928223, -2.8255655765533447, 0.49733713269233704, 0.49733713269233704, -3.025601387023926, -4.669759273529053, -3.899932384490967, -9.832030296325684, -6.533938407897949, -3.1961240768432617, -1.3468568325042725, -5.749199867248535, 0.0, 0.6729333996772766, -4.572865962982178, -3.899932384490967, 0.0, -3.0205283164978027, 0.0, -1.849267601966858, 0.17559626698493958, -8.5747652053833, 0.0, -4.221673488616943, -3.905005931854248, 0.49733713269233704, 0.0, -2.0197901725769043, -7.398431777954102, -2.0197901725769043, 0.49733713269233704, -1.3468568325042725, -4.172422409057617, 0.1704614535039968, 0.05559559473481389, 0.032411304164023276, 0.13827784258659914, 0.04964134610007402, 0.1251683642591914, 0.12862453002377774, 0.07841345194324638, 0.05733738892600755, 0.031022265390983038, 0.14019756094686692, 0.1547266877934792, 0.12183083660703702, 0.10456755620962196, 0.10034517460834538, 0.0622488521066131, 0.13804625757816777, 0.13944814658706134, 0.05423255943222032, 0.11950926327834568, 0.10961645358511482, 0.17079344626822643, 0.1205643722580097, 0.12011825554554573, 0.059756270889855335, 0.05021771579682588, 0.06105970286762946, 0.1320645312846796, 0.07539420399677978, 0.11287810268184707, 0.09723196415691042, 0.11847519511668443, 0.13868625623872652, 0.09720268166072915, 0.06587492991783876, 0.1062486774058768, 0.09076155222267661, 0.17978916944962775, 0.180154740345003, 0.14295508502966817]"
A31MET9QVHSWD9,"[6.9238200187683105, 6.9238200187683105, 3.4619100093841553, 3.615159034729004, 6.9238200187683105, 0.1532488763332367, 6.9238200187683105, 0.0, 0.0, 3.4619100093841553, 0.0, 6.9238200187683105, 6.9238200187683105, 6.9238200187683105, 6.9238200187683105, 6.9238200187683105, 6.9238200187683105, 3.615159034729004, 6.9238200187683105, 0.0, 6.9238200187683105, 3.3086612224578857, 6.9238200187683105, 3.3086612224578857, 6.9238200187683105, 0.0, 0.0, 6.9238200187683105, 0.1532488763332367, 0.1532488763332367, 3.615159034729004, 3.4619100093841553, 0.0, 0.0, 0.0, 3.3086612224578857, 3.3086612224578857, 3.4619100093841553, 6.9238200187683105, 6.9238200187683105, 0.10299814308743167, 0.09411573390182809, 0.043477630320107756, 0.15860301361862583, 0.1100220986702787, 0.13460330551320732, 0.04264487703916071, 0.14956011195109775, 0.1453138474192153, 0.059369461689835736, 0.12966920662898168, 0.05824336485410696, 0.08395076926358565, 0.1634961624799172, 0.042701562829401456, 0.07751038028735376, 0.10964368159411825, 0.0759002988077864, 0.1728113721196134, 0.11923531566077515, 0.1339463412081311, 0.08525226700013767, 0.05915579736328943, 0.05842098247724401, 0.13545382399931627, 0.09297795611233746, 0.14729304913931648, 0.15384059127959016, 0.10562028317245127, 0.0391677625370534, 0.10472259748128313, 0.15869743972517197, 0.06762381908543878, 0.0620663225854738, 0.14785760194114558, 0.03352314640309423, 0.1462480440605583, 0.053972309578219205, 0.052048826413534546, 0.0361175299365903]"
A31URN5S2Q0UJV,"[14.849552154541016, 14.849552154541016, 3.0120458602905273, 12.388351440429688, 14.849552154541016, 3.5808212757110596, 14.849552154541016, 14.13086986541748, 8.388362884521484, 14.849552154541016, 8.008325576782227, 14.849552154541016, 11.845673561096191, 14.849552154541016, 14.849552154541016, 14.849552154541016, 14.849552154541016, 14.849552154541016, 14.849552154541016, 8.388362884521484, 14.849552154541016, 14.849552154541016, 14.849552154541016, 0.0, 14.849552154541016, 0.0, 0.7490485310554504, 12.25425910949707, 10.646126747131348, 12.718233108520508, 4.195777893066406, 14.849552154541016, 7.193234443664551, 0.0, 8.87357234954834, 0.8002052307128906, 14.849552154541016, 14.849552154541016, 14.849552154541016, 14.849552154541016, 0.032544708489710854, 0.14400746975601145, 0.0640666341398547, 0.1149537836176226, 0.0960283697976639, 0.1521192206532851, 0.05575658157715782, 0.058194607914021375, 0.12026209717324822, 0.14903186110300734, 0.10217705241719868, 0.06529938152429823, 0.1566436685902161, 0.02997276622073141, 0.0994916141824242, 0.05210208687645148, 0.06073402649096446, 0.0330027301071959, 0.08508041466234836, 0.08222061183905743, 0.027619162670803155, 0.09190328016565072, 0.17053862423091518, 0.1339947370923446, 0.066904820016917, 0.14415995723632447, 0.059365940748968046, 0.1656912583392827, 0.030824947761835773, 0.13393193389056876, 0.13114743357856098, 0.040261395941015535, 0.0383687807151543, 0.1388379492364821, 0.16656944586689174, 0.14857765133545084, 0.10556637638581946, 0.07633192803071702, 0.05245671296905673, 0.14348095803917563]"
A31W4OHQPNCNKY,"[0.9019208550453186, 1.2974387407302856, 0.803041398525238, 2.2433245182037354, 22.23259735107422, 0.803041398525238, 4.253317832946777, 2.725938558578491, 0.0, 0.0, 0.803041398525238, 3.7459704875946045, 3.2323412895202637, 3.4418840408325195, 1.4926409721374512, 1.198559284210205, 1.7049622535705566, 3.046365976333618, 3.7359654903411865, 0.803041398525238, 2.7351651191711426, 0.39551791548728943, 1.8038417100906372, 0.0, 0.803041398525238, 0.803041398525238, 0.803041398525238, 1.198559284210205, 4.262544631958008, 0.803041398525238, 0.803041398525238, 4.253317832946777, 0.803041398525238, 0.0, 2.1444451808929443, 1.7892792224884033, 1.5273792743682861, 0.0, 3.726738929748535, 1.198559284210205, 0.11508102545470555, 0.08408788023908353, 0.1455146550844505, 0.1579611819251591, 0.16071906912619172, 0.1510386314450228, 0.08588528563692353, 0.1437904146409126, 0.09181203519020158, 0.045498554541318, 0.058451592971139964, 0.11538447049003876, 0.06637885485772081, 0.08884914354554774, 0.04573487958995452, 0.1452309629159257, 0.1450255099372821, 0.08438376549631786, 0.04510592962524266, 0.07544160586288805, 0.1180887315100823, 0.11747366903472584, 0.13805345590448564, 0.08906890632675393, 0.04140303668830469, 0.03512011183502437, 0.13525672679963943, 0.11430349055346013, 0.11020211815791926, 0.08579539689595221, 0.0478331094013767, 0.07965791635368868, 0.0867591236513797, 0.07434872928783837, 0.14996869668938825, 0.10624756003744508, 0.1657255631652778, 0.09542205277000797, 0.10243681933692332, 0.17272885827186266]"
A31XUJMEDBUGKR,"[-0.711792528629303, 0.11553016304969788, -0.23195131123065948, -0.9831448197364807, -1.3302303552627563, -0.4673675000667572, -1.810071587562561, 1.4768457412719727, 1.0982791185379028, -0.61012202501297, 0.8939480185508728, -1.3302303552627563, 1.3821051120758057, -1.3302303552627563, -1.3302303552627563, -0.400247186422348, -0.4673675000667572, 0.6309115290641785, -0.23195131123065948, 0.8939480185508728, -0.23195131123065948, 0.7511935830116272, -0.9831448197364807, 0.0, -0.23195131123065948, 0.8939480185508728, 0.8939480185508728, -0.23195131123065948, -0.9831448197364807, 1.3821051120758057, 0.2838260531425476, -0.9311711192131042, 0.8939480185508728, 0.0, 0.3781706988811493, 0.031085235998034477, 0.2713523507118225, -1.877092957496643, -0.23195131123065948, 1.2138091325759888, 0.15501871390178934, 0.06920988901402467, 0.042149216762367554, 0.1420382003513715, 0.05347819159245031, 0.13534096473596643, 0.07617845775215988, 0.14989273767540542, 0.04855555391459645, 0.07715456649037986, 0.10954758996412911, 0.11882013925098657, 0.11261979276682742, 0.1621287690856952, 0.09848527982675911, 0.08314013272326193, 0.13398195630095214, 0.022061443223069636, 0.14516945845187593, 0.15096339128345007, 0.16781573645385528, 0.10562826581289357, 0.15241284662410262, 0.056875769158955765, 0.08217220548556246, 0.155482749212468, 0.1677553634597113, 0.09083546539088856, 0.06687668221200829, 0.16277599584582014, 0.09968010178354773, 0.10927053886575401, 0.1453673478143332, 0.0591657129204558, 0.08726176280550692, 0.10254195674569766, 0.08547230560717155, 0.027329529905510214, 0.16467690914006747, 0.10898101557394349]"
A320TM0B7A5Q1C,"[-0.0017077155644074082, 0.04368286579847336, -0.022769540548324585, -0.4043821096420288, -0.17470672726631165, -0.2313830852508545, 0.03994569554924965, 0.0, 0.0, 0.21294471621513367, 0.0, -0.2313830852508545, -0.2313830852508545, -0.0017077155644074082, -0.2313830852508545, 0.06165100634098053, 0.06165100634098053, -0.17470672726631165, -0.0017077155644074082, 0.0, -0.17470672726631165, 0.2930341064929962, -0.4677408039569855, 0.2930341064929962, 0.06165100634098053, 0.0, 0.0, -0.4043821096420288, -0.8087642192840576, -0.29474180936813354, 0.06278948485851288, -0.0017077155644074082, 0.0, 0.0, -0.3852754831314087, -0.06335872411727905, 0.2930341064929962, -0.2313830852508545, -0.17470672726631165, -0.17470672726631165, 0.1389458603478986, 0.01744228253552808, 0.15138875707891164, 0.1468205146280674, 0.04326744696905814, 0.024179856160288917, 0.10362312474311963, 0.1577618488000325, 0.046534585507364216, 0.13850906544133482, 0.07912238488583842, 0.09344959625580859, 0.14239553203449487, 0.044654553705924936, 0.09892828109084635, 0.06041463010647315, 0.14733883607214981, 0.15808304693159564, 0.13391173771218184, 0.13242750843288656, 0.08204123438171732, 0.11225914633890037, 0.03593042369159421, 0.049134714534469055, 0.14789201235259586, 0.051647681233313036, 0.09961678910632685, 0.15725172728997058, 0.03661945109683059, 0.07828622006816692, 0.022646160825840204, 0.10154538797784639, 0.1608093465702352, 0.03546680780549778, 0.15807755132123089, 0.14586701649284178, 0.10092168843041133, 0.1559912922550767, 0.07045582985518192, 0.05400512714151461]"
A324UOF43Y43WY,"[0.36183595657348633, 1.2740362882614136, -0.1885284185409546, 0.36183595657348633, 0.36183595657348633, 0.0, 0.36183595657348633, 0.0, 0.9122003316879272, 0.7236719131469727, 0.0, 0.36183595657348633, 0.36183595657348633, 0.36183595657348633, 1.2740362882614136, 0.36183595657348633, 0.36183595657348633, 0.36183595657348633, 0.36183595657348633, 0.9122003316879272, 0.36183595657348633, 0.9122003316879272, 0.36183595657348633, 0.0, 0.36183595657348633, 0.0, 0.0, 0.36183595657348633, -1.1007287502288818, 0.36183595657348633, 0.36183595657348633, 0.36183595657348633, 0.0, 0.0, 1.2740362882614136, -0.5503643751144409, 0.9122003316879272, 0.36183595657348633, 0.36183595657348633, 1.2740362882614136, 0.08893893353592741, 0.03979854133661635, 0.041388027306448055, 0.08059197167330669, 0.042190369223512075, 0.11420144910845943, 0.04552347744502524, 0.07598366782353379, 0.17641477521008436, 0.12343363642764671, 0.17230333999287042, 0.11096001870710259, 0.04559623073431979, 0.13504744217410597, 0.09962057295787174, 0.11204296233717617, 0.1491228524334778, 0.06846380378430597, 0.15650838812023513, 0.1755957058180065, 0.07625093315450537, 0.10835897678188731, 0.10761910758712648, 0.11133160953329595, 0.16021249292686948, 0.1416596783711277, 0.09431476540675005, 0.0657464991203841, 0.06040619082659463, 0.13131717227702808, 0.1085533034085826, 0.12183829744391517, 0.1390137570243188, 0.0520780017072464, 0.17334432334914887, 0.09218821155934025, 0.16041752009767454, 0.1252008813573216, 0.1537275583941092, 0.1477813176580943]"
A324WQKVD3TLLQ,"[14.849679946899414, 7.8862199783325195, 12.703531265258789, 5.673951625823975, 14.385368347167969, 0.8202964067459106, 14.849679946899414, 3.5612504482269287, 0.9124758243560791, 12.299322128295898, 6.0536956787109375, 14.026155471801758, 11.941927909851074, 14.026155471801758, 12.301142692565918, 10.997339248657227, 14.849679946899414, 12.086786270141602, 14.849679946899414, 0.5550811290740967, 11.676712036132812, 5.9687180519104, 14.101442337036133, 3.388028621673584, 12.835693359375, 3.0248799324035645, 0.8202964067459106, 10.482240676879883, 3.711937665939331, 0.5550811290740967, 12.592826843261719, 14.849679946899414, 3.3017892837524414, 0.0, 4.479480743408203, 10.07209300994873, 8.734136581420898, 7.808890342712402, 14.849679946899414, 14.849679946899414, 0.05243127073396584, 0.12188566924800351, 0.11081904113290492, 0.1396133593586248, 0.16260987249160752, 0.16194777021806883, 0.05469693601767035, 0.07210444635011419, 0.05524889357136529, 0.14491254133998954, 0.14987395703568732, 0.11352662906493939, 0.1312044014285376, 0.12965041975784333, 0.1152770117024642, 0.1389783489468879, 0.09970814937982002, 0.16342161135386524, 0.1097299087928033, 0.02294637464035544, 0.07343924270685741, 0.08503655027273944, 0.10434926771806152, 0.04133742999706967, 0.03702109212901047, 0.1364370367768616, 0.04676610918757697, 0.02579125088212159, 0.02756414808834, 0.11960951985046935, 0.17115428436047547, 0.025960306231544144, 0.1209475606212538, 0.0727820289904264, 0.022142042074912258, 0.11324294485241808, 0.04258005497626972, 0.08958970040717164, 0.09690751081381496, 0.14681226427326674]"
A325V83PQAIH80,"[-0.7815881371498108, -0.7815881371498108, -0.7815881371498108, -0.7815881371498108, -0.3907940685749054, -0.3907940685749054, 0.22442814707756042, -0.3907940685749054, -0.3907940685749054, -0.3907940685749054, 0.0, -0.3907940685749054, -0.7815881371498108, -0.7815881371498108, -0.3907940685749054, -0.3907940685749054, -0.3907940685749054, -0.3907940685749054, -0.7815881371498108, 0.0, -0.7815881371498108, -0.3907940685749054, -0.3907940685749054, 0.0, -0.7815881371498108, 0.0, 0.0, -0.7815881371498108, -0.3907940685749054, -0.3907940685749054, -0.7815881371498108, 0.6152222156524658, 0.0, 0.0, -0.7815881371498108, 0.22442814707756042, 0.0, 0.0, 0.22442814707756042, -0.7815881371498108, 0.17367892550832928, 0.058871507235542624, 0.07501223749426567, 0.1347140567950857, 0.03453241044088735, 0.03768333948559224, 0.1606308924019033, 0.04147273120056105, 0.11750218053578429, 0.07246515729702956, 0.17625001586904576, 0.12749784910132453, 0.11301024404650598, 0.12197385706931464, 0.12075998584185256, 0.06126328901261137, 0.05130475612403726, 0.07749846776707105, 0.09136057817073671, 0.15816602648929334, 0.08485996690096176, 0.049951084174774375, 0.16670826333822028, 0.0807389788232937, 0.0668957589658278, 0.1628757274235839, 0.05686827800468777, 0.17802194893908055, 0.09605735037084935, 0.06001056229722332, 0.13697595916951155, 0.09749101083987154, 0.140186110859416, 0.08631681945652198, 0.1241259021701118, 0.07815197526445491, 0.16466180327057373, 0.07981332772913988, 0.10059100621345976, 0.06548788663097616]"
A327QPYID8TDAA,"[4.780999183654785, 2.357477903366089, 2.357477903366089, 4.780999183654785, 4.780999183654785, 2.357477903366089, 4.780999183654785, 0.0, 0.0, 2.357477903366089, 0.0, 2.357477903366089, 2.357477903366089, 4.780999183654785, 2.357477903366089, 2.357477903366089, 2.357477903366089, 4.780999183654785, 7.2045207023620605, 0.0, 4.780999183654785, 0.0, 4.780999183654785, 0.0, 2.357477903366089, 0.0, 0.0, 2.2312567234039307, 7.2045207023620605, 2.357477903366089, 4.780999183654785, 2.357477903366089, 0.0, 0.0, -0.1262212097644806, 0.0, 2.4235215187072754, 2.357477903366089, 2.357477903366089, 4.780999183654785, 0.051110119302356614, 0.03883783288629586, 0.05026185619062182, 0.1657064819909637, 0.125733673024531, 0.08228124275829314, 0.12103507536347832, 0.03550249904800753, 0.09318022845257178, 0.08532347599688413, 0.08101624410218905, 0.05438502008672284, 0.10540502802965455, 0.09598785989845066, 0.04922194503002362, 0.12066245224136751, 0.0491021040071438, 0.1672506227433605, 0.1029171764737257, 0.03640826034531262, 0.05039966613730554, 0.043617118931891984, 0.030588220959649613, 0.11281751867948507, 0.16007677818145638, 0.08239603008149525, 0.11274668372266282, 0.10100302310209557, 0.10153226042319653, 0.14391627137700477, 0.06059132982367568, 0.027988488499453856, 0.1392987838783281, 0.12270102969079552, 0.14170770775709193, 0.059521817713557613, 0.12463043896312738, 0.16024469235527508, 0.091342581413657, 0.147325141884521]"
A32BY7UM2ZCWHM,"[24.660411834716797, 5.495229244232178, 24.7493839263916, 18.389225006103516, 19.899309158325195, 2.339435338973999, 21.099342346191406, 1.9950478076934814, 3.429398536682129, 4.64453125, 3.429398536682129, 17.85482406616211, 23.901840209960938, 23.460371017456055, 22.870223999023438, 24.7493839263916, 5.620399475097656, 21.120691299438477, 24.7493839263916, 2.339435338973999, 24.7493839263916, 4.64453125, 24.7493839263916, 1.2151328325271606, 9.700582504272461, 0.0, 17.594213485717773, 17.85482406616211, 20.75000762939453, 17.559873580932617, 24.7493839263916, 21.120691299438477, 14.42542552947998, 0.0, 24.7493839263916, 4.258749961853027, 2.339435338973999, 4.64453125, 20.26999282836914, 19.054859161376953, 0.08390265203668093, 0.04708335450996605, 0.12941222844293662, 0.11470531647996347, 0.03996182598195268, 0.06369405343460875, 0.1101779309179433, 0.12763364409098663, 0.16616274431863176, 0.16297055099530147, 0.0942801224049717, 0.08833032375495413, 0.04326319027611505, 0.07601162814371674, 0.058386051244625654, 0.16968682670015856, 0.09257574287772152, 0.12484595733907645, 0.04956117582533416, 0.11252386677247811, 0.07444974210742894, 0.1803619090066646, 0.0727474892963017, 0.07443817227081409, 0.10005555986181582, 0.11649238924094833, 0.10458871395923362, 0.1400861886225626, 0.1420311466806665, 0.04214817087754514, 0.06949427246299666, 0.09662152776684123, 0.10035575975460617, 0.08508107811327585, 0.08009858490112771, 0.07526694289144785, 0.050443292106843986, 0.06300366850902042, 0.09828596671415187, 0.15575588659410505]"
A32MXI9376X72P,"[0.0, 0.0, 0.0, 0.05600544437766075, 0.0, 0.05600544437766075, 0.0, 0.0, 0.0, 0.0, 0.0, 0.05600544437766075, 0.0, 0.0, 0.0, 0.0, 0.0, 0.0, 0.0, 0.0, 0.0, 0.0, 0.0, 0.0, 0.0, 0.0, 0.0, 0.0, 0.0, 0.0, 0.0, 0.0, 0.0, 0.0, 0.0, 0.0, 0.0, 0.0, 0.0, 0.0, 0.11454903264677296, 0.10028027162115026, 0.1354593075491006, 0.1461520138702128, 0.020469719557391037, 0.044277823230145695, 0.12101781033939447, 0.055892172620548755, 0.034642881431428664, 0.059708177024457056, 0.02065735723255856, 0.11316950476529682, 0.10328224312503609, 0.06042616287926623, 0.04889791888349324, 0.037157199680079835, 0.0795764017241755, 0.01810070139365041, 0.08113330968508177, 0.038348732325342604, 0.15948662937382138, 0.04221630504347986, 0.07129872377595974, 0.08409577527112758, 0.07378713507483674, 0.02573639902358946, 0.04934239800202926, 0.04527378623656321, 0.13243150171222323, 0.08302002164112768, 0.07124326713412737, 0.02261558677746293, 0.1594927663077726, 0.04890593553880086, 0.10433601521436679, 0.0798108480628853, 0.1534534565827037, 0.16327724768640506, 0.14490157149276817, 0.08590175883713848]"
A32NCLA7SHQBFW,"[0.5265167355537415, 0.46360400319099426, 0.46360400319099426, 0.46360400319099426, 0.5265167355537415, 0.46360400319099426, 0.46360400319099426, 0.46360400319099426, 0.0, 0.0, 0.46360400319099426, 0.46360400319099426, 0.5265167355537415, 0.46360400319099426, 0.46360400319099426, 0.46360400319099426, 0.46360400319099426, 0.46360400319099426, 0.46360400319099426, 0.46360400319099426, 0.46360400319099426, 0.46360400319099426, 0.46360400319099426, 0.0, 0.46360400319099426, 0.46360400319099426, 0.46360400319099426, 0.46360400319099426, 0.46360400319099426, 0.46360400319099426, 0.8113317489624023, 0.5265167355537415, 0.46360400319099426, 0.0, 0.46360400319099426, 0.5265167355537415, 0.0, 0.0, 0.46360400319099426, 0.46360400319099426, 0.06537234594778321, 0.14544317717608968, 0.13226351777585074, 0.012084215361532012, 0.15392458034393763, 0.11262662023815245, 0.10463025149121925, 0.01866834951707755, 0.1366033764612673, 0.1455215252927042, 0.08333490029786249, 0.040195764807849185, 0.04754596250876104, 0.07773044724079663, 0.019372084503493935, 0.09979686768188538, 0.05852222033605856, 0.03582517715336602, 0.032103995672037214, 0.01457491276986167, 0.11659649000106291, 0.054786797846455855, 0.07724907088855083, 0.01253991352884069, 0.1571437916680687, 0.08135601270248496, 0.05522006646140292, 0.10169706219260424, 0.11214332581708399, 0.13054503240396317, 0.09561267180117129, 0.027561548759393494, 0.023897721744108345, 0.11287680658453576, 0.09477347786980682, 0.06056642386883661, 0.14499617899822825, 0.03039872111750919, 0.0744884827789588, 0.009351861380212132]"
A32PX7W05VFWOJ,"[16.543312072753906, 16.543312072753906, 19.799604415893555, 3.3086624145507812, 16.543312072753906, 0.0, 19.799604415893555, 4.405313014984131, 0.0, 19.799604415893555, 0.0, 16.543312072753906, 16.543312072753906, 19.799604415893555, 19.799604415893555, 19.799604415893555, 16.543312072753906, 3.3086624145507812, 16.543312072753906, 0.0, 16.543312072753906, 13.234649658203125, 16.543312072753906, 13.234649658203125, 19.799604415893555, 0.0, 0.0, 17.639963150024414, 3.3086624145507812, 4.405313014984131, 3.3086624145507812, 19.799604415893555, 3.3086624145507812, 0.0, 8.810626029968262, 16.543312072753906, 19.799604415893555, 16.543312072753906, 19.799604415893555, 19.799604415893555, 0.07746157827194237, 0.054864280178363735, 0.1173310235762717, 0.039213901946893163, 0.1388417727614274, 0.14975683729712844, 0.0671837111043591, 0.13632620775038634, 0.14939243487814058, 0.16476497555931044, 0.07191804987062175, 0.16190553106256894, 0.05724382570289104, 0.17437446077006002, 0.031423991455092566, 0.11064842315057254, 0.035650742362199846, 0.04082120823518874, 0.14131479384271606, 0.148063181701893, 0.12036474388342581, 0.054550275095965696, 0.04000933150683567, 0.11405599241017135, 0.03194504062067381, 0.13474789804351256, 0.07345393792658055, 0.11323484693711965, 0.052209902278938916, 0.11496137207156917, 0.10139018208051824, 0.073454709609188, 0.13534411174001118, 0.08511826027458434, 0.07943475215275092, 0.10893367935005685, 0.16436370217498458, 0.04140579919886019, 0.11739161302135498, 0.04736783850290004]"
A32RAW9ILQYP9S,"[-0.5773533582687378, -0.5773533582687378, 0.0, 0.0, -0.5773533582687378, -0.5773533582687378, -0.5773533582687378, -0.5773533582687378, 0.0, -0.5773533582687378, 0.0, -0.5773533582687378, 0.0, 0.0, 0.0, -0.5773533582687378, 0.0, 0.0, -0.5773533582687378, 0.0, 0.0, 0.0, -0.5773533582687378, 0.0, -0.5773533582687378, 0.0, 0.0, 0.0, 0.0, 0.0, 0.0, -0.5773533582687378, 0.0, 0.0, 0.0, 0.0, -0.5773533582687378, 0.0, -0.5773533582687378, 0.0, 0.07898510660894649, 0.11507161314771715, 0.1666184760015276, 0.11784011313921584, 0.055622235619687696, 0.0864997146796301, 0.16480875207367113, 0.12161454683976941, 0.03478168933347682, 0.11502207477278818, 0.06694787311564154, 0.12689077811444976, 0.03564230001913112, 0.08483004691306191, 0.0885254958124697, 0.12364306818860508, 0.0321976517289043, 0.13675323477189932, 0.07650567027318508, 0.038213360013972776, 0.05239632404262299, 0.1248549431150884, 0.03673630745581724, 0.12974168627625368, 0.05227142818602107, 0.13039453692744368, 0.1012876054506989, 0.08564460278594101, 0.05368235450687301, 0.15336648794705757, 0.1191991071880023, 0.0842770748319942, 0.11227078630286534, 0.07591148866851809, 0.15008349259220927, 0.15980834709166683, 0.03703324983487907, 0.1704650699125139, 0.06493430865449343, 0.04141249560602495]"
A32SDP7KQV0N44,"[1.2449893951416016, 1.1789458990097046, 0.9384568333625793, 1.1129024028778076, 1.2449893951416016, 0.5363671183586121, 1.2449893951416016, 0.7768562436103821, 0.24048909544944763, -3.8257362842559814, 0.9089432954788208, 1.004500389099121, 1.2449893951416016, 1.2449893951416016, 1.2449893951416016, 1.2449893951416016, 0.9089432954788208, 1.1789458990097046, 1.2449893951416016, 0.5363671183586121, 1.2449893951416016, 0.306532621383667, 0.842899739742279, 0.0, 0.9089432954788208, 0.6024106740951538, 0.5363671183586121, 0.6024106740951538, 0.842899739742279, 0.5363671183586121, 0.9384568333625793, 1.2449893951416016, 0.5363671183586121, 0.24048909544944763, 0.6024106740951538, 0.842899739742279, 0.7086223363876343, 0.1320870816707611, 1.2449893951416016, 1.2449893951416016, 0.16899651333632693, 0.1319643665536662, 0.06734020725344862, 0.14954750924023663, 0.04773461005052739, 0.07048643781991858, 0.07455891410593715, 0.16516702218863846, 0.0894113621261706, 0.16592512365308254, 0.1565130188583924, 0.056443650089255136, 0.059631332496884876, 0.05908716765282806, 0.13891295589995595, 0.05808104185941023, 0.044423727227302465, 0.138808267030667, 0.04316624193085041, 0.11206230257726903, 0.09251613903280592, 0.10622270694509948, 0.058093691516308665, 0.034236262394932646, 0.04438657086088311, 0.1078058143093496, 0.13844520854830228, 0.07460222036946489, 0.11431358159500991, 0.06230158834592415, 0.04928934250596324, 0.1472811713252096, 0.10947854225702239, 0.1600655437636286, 0.0616092029112389, 0.05123511098921885, 0.125084593736383, 0.14389401023063833, 0.13508486145260842, 0.08788057648182322]"
A337VOJXCV97F6,"[0.2784266769886017, 0.2784266769886017, 0.2784266769886017, 0.2784266769886017, 0.2784266769886017, 0.2784266769886017, 0.2784266769886017, 0.0, 0.2784266769886017, 0.2784266769886017, 0.0, 0.0, 0.2784266769886017, 0.2784266769886017, 0.2784266769886017, 0.2784266769886017, 0.2784266769886017, 0.2784266769886017, 0.2784266769886017, 0.0, 0.2784266769886017, 0.2784266769886017, 0.2784266769886017, 0.0, 0.2784266769886017, 0.0, 0.0, 0.2784266769886017, 0.2784266769886017, 0.2784266769886017, 0.2784266769886017, 0.2784266769886017, 0.0, 0.0, 0.2784266769886017, 0.2784266769886017, 0.0, 0.0, 0.2784266769886017, 0.2784266769886017, 0.11429803797692215, 0.04881547157590492, 0.09504076484710329, 0.11040182241974415, 0.1529828501179961, 0.0985497398192213, 0.1203616413071812, 0.14279088463903322, 0.10748970029666882, 0.13438743559280034, 0.15285526305626057, 0.08991333073650193, 0.10858052133496475, 0.037169629467275714, 0.07297798168197173, 0.04632445278409574, 0.034893082593320336, 0.021053048313226217, 0.03388030588274345, 0.0910930155240248, 0.10644312639458767, 0.11886298122474843, 0.1124678749592522, 0.11561607683826332, 0.09414601925794665, 0.16341045389087094, 0.10390385062427619, 0.12084428272941383, 0.16658558417250377, 0.09090079902457006, 0.0500519884276649, 0.12105436049278942, 0.11522932979694207, 0.10583843095055914, 0.1140849843010174, 0.14621503802082111, 0.05445156473424883, 0.04717713938528647, 0.1197732541872621, 0.15019612818494185]"
A33EQHCO5TZIP5,"[1.089951753616333, 1.089951753616333, 1.089951753616333, 1.089951753616333, 1.089951753616333, 1.089951753616333, 1.089951753616333, 0.0, 1.089951753616333, 1.089951753616333, 1.089951753616333, 1.089951753616333, 1.089951753616333, 1.089951753616333, 1.089951753616333, 1.089951753616333, 2.985673189163208, 1.089951753616333, 1.089951753616333, 1.089951753616333, 1.089951753616333, 1.089951753616333, 1.089951753616333, 0.0, 1.089951753616333, 0.0, 1.089951753616333, 1.089951753616333, 1.089951753616333, 0.0, 1.089951753616333, 1.089951753616333, 0.0, 0.0, 1.089951753616333, 1.089951753616333, 1.089951753616333, 1.089951753616333, 1.089951753616333, 1.089951753616333, 0.09598765584490869, 0.11473795774207537, 0.03714398605491576, 0.047901355367921616, 0.1114992407018324, 0.15702033216307668, 0.07139523941719762, 0.051604515883999155, 0.04268030121520805, 0.061544197141368225, 0.03713044672304196, 0.09060666408158057, 0.07804013399832213, 0.1298620926799769, 0.15533145355274883, 0.05018747436203347, 0.07445659732766213, 0.09347146150433247, 0.09915030974713171, 0.11144192723885414, 0.10439379742912337, 0.07602123756248265, 0.11694948752125849, 0.12048088596675668, 0.08736240573652643, 0.17054819051095732, 0.11705466947006873, 0.09114765220488219, 0.0356681488986957, 0.12158997149000125, 0.13373052251047313, 0.03858250478649243, 0.04400932252001012, 0.059179919491310774, 0.13252124234410023, 0.040041593968393616, 0.13447766117531448, 0.13988095885587173, 0.051732835956378356, 0.10221828875859143]"
A33MZYRMSIHERN,"[-1.0928634405136108, -1.0928634405136108, 0.0, -0.5464317202568054, -1.0928634405136108, 0.0, -1.0928634405136108, -0.5464317202568054, -0.5464317202568054, -1.0928634405136108, 0.0, -1.0928634405136108, -0.5464317202568054, -0.5464317202568054, -1.0928634405136108, -1.0928634405136108, -1.0928634405136108, -0.5464317202568054, -1.0928634405136108, -0.5464317202568054, -1.0928634405136108, -1.0928634405136108, -1.0928634405136108, 0.0, -1.0928634405136108, 0.0, 0.0, -1.0928634405136108, 0.0, -0.5464317202568054, 0.0, -1.0928634405136108, 0.0, 0.0, -0.5464317202568054, 0.0, -1.0928634405136108, -0.5464317202568054, -1.0928634405136108, -1.0928634405136108, 0.04376619931885168, 0.04705309136192447, 0.1501429704747638, 0.16188673503259618, 0.15549626224082694, 0.07789110977053161, 0.06561565794446794, 0.0548841381439696, 0.13970904283700167, 0.09144391970799053, 0.029105283031071526, 0.09033868223732996, 0.14553569608682218, 0.10632018522272257, 0.08628255802795538, 0.06524188438674877, 0.06315881998598179, 0.1379169920853644, 0.03454057618441502, 0.09360522722236063, 0.0873572727746605, 0.14647891609144995, 0.11092986405772927, 0.12287893940553987, 0.05303772799275883, 0.05632227522998413, 0.13558212834573213, 0.03092197873577566, 0.15907373114214804, 0.0969135910145427, 0.16888476732472507, 0.11623836298759893, 0.09895750239291011, 0.11491409932434832, 0.030032798679635136, 0.14727006709750126, 0.10157280097989035, 0.1296551087112884, 0.109903996818038, 0.0468936363494989]"
A33PVCHCQ2BTN0,"[26.502731323242188, 24.792011260986328, 22.112937927246094, 15.456069946289062, 26.715579986572266, 3.114168167114258, 25.876033782958984, 12.487794876098633, 10.446314811706543, 17.406511306762695, 12.396062850952148, 15.280085563659668, 26.95079803466797, 26.749345779418945, 26.95079803466797, 26.88326644897461, 26.307132720947266, 26.95079803466797, 26.760177612304688, 2.5786373615264893, 26.536497116088867, 12.779369354248047, 25.474838256835938, 0.9157703518867493, 26.88326644897461, 3.763819694519043, 4.551087856292725, 22.568288803100586, 22.98026466369629, 14.724749565124512, 11.887602806091309, 26.461185455322266, 3.194929599761963, 6.189310550689697, 24.907438278198242, 14.116540908813477, 23.675832748413086, 12.677059173583984, 26.715579986572266, 26.91703224182129, 0.15616181676246627, 0.11925137565929211, 0.039694382812047665, 0.14932904882636833, 0.062026622783380406, 0.11593983405903506, 0.07284728155149452, 0.07123325209144211, 0.158281011295244, 0.02820934110918486, 0.10319243108433224, 0.1071914236754164, 0.14706096729598214, 0.07073760532040481, 0.14098761773705606, 0.043927787443610235, 0.11797923020259517, 0.15287967952861028, 0.04598372119352259, 0.06243116663761694, 0.028945088705946302, 0.026722060582025055, 0.061309275278051564, 0.1215913945273792, 0.02281969678415987, 0.07307221731735279, 0.06588515722968623, 0.0866685590337026, 0.15279360760544836, 0.028256657008013497, 0.0608522078284912, 0.1495801269198534, 0.024071682793248717, 0.14090717466831884, 0.1295347473452097, 0.13654669936226088, 0.1660856753605946, 0.12468245153268415, 0.04307340619752948, 0.09507468865650888]"
A344ILJPHYQ0V,"[0.0, 0.0, 0.0, 0.0, 0.0, 0.0, 0.0, 0.0, 0.0, 0.0, 0.0, 0.0, 0.0, 0.0, 0.0, 0.0, 0.0, 0.0, 0.0, 0.0, 0.0, 0.0, 0.0, 0.0, 0.0, 0.0, 0.0, 0.0, 0.0, 0.0, 0.0, 0.0, 0.0, 0.0, 0.0, 0.0, 0.0, 0.0, 0.0, 0.0, 0.08297499244436518, 0.10763278386631345, 0.0476123345654487, 0.09189758215864464, 0.058893343475559565, 0.0656119372375013, 0.1590990133914851, 0.07213091744739089, 0.0688590821275928, 0.08859960632308919, 0.1433233830001482, 0.15587056220404658, 0.11843892558778188, 0.016720289409477826, 0.126434652842887, 0.11304308592105665, 0.14875868767011333, 0.0992681137579406, 0.0733930074358964, 0.02318235314411619, 0.035252630751331115, 0.02293118047620288, 0.12336696454828665, 0.15475276319285597, 0.05343187108207465, 0.051769618905835556, 0.027513320043643374, 0.06654404823695703, 0.0870117419894414, 0.07549565922899702, 0.10822380943021054, 0.03644309895828362, 0.15860068756061438, 0.06630731858109105, 0.07557572852862958, 0.10432547642322364, 0.1516835348309766, 0.07276419211216409, 0.12100353662331381, 0.04960534988510812]"
A345PQ5PIJVC67,"[0.6868472695350647, 0.0, 0.6868472695350647, 0.0, 0.0, 0.0, -0.2241806983947754, 0.0, 0.0, 0.6868472695350647, 0.0, 0.0, -0.9110279679298401, 0.0, -0.9110279679298401, 0.6868472695350647, 0.0, 0.0, 0.0, 0.0, 0.0, 0.0, 0.0, 0.0, 0.0, 0.0, 0.0, 0.0, 0.6868472695350647, 0.0, 0.0, 0.0, 0.0, 0.0, 0.0, 0.0, 0.0, 0.0, 0.6868472695350647, 0.0, 0.08636147985286084, 0.04173426289873963, 0.05416108211419115, 0.1266826067354572, 0.1193477895484302, 0.04858404389432125, 0.05013564219820951, 0.089796439066507, 0.16167338962944736, 0.09749836994064599, 0.09491777611217611, 0.10165236355575666, 0.15634299635574395, 0.07366975037728941, 0.05210616942549257, 0.12931645074914486, 0.12528160583569356, 0.08390669291534536, 0.06617502226662478, 0.13226794259242616, 0.035237281593853906, 0.05561559700331018, 0.11450506243404031, 0.047860636160749974, 0.1345151961624656, 0.058248521857444384, 0.0776858142327733, 0.17601533620845056, 0.16901727721337442, 0.07411063885247976, 0.1772134715935548, 0.03381059451335591, 0.09404610814847743, 0.06566140068346295, 0.13867915782066534, 0.05474926099300239, 0.03764813262224234, 0.1192445008998771, 0.038596342945132964, 0.15161494743961457]"
A347D5SOZ68PPE,"[0.3048148453235626, 0.3048148453235626, 0.1524074226617813, 0.8821711540222168, 0.3048148453235626, -0.5773562788963318, 0.3048148453235626, -0.42494890093803406, 0.7297637462615967, 0.3048148453235626, 0.1524074226617813, 0.3048148453235626, 0.8821711540222168, 0.8821711540222168, 0.8821711540222168, 0.3048148453235626, 0.8821711540222168, 0.8821711540222168, 0.3048148453235626, 0.7297637462615967, 0.8821711540222168, 0.8821711540222168, 0.3048148453235626, 0.0, 0.3048148453235626, 0.0, 0.1524074226617813, 0.8821711540222168, 0.1524074226617813, 0.8821711540222168, 0.1524074226617813, 0.3048148453235626, 0.0, 0.0, 0.8821711540222168, 0.1524074226617813, 0.3048148453235626, 0.8821711540222168, 0.3048148453235626, 0.8821711540222168, 0.054524404302841334, 0.09361336939024997, 0.0431401544711707, 0.1270330019836301, 0.12116072839310169, 0.1407016124456979, 0.0491264982593208, 0.15741715848083412, 0.03206980804908367, 0.07772613246824091, 0.16514511800072923, 0.11155317336287128, 0.16903543944409252, 0.03182415451973494, 0.07985169268761437, 0.05711012439247313, 0.12254335592855156, 0.039383839222548, 0.08287595264808097, 0.14271506610570528, 0.09848906299079589, 0.15848680526864053, 0.10818658776198097, 0.028565333776235713, 0.12001295157588862, 0.15438063876979316, 0.16531672060390046, 0.16810660451277443, 0.05583207873542465, 0.13447083207693275, 0.16364827102781784, 0.13187026499030263, 0.06318900141909684, 0.14527237435939527, 0.1648409402178024, 0.13155011962943214, 0.14698228188070397, 0.11942243858119904, 0.11430533272004344, 0.13211830178156966]"
A34GB2ZA1JLGND,"[9.408093452453613, 7.682195663452148, 2.427840232849121, 4.888311862945557, 10.186250686645508, 2.664283275604248, 10.640167236328125, 2.656487226486206, 0.2976236939430237, 8.031198501586914, 4.855680465698242, 5.763586044311523, 4.582892417907715, 9.659979820251465, 5.153303623199463, 9.841108322143555, 5.153303623199463, 4.804300308227539, 9.81241226196289, 0.0, 4.50667667388916, 4.855680465698242, 6.951557159423828, 0.0, 4.821340084075928, 2.427840232849121, 0.0, 4.720288276672363, 0.0762157142162323, 4.50667667388916, 7.260837078094482, 9.484309196472168, 0.0, 0.0, 4.804300308227539, 5.153303623199463, 5.084327220916748, 2.725463628768921, 10.138731956481934, 9.659979820251465, 0.1111623454335813, 0.06026580745681219, 0.027807106758671755, 0.04984548032660605, 0.1399806185757616, 0.14263732474823995, 0.16256510902257415, 0.02924676751303774, 0.1375956515993643, 0.16623757172768105, 0.054116357891814966, 0.04216405440404355, 0.05688933787075475, 0.10664741314997733, 0.07380374351067652, 0.1472811003080951, 0.04268190932662773, 0.055652809171922786, 0.11366687570375486, 0.03443611126250276, 0.027326968635155945, 0.07054016963751782, 0.15184191080258957, 0.067560698777333, 0.13165083283480533, 0.06638819872163641, 0.027832944414642784, 0.10208317086323496, 0.03130593702316197, 0.12312209622312635, 0.15339723639547015, 0.14000270506952264, 0.144521240320721, 0.14071500769247242, 0.06658830603822105, 0.08621269209761691, 0.11539943133063128, 0.0424355505010074, 0.05901523610413497, 0.07017248819786552]"
A34KXLHGO3SWB7,"[0.7297449111938477, 0.7297449111938477, 0.0, 0.7297449111938477, 0.7297449111938477, 0.0, 0.7297449111938477, 0.0, 0.7297449111938477, 0.7297449111938477, 0.0, 0.7297449111938477, 0.7297449111938477, 0.7297449111938477, 0.7297449111938477, 0.7297449111938477, 1.4594898223876953, 0.7297449111938477, 0.7297449111938477, 0.7297449111938477, 0.7297449111938477, 0.7297449111938477, 0.7297449111938477, 0.0, 0.7297449111938477, 0.0, 0.0, 0.7297449111938477, 0.0, 0.7297449111938477, 0.0, 0.7297449111938477, 0.0, 0.0, 0.7297449111938477, 0.0, 0.7297449111938477, 0.7297449111938477, 0.7297449111938477, 0.7297449111938477, 0.06415032890706591, 0.11802842366503241, 0.08038893612814174, 0.13957490522862553, 0.04260394726775361, 0.14785273060076273, 0.11767833430525883, 0.11001053462857943, 0.04044478861282032, 0.027410334780876656, 0.07428502734545973, 0.14354275115563894, 0.04510326967977454, 0.14376998393852602, 0.1663758786348748, 0.026301703641543932, 0.11760234663179556, 0.09580520498597692, 0.12429965164944808, 0.14199294738958942, 0.10176184512471641, 0.14288483109677597, 0.15518572102768835, 0.0800984463067597, 0.1091245077312885, 0.1377462774968584, 0.15771067686386395, 0.05787090725619741, 0.1459357188922439, 0.14033791555453592, 0.14398922645779613, 0.07852171656443793, 0.11130352866471246, 0.12920039624670848, 0.13044107177888495, 0.059906122302599556, 0.060759941288444454, 0.08892810367846321, 0.08011050051782123, 0.11184096216956159]"
A34OON6ZYATX36,"[4.767284870147705, 4.767284870147705, 0.0, 0.0, 5.560553550720215, 0.0, 5.560553550720215, 0.0, 4.767284870147705, 4.767284870147705, 4.767284870147705, 0.0, 4.767284870147705, 4.767284870147705, 4.767284870147705, 4.767284870147705, 4.767284870147705, 0.0, 4.767284870147705, 4.767284870147705, 4.767284870147705, 4.767284870147705, 0.0, 0.0, 0.0, 0.0, 0.0, 0.0, 0.0, 0.0, 0.0, 5.560553550720215, 0.0, 0.0, 4.767284870147705, 0.0, 0.0, 4.767284870147705, 5.560553550720215, 4.767284870147705, 0.07661409538655804, 0.12382902744665182, 0.06015605524335783, 0.031758741961246735, 0.17860889506514913, 0.06505293248404614, 0.12664234951033787, 0.050719795152140465, 0.05933090625681511, 0.12731806728831294, 0.10524906229343411, 0.13137277775849154, 0.10242599883524012, 0.08931118627743448, 0.056430650709448395, 0.10270053049925679, 0.035591907943863264, 0.11466830553452088, 0.038254995556998246, 0.10402390780390959, 0.13814105994380935, 0.10193191337754985, 0.07275158455149572, 0.17224961457167492, 0.0484766330134058, 0.09536464339778114, 0.12601097531093225, 0.08839984793195833, 0.16435380887545195, 0.1150159942292501, 0.05515528140737792, 0.16515629980627045, 0.0976797834512855, 0.12485826377371653, 0.10147881328868427, 0.053952883758671646, 0.09320284390755279, 0.14537355826468054, 0.1639439484761292, 0.11643473275063011]"
A34SO74JEYQXZW,"[0.5617049932479858, -0.495575487613678, -0.6549595594406128, 0.8045429587364197, 1.5688934326171875, 0.0, 0.9139339327812195, -0.7216830253601074, 1.4595025777816772, 1.3927791118621826, -0.24283793568611145, 0.9139339327812195, 0.8045429587364197, 0.7378194332122803, 1.2166645526885986, 0.2026454359292984, 1.2166645526885986, 1.2166645526885986, -0.8478043675422668, 1.4595025777816772, 0.5617049932479858, 1.6356168985366821, 1.2166645526885986, 0.0, 0.7378194332122803, 0.0, 0.0, 0.9806573987007141, -0.24283793568611145, 1.4595025777816772, -0.6549595594406128, 0.15938405692577362, -0.24283793568611145, 0.0, 0.8045429587364197, -0.47884514927864075, 1.6356168985366821, 1.2166645526885986, 0.7378194332122803, 0.7378194332122803, 0.16423460756263888, 0.1155250745030692, 0.036519911676062125, 0.08289590077927114, 0.07520144334178912, 0.09619276950232786, 0.028607905527079442, 0.1550847894366383, 0.12976647004485026, 0.029824454544945273, 0.11458810896928233, 0.11298977360544428, 0.1090525722282349, 0.062329496191336896, 0.10362899103981611, 0.1374286131037507, 0.1593964311595983, 0.03920583152123765, 0.15853066963802867, 0.17188430175366629, 0.09995341921868375, 0.1581620126887607, 0.030771461838965418, 0.16543014664222333, 0.16461417788337504, 0.09776254274058399, 0.10733716271678187, 0.09602370021014921, 0.12556809572967056, 0.12142605521849234, 0.06517611951292936, 0.1509733625139212, 0.17272974043483552, 0.17173137367797042, 0.05062927500356632, 0.05403145733444825, 0.1338193285972866, 0.08199438013812449, 0.06586873618940753, 0.1459079338603034]"
A34Z0P70GD9Y6Y,"[4.877065658569336, 0.375110387802124, 2.081331729888916, -0.5025473833084106, -0.8079385757446289, 0.2827741801738739, -0.5841442346572876, 0.04921792447566986, 0.18188856542110443, 0.9686205983161926, 0.5557864308357239, -0.9052485823631287, -0.6449799537658691, -0.3013700544834137, 0.43804946541786194, -0.8079385757446289, -0.7913098931312561, 3.3302769660949707, -0.4622129499912262, 0.0, -0.5025473833084106, 0.04921792447566986, 2.033982276916504, 0.0, 0.5747040510177612, 0.0, 0.19642628729343414, -0.7878208756446838, -0.8963031768798828, 1.9086112976074219, 1.797468900680542, 1.5564519166946411, 0.19642628729343414, 0.04921792447566986, 1.5791184902191162, 1.5376086235046387, 0.04283369705080986, 0.695608377456665, 1.235793113708496, 1.6694132089614868, 0.06520316184876851, 0.030739419249420898, 0.038812964919483384, 0.026360766833763528, 0.09904733077023428, 0.03321576831207111, 0.08779603302574354, 0.05960158552826272, 0.0703908638526306, 0.11752493838277193, 0.0863698612034074, 0.08953259510266985, 0.07810592696967711, 0.07944115132907736, 0.08706448439601182, 0.019363751265823584, 0.08303046912236439, 0.031245981810582885, 0.06018445094734324, 0.11781047166002442, 0.14303342599612318, 0.08189101085766945, 0.09633929986604628, 0.12880398384056127, 0.06348139995914129, 0.11243132051095052, 0.024583594798993465, 0.09457985340354474, 0.08437122215572206, 0.1330617166081148, 0.023409805325459176, 0.03216485865492062, 0.11135232281194041, 0.06578578029763987, 0.1395662670111078, 0.05617575201926175, 0.15201074546752624, 0.12181855422105688, 0.1076996056592911, 0.11150885262668861]"
A358YXSQDOI4N5,"[1.4595260620117188, 1.4595260620117188, 0.7297630310058594, 1.4595260620117188, 1.4595260620117188, 0.0, 1.4595260620117188, 0.7297630310058594, 0.7297630310058594, 1.4595260620117188, 0.7297630310058594, 1.4595260620117188, 1.4595260620117188, 1.4595260620117188, 1.4595260620117188, 1.4595260620117188, 1.4595260620117188, 1.4595260620117188, 1.4595260620117188, 0.7297630310058594, 1.4595260620117188, 1.4595260620117188, 1.4595260620117188, 0.0, 1.4595260620117188, 0.0, 0.7297630310058594, 1.4595260620117188, 0.7297630310058594, 1.4595260620117188, 0.7297630310058594, 1.4595260620117188, 0.0, 0.0, 1.4595260620117188, 0.7297630310058594, 1.4595260620117188, 1.4595260620117188, 1.4595260620117188, 1.4595260620117188, 0.1630094952381323, 0.17382190414792503, 0.04115728078212094, 0.17505600085282705, 0.15766361698209733, 0.10498773707594222, 0.08138009485345643, 0.03456546857938085, 0.11921602475921844, 0.10779493350647358, 0.12781322550829127, 0.05809905230712444, 0.09417140647985908, 0.10943973344911727, 0.1650424222505296, 0.1481821525241864, 0.0868537285312389, 0.030561612094414558, 0.12067449907663483, 0.07289959331554648, 0.09325558060386249, 0.07686313062532121, 0.1213756930918061, 0.04973891168127153, 0.11526145129831214, 0.11871809216358588, 0.07190587501792915, 0.09467099224536715, 0.07735950956164869, 0.07447669204511685, 0.14555337942821814, 0.119787394259533, 0.1266018332162441, 0.027594622587150622, 0.14941480556837272, 0.13128951319470178, 0.07154621017363999, 0.13608672986250267, 0.10898239401955145, 0.1461571468784825]"
A35GLRQ89X0WRD,"[6.730917453765869, 5.778234958648682, 6.589222431182861, 8.624606132507324, 5.480051517486572, 1.586352825164795, 6.691090106964111, 4.90669059753418, 0.8715441823005676, 5.0634260177612305, 7.0291008949279785, 4.695533275604248, 6.589222431182861, 7.373741149902344, 6.01823616027832, 7.373741149902344, 5.095584869384766, 6.589222431182861, 7.157437801361084, 1.586352825164795, 7.373741149902344, 5.0634260177612305, 7.373741149902344, 0.0, 3.5696897506713867, 0.7148087024688721, 4.988620758056641, 7.840087890625, 5.480051517486572, 6.542023181915283, 8.624606132507324, 7.157437801361084, 1.5257960557937622, 0.0, 8.624606132507324, 7.813619136810303, 5.0634260177612305, 5.0634260177612305, 6.589222431182861, 6.589222431182861, 0.0815326922889084, 0.07371518032106582, 0.11403127777765554, 0.08953433703619576, 0.057204050801481825, 0.10427710958553933, 0.12425907660467378, 0.1524164717798526, 0.12814144504714942, 0.09340302654597746, 0.08907710120491567, 0.14490788334492885, 0.09870342320944744, 0.11456729940651705, 0.11684322023344686, 0.08606657948931944, 0.17067202368384898, 0.02743981215082814, 0.15153750229404203, 0.1733756383364223, 0.06888798956531234, 0.05759812186287528, 0.11914702180109649, 0.09991762747027295, 0.05075903616542321, 0.1424784068917088, 0.17498248852529488, 0.14880879853662057, 0.053745048303746906, 0.11876169960057796, 0.13206524374052103, 0.06211930029593155, 0.11262833659734313, 0.07843663348968222, 0.05220893806830959, 0.16190471545413243, 0.08224880332107959, 0.13945126517374665, 0.12721476660984898, 0.0726990810284693]"
A35LFTGC7TO48F,"[-3.379034996032715, 0.0, -3.379034996032715, -3.379034996032715, 0.0, 0.0, -3.379034996032715, 0.0, 0.0, -3.379034996032715, -3.379034996032715, -3.379034996032715, -6.75806999206543, -3.379034996032715, 0.0, 0.0, -3.379034996032715, -3.379034996032715, -13.51613998413086, 0.0, -3.379034996032715, 0.0, -3.379034996032715, 0.0, -3.379034996032715, 0.0, 0.0, 0.0, 0.0, 0.0, -3.379034996032715, -3.379034996032715, 0.0, 0.0, 0.0, 0.0, 0.0, 0.0, -3.379034996032715, -3.379034996032715, 0.12310713310384637, 0.033143614654346704, 0.11399368566607418, 0.14392232785930048, 0.14052661268866254, 0.12940624389927172, 0.11482959395532823, 0.0594980746836709, 0.15416116562829643, 0.020238120844239697, 0.1239464749762402, 0.14933728177900915, 0.15453518638276967, 0.12286216855438675, 0.0743479184728067, 0.03512863870392093, 0.06011798910704443, 0.03736769601921156, 0.10103601194290397, 0.03741619246934348, 0.09370669927061429, 0.10917263355991239, 0.12136043459545438, 0.06158664141848991, 0.15901067022136256, 0.05009707637567152, 0.10278032232566145, 0.13999400440948156, 0.16128146020251033, 0.13829554073958342, 0.16343432174241998, 0.034349747998754926, 0.05959540066364255, 0.13499779114306826, 0.11637857583076953, 0.15289594040271604, 0.06746136921312469, 0.06973728997111456, 0.1367844479329239, 0.05738281805821171]"
A35QTJ23YREVYX,"[29.6993408203125, 29.6993408203125, 23.795114517211914, -0.6907324194908142, 29.6993408203125, 1.50330650806427, 29.6993408203125, 9.206499099731445, 0.0, 10.384968757629395, 4.603249549865723, 10.106687545776367, 28.831676483154297, 28.277042388916016, 29.6993408203125, 29.6993408203125, 29.6993408203125, 29.6993408203125, 29.6993408203125, 0.0, 27.988140106201172, -4.314349174499512, 29.6993408203125, 0.0, 21.293611526489258, 0.0, 0.0, 28.24177360534668, 26.147151947021484, 1.2218308448791504, 5.346624374389648, 29.6993408203125, 0.0, 0.0, 21.362812042236328, -4.41354513168335, 29.6993408203125, 3.9065768718719482, 29.6993408203125, 29.6993408203125, 0.10022096783453298, 0.0612992668811684, 0.11858888465356564, 0.09032404598757424, 0.11064845491077585, 0.05801517411554296, 0.05041304517279644, 0.139039774846786, 0.14546444358400384, 0.16396703574366014, 0.14114881429547008, 0.09994087397131227, 0.1176680122557879, 0.061230966592310795, 0.03782777979242202, 0.1705836154044749, 0.13705680381410282, 0.10242920405653441, 0.08420443202118069, 0.07720678452769184, 0.1306193720857419, 0.1750818435159151, 0.09176359994876816, 0.058698763825025806, 0.13859330853630497, 0.06999012213725744, 0.0743479982862974, 0.144669826542561, 0.11550267377659773, 0.05794517119317122, 0.07868487880547284, 0.12438051698640999, 0.12532023809952172, 0.1033068046610793, 0.11673107804376287, 0.04687982361944636, 0.12912074767718915, 0.16220701197854218, 0.04987584779092597, 0.09709495735851507]"
A35TPYOPNIDM7,"[4.246915340423584, 4.246915340423584, 3.0456185340881348, 3.59293794631958, 4.730381488800049, 1.8443219661712646, 4.246915340423584, 1.8443219661712646, 1.8552734851837158, 3.7105469703674316, 3.152276039123535, 4.246915340423584, 3.59293794631958, 4.246915340423584, 4.246915340423584, 4.246915340423584, 4.246915340423584, 4.246915340423584, 4.246915340423584, 2.391641616821289, 4.246915340423584, 2.5092506408691406, 4.246915340423584, 0.0, 4.246915340423584, 0.5363680124282837, 2.4982988834381104, 3.59293794631958, 3.6995954513549805, 1.7376644611358643, 3.0456185340881348, 4.246915340423584, 1.7376644611358643, 0.0, 3.59293794631958, 3.0456185340881348, 3.056570291519165, 3.7105469703674316, 4.246915340423584, 4.246915340423584, 0.14767806915780854, 0.09375864753524081, 0.16263470593149335, 0.15322458460477445, 0.1384723502794932, 0.15560657266961583, 0.09101055731196829, 0.09544263746962221, 0.06382012983788729, 0.028950414423555403, 0.04178197719357582, 0.10025651797332719, 0.040826464360564925, 0.04582829178783985, 0.08768032345223899, 0.14385289266784063, 0.11933046706240014, 0.03933170501377965, 0.14840069614433316, 0.04449278552241646, 0.04861271253062221, 0.1173539803268055, 0.06051801251686543, 0.1393877380203248, 0.03104356788524666, 0.033765436212075436, 0.1449982043044852, 0.06982412568161121, 0.09665648970773685, 0.11013122657215979, 0.1595487782755393, 0.025030170044435012, 0.0798195866062187, 0.16891491685767573, 0.05645353591349178, 0.08318279659626493, 0.09154727477249448, 0.05689251738041524, 0.1208408447156074, 0.01862182699822909]"
A36CT6022EC8KS,"[0.905880331993103, 0.905880331993103, 0.0, 0.8178216814994812, 0.905880331993103, 0.0, 0.21715189516544342, 0.0, 0.12909327447414398, -0.4715765118598938, 0.08805863559246063, 0.905880331993103, 0.905880331993103, 0.21715189516544342, 0.905880331993103, 0.21715189516544342, 0.905880331993103, 0.905880331993103, 0.905880331993103, 0.8178216814994812, 0.905880331993103, 0.12909327447414398, 0.8178216814994812, 0.0, 0.905880331993103, 0.0, 0.0, 0.8178216814994812, 0.08805863559246063, 0.8178216814994812, 0.0, 0.21715189516544342, 0.0, 0.0, 0.905880331993103, -0.688728392124176, 0.21715189516544342, 0.905880331993103, 0.905880331993103, 0.905880331993103, 0.07207778416431705, 0.059867616818604676, 0.10110122093811627, 0.06545200452443876, 0.14371260441956468, 0.1334941219858677, 0.11289820723739508, 0.0986590903462643, 0.07399410348089851, 0.053587624661968584, 0.15629993985861937, 0.056499951572347926, 0.1406689629432158, 0.04212146390275764, 0.0513928445187041, 0.13110714878350932, 0.13108439729228158, 0.08253670205164552, 0.14697345183198662, 0.02817709895976472, 0.05347052851288344, 0.04194963610035666, 0.16726508293497772, 0.06890313793520528, 0.14986016974361943, 0.03285371079708427, 0.1140615913288622, 0.11898451692399391, 0.16269072844480123, 0.12521502706447532, 0.16578709979382614, 0.10677432379634583, 0.10982257851168764, 0.10749502207251903, 0.03922494258909592, 0.168048588647644, 0.17330897419023084, 0.1061088560805599, 0.02750892591854744, 0.12616173181866777]"
A36EEWU8U97ZSX,"[10.32151985168457, 9.296581268310547, 4.248556137084961, 1.8550347089767456, 9.491421699523926, 0.11273383349180222, 9.491421699523926, 4.135822296142578, 0.9122035503387451, 13.545137405395508, 4.135822296142578, 9.296581268310547, 5.160759925842285, 9.491421699523926, 9.491421699523926, 9.296581268310547, 9.491421699523926, 5.355599403381348, 9.296581268310547, 1.107043743133545, 9.491421699523926, 5.242865562438965, 9.296581268310547, 4.135822296142578, 9.491421699523926, 0.0, 0.0, 5.355599403381348, 4.248556137084961, 1.024937391281128, 1.1376713514328003, 9.491421699523926, 4.135822296142578, 0.0, 0.9122035503387451, 4.135822296142578, 5.048025131225586, 9.296581268310547, 13.545137405395508, 9.296581268310547, 0.13483090016405042, 0.132258434275557, 0.16445966245092086, 0.12086233055271534, 0.08225462964891062, 0.1854586784470748, 0.11703429127785978, 0.09626948612449505, 0.11831341381858179, 0.0861377245511783, 0.07317217452982591, 0.1240298025545796, 0.17120857169533996, 0.09057801697325517, 0.09263922696995597, 0.09617764164902223, 0.11336520134014337, 0.07488742756572858, 0.0634185949652581, 0.05291653853093887, 0.051348434823243375, 0.09718854547945734, 0.051953958387108284, 0.12041282864282879, 0.12011916900835014, 0.10153269802664293, 0.13742626752879908, 0.049228443424223514, 0.05296791618135567, 0.15347398510183968, 0.0814404317591182, 0.11892195577247755, 0.1672589407595162, 0.08648837464090633, 0.03952553067691653, 0.11311326767379336, 0.06811136881056111, 0.04642729421463412, 0.03997672090832974, 0.1368601462598139]"
A36FFM5OUBWGOL,"[4.021690845489502, 0.6665990948677063, 0.6665990948677063, 0.8695728778839111, 2.139773368835449, 0.0, 1.5008130073547363, 0.3018006384372711, 0.3647984564304352, 3.4180896282196045, 0.6665990948677063, 1.199012279510498, 1.2343711853027344, 1.0313975811004639, 3.5857043266296387, 1.5361719131469727, 1.5008130073547363, 3.2209060192108154, 1.3331981897354126, 0.3647984564304352, 1.5361719131469727, 0.7295969128608704, 1.5361719131469727, 0.0, 9.897536277770996, 0.3647984564304352, 0.3018006384372711, 1.2343711853027344, 6.885790824890137, 0.3647984564304352, 0.3647984564304352, 1.3331981897354126, 0.3018006384372711, 0.0, 0.6665990948677063, 0.3647984564304352, 1.2343711853027344, 3.4180896282196045, 4.090478420257568, 1.0313975811004639, 0.02489323332364967, 0.08894784651663572, 0.15475053766915747, 0.02010080518466425, 0.04921124779445762, 0.029751548560444988, 0.04650401846521863, 0.1597234945741865, 0.04894826076923211, 0.05403225052392011, 0.1316115694476931, 0.08124780173939745, 0.017905706533709844, 0.09163387880863974, 0.10659522689411503, 0.150827206769858, 0.13091153205295306, 0.06913249500385721, 0.06348394188009687, 0.0785226572457296, 0.05782516175996761, 0.1630122188434508, 0.07308652726271411, 0.1436142384451219, 0.16065542815955816, 0.03410598933167236, 0.13929390510472742, 0.115863713962591, 0.018723689260318, 0.12043144792324786, 0.04983030270853686, 0.15438966679835225, 0.14995160636404925, 0.14471908503612207, 0.06778838348058004, 0.06107093828838849, 0.15897847770417758, 0.04143236870227313, 0.09085207739137216, 0.05425388484871617]"
A36JEYR65W1LTO,"[2.4814958572387695, 2.4814958572387695, 2.4814958572387695, 0.0, 2.4814958572387695, 0.0, 2.4814958572387695, 0.0, 0.0, 2.4814958572387695, 0.0, 2.4814958572387695, 2.4814958572387695, 2.4814958572387695, 2.4814958572387695, 2.4814958572387695, 2.4814958572387695, 0.0, 2.4814958572387695, 0.0, 2.4814958572387695, 2.4814958572387695, 2.4814958572387695, 2.4814958572387695, 2.4814958572387695, 0.0, 0.0, 2.4814958572387695, 0.0, 0.0, 0.0, 2.4814958572387695, 0.0, 0.0, 0.0, 2.4814958572387695, 2.4814958572387695, 2.4814958572387695, 2.4814958572387695, 2.4814958572387695, 0.10486207673284169, 0.1234797798369138, 0.03901514139245218, 0.051394780608050666, 0.07885941200994685, 0.07166800725756411, 0.07004169095730901, 0.11410518281924321, 0.031969293950584794, 0.09771440001257811, 0.08956273387043594, 0.061068135430021514, 0.12242893044541787, 0.04321266768079547, 0.029100147712022153, 0.08409516682320596, 0.12382227410535765, 0.05615705358656672, 0.0918675536461562, 0.10132431534457981, 0.1607025593737547, 0.02108829622453394, 0.153382443900234, 0.12236601791033475, 0.09773019287466823, 0.16760719827383525, 0.0649199409475053, 0.11783288278586034, 0.07472413842724844, 0.13431914143296506, 0.10198499918504249, 0.07216403594128364, 0.1669114936123819, 0.08843775484874075, 0.1193142084437613, 0.10729920752235808, 0.15945013825969226, 0.13581137834625728, 0.13617781570665458, 0.07702595671120872]"
A36LNAKD2FOHVX,"[6.29946231842041, 11.749723434448242, 6.703118324279785, 2.025563955307007, 6.7433366775512695, 1.1335105895996094, 7.391132831573486, 4.659936904907227, -1.3699672222137451, 5.228712558746338, 0.9858332276344299, 10.820098876953125, 6.123398303985596, 7.765015125274658, 6.106975078582764, 6.2841901779174805, 1.3257436752319336, 2.674297571182251, 9.669363975524902, 1.1335105895996094, 7.199338912963867, 3.5098581314086914, 2.984060287475586, 0.0, 8.101696014404297, 1.1335105895996094, 1.1335105895996094, 9.018659591674805, 2.8803083896636963, 5.989264965057373, 8.858598709106445, 7.769364356994629, 1.6131967306137085, 0.0, 2.407693386077881, 5.858686447143555, 3.8862905502319336, 2.020350933074951, 10.233026504516602, 6.3594560623168945, 0.048971151038564927, 0.09545138362503312, 0.09002729467835054, 0.17722755615411398, 0.11141268434231287, 0.15261449628469095, 0.16731378658932067, 0.16717526985393324, 0.18378938020253904, 0.04789200860343803, 0.04394807992458288, 0.04109308479435155, 0.05677952669673861, 0.13308382574779262, 0.041851929286635565, 0.16676369073248246, 0.13518690521972535, 0.168214055541836, 0.12220353791930558, 0.13805870590159802, 0.1394921957172659, 0.10434906888245778, 0.11188171488021495, 0.11599491140922301, 0.151927741159519, 0.0963174840171362, 0.1230807418313286, 0.06342672400075013, 0.07923611950638584, 0.1468979021790197, 0.13447848875667934, 0.06021254669282638, 0.15593058164623766, 0.17020343651302525, 0.06105928841884478, 0.052727756097405876, 0.1699528763845888, 0.08857639676489258, 0.1703799744336587, 0.044444160662131936]"
A37C3532V0OGK4,"[-0.13267911970615387, -1.3570839166641235, -1.3570839166641235, -1.3570839166641235, -0.9811350107192993, 0.0, -0.9811350107192993, 0.0, 0.0, 0.0, 0.8484558463096619, -1.4536418914794922, -1.3570839166641235, 0.8484558463096619, -0.9811350107192993, 0.0, -0.9811350107192993, -1.3570839166641235, -0.9811350107192993, 0.0, 0.0, -1.3570839166641235, -0.5086280703544617, 0.0, -0.9811350107192993, 0.0, -0.9811350107192993, -1.3570839166641235, -0.9811350107192993, 0.0, 0.0, -1.4897630214691162, 0.0, 0.0, 0.0, 0.0, 0.0, 0.0, 0.8484558463096619, -1.3570839166641235, 0.1645083984916012, 0.166941720703023, 0.06182992824300295, 0.0914006201312668, 0.10365225367612645, 0.11468027282274773, 0.09998219348167414, 0.11154956907562723, 0.06284525708952976, 0.03591651947711825, 0.1545826089950693, 0.14447463063737973, 0.0702699889054467, 0.1001374313305778, 0.12322625259852245, 0.02470104747320161, 0.033732357126679546, 0.036569551552577115, 0.07817086584289809, 0.13631259265479923, 0.07999236355538343, 0.04924092947743068, 0.07869566016810974, 0.15071801093471313, 0.05464095396813446, 0.14621462955606357, 0.16450495214962954, 0.10404054079742829, 0.1728761421966864, 0.07269987879584014, 0.1676117045661866, 0.05759412240508025, 0.05921775761002996, 0.14221478880271327, 0.02193315484673032, 0.056115510815192414, 0.12338599740840683, 0.07615614403080247, 0.024096147403216774, 0.06994128136129915]"
A37PANLDA6ENJK,"[10.843589782714844, 4.962977886199951, 5.880612373352051, 2.4814889430999756, 7.444467544555664, 3.3991236686706543, 10.843589782714844, 0.0, 0.0, 9.925955772399902, 2.4814889430999756, 4.962977886199951, 4.962977886199951, 8.362102508544922, 7.444467544555664, 8.362102508544922, 4.962977886199951, 2.4814889430999756, 8.362102508544922, 0.0, 4.962977886199951, 9.925955772399902, 7.444467544555664, 2.4814889430999756, 7.444467544555664, 2.4814889430999756, 0.0, 7.444467544555664, 3.3991236686706543, 2.4814889430999756, 4.962977886199951, 8.362102508544922, 0.0, 0.0, 2.4814889430999756, 10.843589782714844, 4.962977886199951, 4.962977886199951, 10.843589782714844, 8.362102508544922, 0.12041100975960697, 0.0753309783531564, 0.030266966731677263, 0.11430175872669246, 0.08078814294646156, 0.14994214273084117, 0.11724288751641464, 0.15333051829819702, 0.06982426924257516, 0.024537628782966323, 0.12231918409785414, 0.12974169890050188, 0.0466467792873044, 0.11768155979521415, 0.11144181503668223, 0.1192795170797789, 0.16605358707178547, 0.09427655759345974, 0.14032751122964301, 0.09783306497757574, 0.05610292955302064, 0.024680381703858542, 0.0822489428967592, 0.05398472617257818, 0.04306898923734623, 0.057907116096912854, 0.06457700544702001, 0.09141426467322132, 0.048535263823675186, 0.11564654935942749, 0.06328581668550823, 0.05942615161531667, 0.09529423037706548, 0.07415761829221777, 0.09851272752448438, 0.09710245794299631, 0.03571572739700196, 0.07053088836398691, 0.054154190753903646, 0.15000097154994302]"
A37QK0QF18JXDO,"[13.091588973999023, 13.091588973999023, 6.617320537567139, 3.3086602687835693, 13.091588973999023, 0.0, 13.091588973999023, 3.2371342182159424, 3.2371342182159424, 13.091588973999023, 3.2371342182159424, 13.091588973999023, 6.617320537567139, 13.091588973999023, 6.617320537567139, 13.091588973999023, 13.091588973999023, 6.545794486999512, 13.091588973999023, 0.0, 6.617320537567139, 3.3086602687835693, 9.854454040527344, 3.3086602687835693, 9.854454040527344, 0.0, 0.0, 9.854454040527344, 3.3086602687835693, 0.0, 6.545794486999512, 13.091588973999023, 3.3086602687835693, 0.0, 6.545794486999512, 9.854454040527344, 9.854454040527344, 6.617320537567139, 13.091588973999023, 13.091588973999023, 0.03066014090418547, 0.1011249042726002, 0.091832365240743, 0.14392315199922923, 0.1645799697476351, 0.10127904799730113, 0.1624194401379874, 0.03931583983547999, 0.13101009080031828, 0.07842012740291528, 0.030266398463876108, 0.09323716751361613, 0.07524904584434958, 0.09677436874695501, 0.09454489356418676, 0.07760019131840647, 0.12289443599793694, 0.10769191317324729, 0.1136315341704564, 0.08663954057979675, 0.05919573703539282, 0.1403156941558455, 0.11822509529633125, 0.16570617018852174, 0.07130370597270157, 0.12473852603019608, 0.07482102379205607, 0.1107936437779916, 0.16012741974291023, 0.10266836892106754, 0.14797873385410992, 0.05567523354228468, 0.03409525377060018, 0.11947309759409432, 0.14630412815954022, 0.15271095162313655, 0.09548517517684467, 0.1602458913318257, 0.14764667987809066, 0.027608175010768347]"
A37TA115S10WZU,"[3.9152753353118896, 3.513530969619751, 2.7186081409454346, 3.513530969619751, 3.513530969619751, 2.0773797035217285, 3.513530969619751, 0.6412284970283508, 2.872302532196045, 2.872302532196045, 2.0773797035217285, 3.513530969619751, 3.513530969619751, 3.691901445388794, 3.513530969619751, 5.428473472595215, 5.478935241699219, 4.154759407043457, 4.734874248504639, 3.513530969619751, 4.154759407043457, 2.872302532196045, 3.691901445388794, 0.0, 3.691901445388794, 0.6412284970283508, 2.0773797035217285, 3.691901445388794, 2.0773797035217285, 2.479123830795288, 2.2557501792907715, 3.513530969619751, 0.6412284970283508, 0.0, 3.513530969619751, 2.7186081409454346, 2.872302532196045, 2.872302532196045, 3.9152753353118896, 3.513530969619751, 0.07278591375271551, 0.13774071365712723, 0.09782311248595897, 0.11119329772822595, 0.07268567008395775, 0.13570211945776092, 0.08689191824615172, 0.1199156208348968, 0.10347973493839005, 0.1403789500263922, 0.13585175434203176, 0.040844270178196355, 0.12568746756745947, 0.17867930075773772, 0.14034643435070399, 0.04906939716786279, 0.03783848020328435, 0.16289774238456067, 0.03633985802650925, 0.09885418548748512, 0.07350999729476769, 0.1580441920637802, 0.0956064250713875, 0.06042364719996378, 0.028321536609691986, 0.11589528130049576, 0.07002653696912438, 0.061232448722313544, 0.1433718521409948, 0.16099545648197336, 0.18030681016485192, 0.11257757239209466, 0.03862465297947556, 0.07609008782260568, 0.05074284023697078, 0.06059527705818889, 0.08908779360656276, 0.043400320495767475, 0.04683293273105083, 0.10658209592481957]"
A37XI9VKWZWZKO,"[4.135803699493408, 4.135803699493408, 4.135803699493408, 0.0, 4.135803699493408, 0.0, 4.135803699493408, 0.0, 0.0, 4.135803699493408, 0.0, 4.135803699493408, 4.135803699493408, 4.135803699493408, 4.135803699493408, 4.135803699493408, 4.135803699493408, 0.0, 4.135803699493408, 0.0, 4.135803699493408, 4.135803699493408, 4.135803699493408, 4.135803699493408, 4.135803699493408, 0.0, 0.0, 4.135803699493408, 0.0, 0.0, 0.0, 4.135803699493408, 0.0, 0.0, 0.0, 4.135803699493408, 4.135803699493408, 4.135803699493408, 4.135803699493408, 4.135803699493408, 0.14781101737441285, 0.16956929187024464, 0.038503455122885, 0.08927788033297455, 0.13285522547377207, 0.17201467830018616, 0.02971240378232258, 0.07585482970316497, 0.14202506152841124, 0.07330535940406832, 0.07455153176175158, 0.03935465890165881, 0.07043731736922516, 0.16068202074889135, 0.1725623076116157, 0.07758278516249083, 0.13786994151309703, 0.09204285541469726, 0.095491425912787, 0.048376719799287274, 0.15020761666630422, 0.17922916631326105, 0.15027233825912775, 0.04863396617967511, 0.16965961457994866, 0.13728098999055097, 0.0451842024168297, 0.10194996891390273, 0.14663363697039372, 0.12652548420830595, 0.1092952152996926, 0.11763160040691083, 0.16305895342321408, 0.16837142082783182, 0.10546459255692443, 0.040814335141988504, 0.12834846097527358, 0.07700834430951344, 0.07772186509352955, 0.1391311748434145]"
A38CIT22Y0TZS,"[4.9629645347595215, 4.9629645347595215, 4.9629645347595215, 0.0, 4.9629645347595215, 0.0, 4.9629645347595215, 0.0, 0.0, 4.9629645347595215, 0.0, 4.9629645347595215, 4.9629645347595215, 4.9629645347595215, 4.9629645347595215, 4.9629645347595215, 4.9629645347595215, 0.0, 4.9629645347595215, 0.0, 4.9629645347595215, 4.9629645347595215, 4.9629645347595215, 4.9629645347595215, 4.9629645347595215, 0.0, 0.0, 4.9629645347595215, 0.0, 0.0, 0.0, 4.9629645347595215, 0.0, 0.0, 0.0, 4.9629645347595215, 4.9629645347595215, 4.9629645347595215, 4.9629645347595215, 4.9629645347595215, 0.18244150297812126, 0.07021725509620902, 0.0415087657351833, 0.05476105845498051, 0.17249340832988244, 0.04663925282752838, 0.07383540675530638, 0.10132217557313711, 0.054810320529620905, 0.06658051959108911, 0.04606978261459059, 0.0477032609826287, 0.16289093656459266, 0.09368762169450622, 0.10087854533781017, 0.04958108432012474, 0.05933551670970655, 0.11352466932635351, 0.11125766348872529, 0.15011226906801953, 0.18283706037420924, 0.058144472937767616, 0.1726993881358859, 0.04027380779839484, 0.14358408155593594, 0.10972960928713772, 0.07009331272099881, 0.07406107581263444, 0.1363186811403563, 0.08455428990752459, 0.12030112158165954, 0.07149958862150396, 0.09536689705563317, 0.15776102371797915, 0.10202963670415834, 0.06838976423102941, 0.07583127083219741, 0.08139068321948133, 0.06040847980470958, 0.1072017859173837]"
A38EDCGATXMRI3,"[0.6539409160614014, 0.6539409160614014, 0.6539409160614014, 0.6539409160614014, 0.729038655757904, 0.6539409160614014, 0.729038655757904, 0.0, 0.6539409160614014, 0.729038655757904, 0.6539409160614014, 0.6539409160614014, 0.6539409160614014, 0.6539409160614014, 0.729038655757904, 0.729038655757904, 0.729038655757904, 0.6539409160614014, 0.6539409160614014, 0.6539409160614014, 0.729038655757904, 0.729038655757904, 0.729038655757904, 0.07509776949882507, 0.6539409160614014, 0.0, 0.6539409160614014, 0.6539409160614014, 0.6539409160614014, 0.07509776949882507, 0.6539409160614014, 0.6539409160614014, 0.0, 0.0, 0.6539409160614014, 0.6539409160614014, 0.6539409160614014, 0.729038655757904, 0.729038655757904, 0.6539409160614014, 0.10864120353348872, 0.0636182369366926, 0.15781223637547262, 0.13034502942418388, 0.08039461270141936, 0.16150029156083673, 0.11288419599433962, 0.1425447282744531, 0.08033811752297204, 0.07277942979470743, 0.16357428300825777, 0.13459988366910758, 0.12502204991770768, 0.05578666125826902, 0.08920089159030117, 0.16400002186564644, 0.04973897244110873, 0.05870426913415472, 0.05846412888750121, 0.03498370907560767, 0.12638361704532886, 0.1077006041787068, 0.15943598806866155, 0.07975215417186285, 0.02231023756616681, 0.07653336490282699, 0.1324696322639997, 0.028820228427265022, 0.03524330629572953, 0.10159355908190894, 0.09581583275612045, 0.12141326976265718, 0.15548700402420476, 0.10335095412882965, 0.12301493928873537, 0.11768963322631296, 0.0984081494039735, 0.026654973429177525, 0.1402975095464266, 0.08546557129764121]"
A38GVFMJ2V9SRV,"[1.7393674850463867, -1.216238021850586, -1.177579402923584, -1.346395492553711, 1.8749449253082275, 0.6117324233055115, 1.0701420307159424, 0.7917847633361816, 0.37725603580474854, -1.848042368888855, 0.6117324233055115, 1.3304568529129028, 1.7263492345809937, 1.7664433717727661, -1.0432393550872803, 1.7263492345809937, 1.3304568529129028, -2.151198625564575, 2.17535400390625, 0.7731484174728394, 1.1574581861495972, 3.685912847518921, 2.0023550987243652, 3.308656692504883, 1.3304568529129028, 0.3958923816680908, 0.6117324233055115, 1.5533504486083984, -1.8766279220581055, -1.7580534219741821, -5.095221519470215, 1.2431408166885376, 0.3958923816680908, 0.0, -4.324820041656494, 1.5649333000183105, 3.685912847518921, 0.9345644116401672, 2.31093168258667, -1.6251486539840698, 0.11331954793764981, 0.06298086636167256, 0.1550419878606648, 0.07180463627690704, 0.106346314088082, 0.1608786784610649, 0.12361896874424004, 0.0825118304043552, 0.04240184716148934, 0.05400118024301417, 0.02337171693897004, 0.13526735965032818, 0.0482780070769267, 0.07480419590638812, 0.0859322415227938, 0.014253889304531427, 0.019386248292092817, 0.11267537796390668, 0.14120359871253194, 0.15174950427809847, 0.07725089953205336, 0.11160581482384387, 0.060191581333490764, 0.030810680630075186, 0.0944447109856758, 0.028701930693373866, 0.16375476773107586, 0.12663147535400915, 0.05334920586616478, 0.06463529238818527, 0.10673773107740224, 0.15544538371396963, 0.08808402353187286, 0.1376419020302195, 0.03954929197777746, 0.028544832018636432, 0.06531954004895413, 0.07515276869988355, 0.0752796466710042, 0.14362760621632373]"
A392UWXM2CDJ6V,"[0.7297572493553162, 0.7297572493553162, 0.0, 0.7297572493553162, 4.016263484954834, 0.0, 6.573012351989746, 0.0, 0.7297572493553162, 4.016263484954834, 0.0, 0.7297572493553162, 3.286506175994873, 0.7297572493553162, 4.016263484954834, 6.573012351989746, 4.016263484954834, 0.7297572493553162, 3.286506175994873, 0.7297572493553162, 6.573012351989746, 4.016263484954834, 4.016263484954834, 3.286506175994873, 3.286506175994873, 0.0, 0.0, 0.7297572493553162, 0.0, 4.016263484954834, 0.0, 3.286506175994873, 0.0, 0.0, 0.7297572493553162, 2.556748867034912, 0.7297572493553162, 4.016263484954834, 6.573012351989746, 0.7297572493553162, 0.13269052170588633, 0.11916854503669691, 0.09170215663291592, 0.06134959610258156, 0.08738152620620332, 0.15059408712658268, 0.15919649928962062, 0.060774083742092144, 0.15903607512814433, 0.04024331623320024, 0.08429813240218985, 0.1534606650760067, 0.14912197272702524, 0.09586247305195636, 0.10416002985976663, 0.09975866183695979, 0.07667584873925906, 0.06228347438078527, 0.07425661724664408, 0.14726244093662344, 0.15534846711104228, 0.03164830468035579, 0.15112129901158036, 0.06559698499525504, 0.040674925772425485, 0.08610270033605356, 0.13584876214962696, 0.11047257343503128, 0.06293683292633293, 0.03473806003076987, 0.09609553994720356, 0.16881381742586377, 0.07341101118260708, 0.15434802614797863, 0.0934740149702525, 0.1446630624419167, 0.15687674122517561, 0.1341379710432327, 0.06732600733653504, 0.047365795851987025]"
A397WXW8JOK3RT,"[0.0, 0.0, 0.0, 0.0, 0.0, 0.0, 0.0, 0.0, 0.0, 0.0, 0.0, 0.0, 0.0, 0.0, 0.0, 0.0, 0.0, 0.0, 0.0, 0.0, 0.0, 0.0, 0.0, 0.0, 0.0, 0.0, 0.0, 0.0, 0.0, 0.0, 0.0, 0.0, 0.0, 0.0, 0.0, 0.0, 0.0, 0.0, 0.0, 0.0, 0.1700747010174333, 0.1682857427918737, 0.1315463658223672, 0.12649870700986218, 0.149798225668211, 0.11243340206996391, 0.11912735713192993, 0.1543896369612267, 0.09912058233994754, 0.05353422102498401, 0.025546634454998336, 0.025609956627715227, 0.08802991779930394, 0.15257956861900834, 0.16842907577581778, 0.08018766830369675, 0.13824330964461276, 0.03980484681981277, 0.08547779870027913, 0.1399771406013024, 0.10439549369161426, 0.03493729671517143, 0.04621271251050156, 0.1519024548669159, 0.17017888293350666, 0.03125606474058094, 0.07617669683163518, 0.07726231373650999, 0.05751152496053265, 0.15147063313971668, 0.12897017124684595, 0.035143005154387084, 0.12435058407737258, 0.0440666323456965, 0.1093340554790868, 0.13310701054855384, 0.0345066422361331, 0.09534612792451821, 0.08079307211459606, 0.10906238531610726]"
A3980XKDL0SZEX,"[0.0, 0.0, 0.0, 0.0, 0.0, 0.0, 0.0, 0.0, 0.0, 0.0, 0.0, 0.0, 0.0, 0.0, 0.0, 0.0, 0.0, 0.0, 0.0, 0.0, 0.0, 0.0, 0.0, 0.0, 0.0, 0.0, 0.0, 0.0, 0.0, 0.0, 0.0, 0.0, 0.0, 0.0, 0.0, 0.0, 0.0, 0.0, 0.0, 0.0, 0.07819898860358221, 0.11255311079378715, 0.03471142756558718, 0.15909775874841012, 0.06594763760041668, 0.17181866934508028, 0.05622563800970828, 0.07505367923206575, 0.11854704809147718, 0.07020990542449002, 0.08911510620766634, 0.11487972650622104, 0.14581500978955395, 0.0897617178344171, 0.07135933414627167, 0.17336203219397206, 0.1670682940710918, 0.17312906043199963, 0.05336308731108611, 0.10707046650235251, 0.14889542265794822, 0.05615577429587757, 0.08343078272765643, 0.09869628234357333, 0.09003622575160075, 0.03333688797882383, 0.048902604929742355, 0.031188246137019895, 0.16977071182701228, 0.08284206810401999, 0.15354935230905456, 0.06972934554071292, 0.03711398993570246, 0.09244748888827826, 0.15522235830979988, 0.07662937217990806, 0.15461652021078184, 0.172241031458688, 0.08436440097126492, 0.13875151057943674]"
A39AEA8OFO8JT,"[-1.7642004489898682, -1.7642004489898682, -1.1793510913848877, -1.744265079498291, -1.7642004489898682, -2.44126558303833, -1.1793510913848877, 0.5363656282424927, 0.0, -2.3466737270355225, 0.5363656282424927, -2.44126558303833, -1.1793510913848877, -1.8302438259124756, -1.1133075952529907, -0.5483937859535217, -1.8103083372116089, -1.8302438259124756, -1.1332430839538574, 0.5363656282424927, -1.1992865800857544, 0.0, -1.1332430839538574, 0.0, -2.44126558303833, 0.5363656282424927, 0.5363656282424927, -1.8103083372116089, -1.1992865800857544, -1.8302438259124756, -1.1992865800857544, -2.0571446418762207, 1.1673228740692139, 0.0, 1.7783446311950684, 1.1473872661590576, 0.8611623644828796, -2.977630853652954, -1.7642004489898682, -2.4612011909484863, 0.07656601608683275, 0.09490868924851181, 0.05913800046953602, 0.15438778431355857, 0.05252536006192293, 0.10214241165399474, 0.09022368053977026, 0.11577827086243932, 0.053755241735477674, 0.11513013153424957, 0.11890957443016245, 0.16179133433466852, 0.10432635721330388, 0.09722611105307595, 0.049407582616256246, 0.051627403931168894, 0.15688457039036396, 0.140804712022483, 0.1526403254207619, 0.06917346005541473, 0.14923191434397634, 0.09224591452275292, 0.15724464842745509, 0.16486179354035504, 0.1562058614543671, 0.14974653624770937, 0.1645020076918759, 0.09042871269125023, 0.044506991931431476, 0.1428141149867014, 0.14111408045335613, 0.12358518025466311, 0.1478110728482906, 0.16130272859956876, 0.08674984291294752, 0.10282270903174555, 0.042416625759404136, 0.02999757262169495, 0.15294089139199799, 0.16101530454511506]"
A39H1GO9E3YQIB,"[8.622511863708496, 6.295768737792969, 3.680624008178711, 4.62476110458374, 8.174861907958984, 1.1207687854766846, 8.524568557739258, 1.3312543630599976, 0.8555166721343994, 4.3433403968811035, 2.0314886569976807, 4.398508071899414, 8.176143646240234, 9.630250930786133, 4.915925025939941, 6.790860652923584, 6.36102819442749, 3.740079879760742, 6.975249290466309, 0.26525217294692993, 9.463423728942871, 3.491015911102295, 7.837902545928955, 1.423876166343689, 5.999807834625244, 0.26525217294692993, 0.47553718090057373, 4.478193759918213, 4.570721626281738, 1.5413388013839722, 2.775547742843628, 7.924476623535156, 0.3526781499385834, 0.0, 5.915332317352295, 4.109570026397705, 4.590692043304443, 3.277538537979126, 8.009420394897461, 9.100027084350586, 0.026361999259306646, 0.12660561738997728, 0.04509604177132132, 0.1514817875441184, 0.07316632608054377, 0.025954307578002263, 0.13531439093095957, 0.1044250026568836, 0.14109115883917422, 0.05640217771546826, 0.01932064865036544, 0.01673137628605967, 0.12163659299737264, 0.03235507216502044, 0.05080117637395582, 0.13215410672001215, 0.039174022391392865, 0.08611341289831921, 0.12293004776702583, 0.08833873009957949, 0.01818876155054473, 0.004357287020335482, 0.01838777756024596, 0.07001542441383002, 0.07222686083451581, 0.11741343297879812, 0.11903855847223666, 0.12239674648760851, 0.10679405023279383, 0.009681363663664773, 0.13502749392629917, 0.09244609941983926, 0.012963309389753225, 0.03354306125610597, 0.11475924514320283, 0.11407492295030149, 0.07956644121757561, 0.04453184035926596, 0.15297865972732846, 0.08070072455981256]"
A39IK7T2K2V2KA,"[7.058180809020996, 6.689835548400879, 4.015230178833008, 3.6468849182128906, 7.058180809020996, 3.6468849182128906, 6.689835548400879, 0.7232886552810669, 0.0, 4.370173454284668, 3.042950391769409, 6.689835548400879, 3.6468849182128906, 4.370173454284668, 4.370173454284668, 6.689835548400879, 7.058180809020996, 4.370173454284668, 4.370173454284668, 0.0, 4.370173454284668, 2.319661855697632, 4.370173454284668, 0.0, 7.058180809020996, 0.0, 0.0, 3.6468849182128906, 3.0220866203308105, 3.6468849182128906, 4.015230178833008, 7.058180809020996, 0.7232886552810669, 0.0, 0.0, 0.3683452308177948, 0.0, 4.370173454284668, 7.058180809020996, 4.370173454284668, 0.1616719870461944, 0.11974116400830863, 0.11266851300009385, 0.11236485989796087, 0.134759270203433, 0.036886318240920424, 0.026409869965230103, 0.061286489404388085, 0.0467238699713176, 0.07493901296885319, 0.15786793513990055, 0.03803187654077153, 0.05807337387910405, 0.12404326518540987, 0.06638367414705383, 0.14372864449943143, 0.15203291128280283, 0.1313157040856379, 0.046646174573618825, 0.046536171861671596, 0.07923650255341178, 0.10775024791649343, 0.06113794718959272, 0.020664033484230907, 0.15961016051218416, 0.1395972392259368, 0.1410878689363835, 0.042466407187849456, 0.16735248929888763, 0.1403266574971059, 0.052638315873745865, 0.12349595222255792, 0.14920320012243116, 0.08764178267298375, 0.042255877370466474, 0.11674846841649889, 0.04238621752482492, 0.07197511066750902, 0.12488937407055475, 0.09290279601663137]"
A39JMSWQA06ZN6,"[0.10899671912193298, 0.21799343824386597, 0.10899671912193298, 0.10899671912193298, 0.10899671912193298, 0.10899671912193298, 0.21799343824386597, 0.0, 0.10899671912193298, 0.21799343824386597, 0.0, 0.0, 0.21799343824386597, 0.10899671912193298, 0.10899671912193298, 0.10899671912193298, 0.10899671912193298, 0.21799343824386597, 0.10899671912193298, 0.0, 0.21799343824386597, 0.10899671912193298, 0.10899671912193298, 0.0, 0.21799343824386597, 0.0, 0.0, 0.10899671912193298, 0.10899671912193298, 0.10899671912193298, 0.10899671912193298, 0.10899671912193298, 0.0, 0.0, 0.10899671912193298, 0.10899671912193298, 0.0, 0.0, 0.10899671912193298, 0.10899671912193298, 0.031727721742784674, 0.06627147257716577, 0.08808227305288405, 0.02732390902412753, 0.08928894001241794, 0.0486590034966766, 0.018211315719773986, 0.15689211514930418, 0.14869324157716737, 0.08650818903699703, 0.031183061066885974, 0.025430103589173268, 0.16305482311891842, 0.15267756591946363, 0.03652210073794379, 0.16301382186896557, 0.06933412655032609, 0.06435080886330227, 0.11769547518308146, 0.10079231002894146, 0.07772668511315635, 0.0741502885383385, 0.13525694720012904, 0.05610963162640118, 0.11437491608185323, 0.02063730597182711, 0.09946281381175168, 0.1258161262049521, 0.12217454366745352, 0.09756470554448798, 0.03301225713480175, 0.058749161392285636, 0.10981349401297555, 0.038340094826259635, 0.13163498603269916, 0.053286611488200325, 0.10467912710183089, 0.042031112192613, 0.06462108346603819, 0.11912511954940631]"
A39KHX3058560R,"[-3.139369487762451, -1.34914231300354, 0.07620357722043991, 0.4410848021507263, -1.0604647397994995, -1.4772703647613525, -1.34914231300354, -1.4253458976745605, 0.3648812472820282, -1.34914231300354, 0.3648812472820282, -1.0361855030059814, 0.7297624945640564, 0.4410848021507263, 1.0427193641662598, -1.0604647397994995, 1.0427193641662598, 0.7297624945640564, -1.34914231300354, 0.3648812472820282, 0.7297624945640564, -1.0361855030059814, -1.34914231300354, 0.0, -1.34914231300354, 0.0, 0.3648812472820282, 0.7297624945640564, 0.3648812472820282, -0.7475078105926514, -1.1123889684677124, -3.139369487762451, 0.0, 0.0, -1.34914231300354, 0.677838146686554, -2.4891765117645264, 0.7297624945640564, -1.34914231300354, 0.4410848021507263, 0.11361435004869219, 0.054520533702549806, 0.06564148130830696, 0.07120649075649176, 0.04974486861739161, 0.12570168123452466, 0.09829990033830124, 0.02311040221230935, 0.09418724429301523, 0.16455389080969832, 0.06667834652352572, 0.1002665583587323, 0.03015946796673218, 0.10007884825684094, 0.08226221861498642, 0.0351616161266498, 0.11303037988875264, 0.13373019659318724, 0.05419563492402343, 0.07713245443481456, 0.05370297719947529, 0.05364137260672004, 0.10127434615978849, 0.01874746270309387, 0.07783831115015766, 0.11554183689625883, 0.04241588910186931, 0.12646061991604696, 0.16061004862076178, 0.0818199653964163, 0.10978231257200594, 0.030807379103548138, 0.13335337592176277, 0.03817299456498184, 0.08825223229858076, 0.09429135937832864, 0.10099010423099973, 0.14012713504873553, 0.09602720910606367, 0.14041525947583364]"
A39VQK6I0V3AFV,"[5.835272789001465, 12.406864166259766, 5.835272789001465, 5.835272789001465, 5.835272789001465, 0.0, 5.835272789001465, 0.0, 5.835272789001465, 6.571592330932617, 0.0, 6.571592330932617, 12.406864166259766, 12.406864166259766, 5.835272789001465, 5.835272789001465, 0.0, 0.0, 12.406864166259766, 0.0, 5.835272789001465, 13.261312484741211, 5.835272789001465, 0.0, 12.406864166259766, 0.0, 0.0, 12.406864166259766, 0.0, 12.406864166259766, 0.0, 5.835272789001465, 0.0, 0.0, 12.406864166259766, 12.406864166259766, 0.0, 5.835272789001465, 12.406864166259766, 12.406864166259766, 0.1634233138898277, 0.054051843917652755, 0.025630696559957186, 0.12985005760187815, 0.03901562773876608, 0.1562306580607233, 0.03482971422341676, 0.12391844441036481, 0.13291658603195539, 0.06026162471263186, 0.11625057189879015, 0.16823552585445592, 0.10415995533579164, 0.08379165909081719, 0.1588146876860091, 0.03406824931312188, 0.12792634694991123, 0.12553046947047336, 0.04502555570428973, 0.14189606256562196, 0.03853423282634255, 0.1300020590420747, 0.08559975748049524, 0.04651703454509713, 0.05596337678459566, 0.14395966816809314, 0.08663881815046733, 0.09276204402396808, 0.05280855384232351, 0.0666023092664887, 0.13315103830515793, 0.16617189988418346, 0.06280297006492508, 0.1154039045470923, 0.056146166245462634, 0.050281468236596794, 0.06872458629813648, 0.0868250824623882, 0.1560403317685602, 0.06565327321008838]"
A39W5XTO1GA6G1,"[1.6089820861816406, 1.6089820861816406, 1.0726546049118042, 1.0726546049118042, 1.6089820861816406, 0.5363273024559021, 1.6089820861816406, 1.6089820861816406, 0.5363273024559021, 1.0726546049118042, 1.6089820861816406, 1.6089820861816406, 0.5363273024559021, 1.6089820861816406, 1.6089820861816406, 1.6089820861816406, 1.0726546049118042, 1.6089820861816406, 1.6089820861816406, 0.5363273024559021, 1.6089820861816406, 0.5363273024559021, 1.6089820861816406, 0.0, 1.6089820861816406, 0.5363273024559021, 0.5363273024559021, 1.0726546049118042, 1.6089820861816406, 1.0726546049118042, 1.0726546049118042, 1.6089820861816406, 1.0726546049118042, 0.0, 1.0726546049118042, 1.0726546049118042, 0.0, 1.0726546049118042, 1.6089820861816406, 1.6089820861816406, 0.07505290438826057, 0.1396356915273592, 0.12694286918148598, 0.07897868012700558, 0.0536398493092107, 0.07724902680347898, 0.15539311791997185, 0.10705218955586177, 0.12309878536520404, 0.064839948789642, 0.03498440306518667, 0.06859852027697659, 0.04585192111447925, 0.061156694173910536, 0.11549237184019337, 0.052191555053155834, 0.15339182162306217, 0.061443086553684446, 0.062430262108200636, 0.0996022898163044, 0.10487104479804245, 0.07258664927165318, 0.07490700632800985, 0.0726998461007498, 0.17082811041900406, 0.12433159052838787, 0.11591520908984208, 0.16742515064462046, 0.11593629734303877, 0.10772860886520824, 0.1296862580457804, 0.07835105107838848, 0.11582243415766155, 0.07564762987961657, 0.1442173774665901, 0.0745640172160018, 0.09769890269360261, 0.16293985194400637, 0.1410553637879076, 0.16756749430917312]"
A39WH9DUE96U1P,"[9.859994888305664, 10.50308609008789, 0.46905216574668884, -2.6863582134246826, 13.610086441040039, 0.0, 13.786203384399414, 6.1051530838012695, -0.02554146572947502, 8.950650215148926, 0.0, 10.301426887512207, 0.6478424072265625, 7.7744059562683105, 9.885537147521973, 10.301426887512207, 10.80478286743164, 10.099767684936523, 13.433969497680664, -1.046952486038208, 7.5982890129089355, 9.388270378112793, 13.280719757080078, 3.308659076690674, 13.331803321838379, 0.0, 0.0, 3.9793701171875, 6.5612359046936035, -5.468793869018555, -2.6608169078826904, 13.431296348571777, 0.0, 0.0, -2.160134792327881, 0.5430036187171936, 12.913833618164062, 7.342874526977539, 19.799585342407227, 13.786203384399414, 0.13964120372558597, 0.14475263088698972, 0.09720720250643215, 0.07441890540723045, 0.14951727553845726, 0.14937701937919917, 0.14623224592221903, 0.0852774140800708, 0.1176561616147555, 0.12460855816412263, 0.09952880373286205, 0.04483783298335895, 0.10575686819839271, 0.1145032417620699, 0.11358772770067849, 0.11429308977453022, 0.10678082954165095, 0.170294196022403, 0.148170073668386, 0.07382112832090021, 0.08476320172713823, 0.05414378196879073, 0.043264621890266995, 0.0899680348725187, 0.1352089567266433, 0.17040678110658708, 0.0881418513139404, 0.090689320797065, 0.07877019489645189, 0.0968069597210373, 0.07835341029025553, 0.12090948225624723, 0.12010124053708365, 0.08331209268708642, 0.1638553012168451, 0.048378137369387425, 0.16868586394585888, 0.12675464186199498, 0.11331394697455509, 0.10167498780271447]"
A39WWMBA0299ZF,"[17.792789459228516, 17.681743621826172, 17.630657196044922, 15.523571014404297, 17.763351440429688, 6.153682708740234, 17.792789459228516, 4.4335408210754395, 7.068048000335693, 17.552413940429688, 4.141669750213623, 16.05819320678711, 17.792789459228516, 17.792789459228516, 17.792789459228516, 17.792789459228516, 17.21491050720215, 16.918298721313477, 17.792789459228516, 2.163249969482422, 17.792789459228516, 9.384783744812012, 17.792789459228516, 5.189425945281982, 17.792789459228516, 1.9003620147705078, 2.5915300846099854, 16.063230514526367, 16.976011276245117, 9.436490058898926, 15.77791976928711, 17.792789459228516, 9.213305473327637, 0.09694841504096985, 17.792789459228516, 17.144134521484375, 15.214764595031738, 12.1963472366333, 17.792789459228516, 17.792789459228516, 0.005329599577999869, 0.088578084564719, 0.09320837918627034, 0.15253792910630942, 0.1444128304376232, 0.13281884772901187, 0.13650790108935432, 0.13506073967493065, 0.10652438410374294, 0.06266974086739246, 0.09293533729334078, 0.14920699918479427, 0.033477176938093337, 0.1395643196532633, 0.11440821609080262, 0.13836241961912724, 0.03622966021859512, 0.044052216798554325, 0.10780078360518258, 0.09739670180029074, 0.07547819856009988, 0.14029108586885694, 0.023480088733059522, 0.03317299505006685, 0.1524623438969774, 0.0364130313721995, 0.06389954307730177, 0.10667103590116564, 0.041632633643243135, 0.03697319505288206, 0.017570023086756602, 0.13545719761928043, 0.042609506326093324, 0.09537652129944159, 0.08056131022129116, 0.0655414167857109, 0.10490734228032551, 0.01467589589482112, 0.053963527739649665, 0.0586901518880453]"
A3A5ATNHC0QPQA,"[9.899660110473633, 9.899660110473633, 9.899660110473633, 9.899660110473633, 9.899660110473633, 6.008697509765625, 9.899660110473633, 0.3575757145881653, 4.623289585113525, 6.67769193649292, 4.4699931144714355, 9.899660110473633, 9.899660110473633, 9.899660110473633, 9.899660110473633, 9.899660110473633, 9.899660110473633, 9.899660110473633, 9.899660110473633, 4.693923473358154, 9.899660110473633, 4.336348056793213, 9.899660110473633, 0.0, 9.899660110473633, 0.3575757145881653, 3.8466858863830566, 9.899660110473633, 9.899660110473633, 1.5956023931503296, 6.495983123779297, 9.899660110473633, -0.5268598794937134, 0.0, 9.899660110473633, 4.615988731384277, 9.899660110473633, 6.015998363494873, 9.899660110473633, 9.899660110473633, 0.08779733980842847, 0.11189451719018122, 0.08701643238773359, 0.070317890370891, 0.08172784873297187, 0.12002113891762399, 0.12901012227985334, 0.11666497542904995, 0.12035324209142298, 0.0373880917609554, 0.08713633136385744, 0.04272080106415591, 0.11173773160739536, 0.05233162956557678, 0.019031074959532056, 0.10197126242300471, 0.16154588969588896, 0.11830657547510476, 0.16143535913275392, 0.10471995806553464, 0.04980256295983153, 0.03855597746934067, 0.08698997842903934, 0.03991897424271446, 0.0331750752869984, 0.027418750135258775, 0.12244647867118842, 0.1039135349777772, 0.07355915034890138, 0.05708676911717744, 0.16230932626303826, 0.09176618817234604, 0.07594064288620934, 0.10969837626924682, 0.15932278283709708, 0.15604987545227, 0.050140280625281836, 0.11259982216985831, 0.07179415980970097, 0.133773346055496]"
A3A8F2URN7MEPR,"[6.474252700805664, 3.237126350402832, 0.0, 0.0, 3.237126350402832, 0.0, 3.237126350402832, 3.237126350402832, 0.0, 6.474252700805664, 3.237126350402832, 3.237126350402832, 0.0, 6.474252700805664, 0.0, 3.237126350402832, 3.237126350402832, 0.0, 3.237126350402832, 0.0, 0.0, 0.0, 0.0, 0.0, 0.0, 0.0, 0.0, 0.0, 0.0, 0.0, 0.0, 3.237126350402832, 0.0, 0.0, 0.0, 0.0, 3.237126350402832, 0.0, 6.474252700805664, 3.237126350402832, 0.1562104378746946, 0.08076314916458163, 0.048013733231947825, 0.14034871291337683, 0.08522253552065473, 0.1656447556613449, 0.02823036613664061, 0.11103746128184427, 0.07418020928160646, 0.159703129668729, 0.1423178916713099, 0.0890262700533673, 0.12550078233009326, 0.11948528762850075, 0.11224026509664027, 0.10562930241924716, 0.13118605846597986, 0.06487181689818756, 0.11827178138437985, 0.11917884717362005, 0.06467227625494244, 0.055871853689902495, 0.10626921572963263, 0.044833770540469116, 0.08727955642005568, 0.049141267555527494, 0.04257187941793262, 0.1486773714713669, 0.06651554716512076, 0.08428711264078904, 0.08292915544806709, 0.025119094012928965, 0.16227170737472285, 0.05864373035101057, 0.14349403543934422, 0.1691168954439252, 0.0351593379783268, 0.05349712820224724, 0.14453937823580162, 0.14779589844766264]"
A3ADPDEVGNMBWN,"[5.70688533782959, 2.8421506881713867, 2.7698206901550293, 2.6691529750823975, 4.949184417724609, 1.945730209350586, 4.949184417724609, 2.1229352951049805, 1.0744301080703735, 1.3573148250579834, 1.4467836618423462, 2.270874500274658, 2.8421506881713867, 7.528620719909668, 2.7698206901550293, 4.949184417724609, 2.1279468536376953, 2.703430652618408, 4.077884674072266, 1.4467836618423462, 4.077884674072266, 1.2315263748168945, 4.298153400421143, 0.7325800657272339, 5.131401538848877, 1.4467836618423462, 1.4467836618423462, 3.8981425762176514, 2.7698206901550293, 1.395366907119751, 1.9482049942016602, 10.859322547912598, 1.4467836618423462, 0.0, 2.0936691761016846, 3.3226587772369385, 0.41665488481521606, 0.14793908596038818, 7.897510051727295, 4.250882148742676, 0.06751863948756162, 0.13051774957103637, 0.08912619841348421, 0.053407463755963155, 0.10972240468165273, 0.0881868206942126, 0.12625261300070187, 0.07313707803539864, 0.06617889977293692, 0.0957410619310568, 0.09269883486228837, 0.09977157228753424, 0.045767436979915706, 0.1482319523018276, 0.08484966062680734, 0.04352869543593147, 0.059120398004671386, 0.15801062846229091, 0.1698979583549583, 0.06691477849823521, 0.11811895353362539, 0.15194918946873542, 0.10655870309026787, 0.14534261735793946, 0.11569441927417497, 0.10506064497006098, 0.09312489958996588, 0.11596462998416975, 0.1706150919307441, 0.04427018965299295, 0.12852426479000983, 0.11564300643372591, 0.06171987256655264, 0.10028894167133458, 0.05525169672411724, 0.10970164521478085, 0.12105456780628097, 0.03857563054069974, 0.12876157740090544, 0.11900551788861134]"
A3AE2ZLYWES45E,"[0.8045283555984497, 1.2294259071350098, 1.2294259071350098, 0.0, 1.2294259071350098, 0.0, 0.8045283555984497, -1.2612534761428833, 0.0, 0.8045283555984497, 0.0, 1.2294259071350098, 1.2294259071350098, 1.2294259071350098, 1.2294259071350098, 1.2294259071350098, 1.2294259071350098, 0.0, -0.031827714294195175, 0.0, 1.2294259071350098, 0.8045283555984497, 1.2294259071350098, 1.2294259071350098, 0.8045283555984497, 0.0, 0.0, 1.2294259071350098, -0.4248974919319153, -1.2612534761428833, 0.0, 1.2294259071350098, 0.0, 0.0, -1.2612534761428833, 0.8045283555984497, 1.2294259071350098, 1.2294259071350098, 0.8045283555984497, -0.031827714294195175, 0.01841383153214842, 0.15220543955647223, 0.0987410331008859, 0.14709604017325492, 0.023077368195464666, 0.02684915045949809, 0.10507844558053916, 0.03551804089909005, 0.07612316326673173, 0.07080140255698042, 0.12923975772241866, 0.05185893183145791, 0.11512786505874248, 0.08767825061529444, 0.034485782115316485, 0.027989352400470853, 0.055372941107640836, 0.08077554960889287, 0.12153009597345346, 0.05291533927897864, 0.15686298367939047, 0.039275049786143094, 0.06397824828653302, 0.060048303445269444, 0.08837134024385852, 0.12456763249542342, 0.029443473121407056, 0.08503238909582746, 0.10386721933953418, 0.09744100587936629, 0.10606020065225959, 0.14772176703375753, 0.1540867645067015, 0.1215776865069332, 0.07948709335243688, 0.14600929857410413, 0.041928735636793155, 0.057108431701026016, 0.1093835276013068, 0.0685665130800396]"
A3AF038W92E3I,"[12.653732299804688, 9.859027862548828, 8.350007057189941, 9.711967468261719, 13.980201721191406, 3.132582902908325, 12.653732299804688, 0.7151591181755066, 0.0, 7.781908988952637, 0.7151591181755066, 7.176785945892334, 9.711967468261719, 9.859027862548828, 11.33300495147705, 8.497513771057129, 11.33300495147705, 8.650761604309082, 12.394655227661133, 0.7151591181755066, 9.859027862548828, 0.0, 11.185943603515625, 0.0, 9.859027862548828, 0.7151591181755066, 0.7151591181755066, 12.394209861755371, 9.558719635009766, 3.132582902908325, 11.032694816589355, 12.500484466552734, 3.3974015712738037, 0.0, 5.932583332061768, 8.614826202392578, 2.6822423934936523, 5.099666118621826, 15.188913345336914, 8.650761604309082, 0.13507586968784382, 0.17690829994501844, 0.143250867559687, 0.1580180640314981, 0.03505558028838922, 0.12273942823768633, 0.14078147896856819, 0.16628538639995097, 0.055996829293027905, 0.07058570029039608, 0.13866355902344984, 0.16826040464108333, 0.1463300565650085, 0.09475240226589937, 0.06841626512556688, 0.08892925724067283, 0.06247066993720748, 0.03847774137390416, 0.07049972468348638, 0.03267360562439221, 0.04306898081457213, 0.08240748991840194, 0.028077190417853882, 0.06136379878472988, 0.0802484265895076, 0.05993867705218211, 0.14073038004141677, 0.11605821510422751, 0.09716826648945552, 0.0632153079062701, 0.11814134381544175, 0.03361743074547093, 0.14084735910207796, 0.15632199445177064, 0.03770846081734964, 0.09450100293265266, 0.1580030576945433, 0.17501015309080403, 0.07633405419786808, 0.16689185283277216]"
A3AZI828WJN1CD,"[3.9328036308288574, 4.464016914367676, 4.441013336181641, 1.916191577911377, 4.544443607330322, 0.11704156547784805, 4.195159912109375, 2.272494077682495, 2.786389112472534, 4.414737701416016, 0.7185006141662598, 4.299894332885742, 4.90852689743042, 3.8279964923858643, 4.111542224884033, 4.438234806060791, 4.558788299560547, 4.294607162475586, 4.280951499938965, 0.1485685110092163, 3.995931625366211, 1.4522829055786133, 3.396960496902466, 0.0, 4.512916564941406, 0.0708429217338562, 3.5376856327056885, 4.140013217926025, 4.278242588043213, 3.3482394218444824, 4.349882125854492, 3.3038055896759033, -0.21486985683441162, 0.0747263953089714, 3.823188304901123, 3.2265496253967285, 3.926774740219116, -0.02751171588897705, 4.597473621368408, 4.3052592277526855, 0.0833065213926403, 0.11620411657410068, 0.1300963282528956, 0.007077014378593055, 0.036735912431784735, 0.005291131057122285, 0.038219009402746223, 0.10847282735130957, 0.009229205125602, 0.0761073952097718, 0.031029308937046994, 0.009320061890403993, 0.05719334103565829, 0.1283973599390945, 0.1428823239548772, 0.059720001416079624, 0.06991939003319679, 0.050322732080204255, 0.13528428916016885, 0.015192222989699588, 0.1427363211145259, 0.04631384165053929, 0.10577940659056358, 0.03554029687030279, 0.02209160045499857, 0.13385218973353338, 0.05802308797814064, 0.10870370941044256, 0.14758579038169645, 0.15299204246485665, 0.14170131639678984, 0.09000017907063579, 0.15250929411343153, 0.017629265389093627, 0.08569770882342925, 0.0423609989964948, 0.0068360719183478535, 0.007435447875185297, 0.11140784533267813, 0.028523653017631316]"
A3B9T1GXSEVIWM,"[14.849684715270996, 14.849684715270996, 14.849684715270996, 6.251903057098389, 14.849684715270996, 0.0, 14.849684715270996, 3.8455114364624023, 0.0, 6.355218887329102, 3.999948263168335, 6.355218887329102, 14.849684715270996, 14.849684715270996, 14.849684715270996, 14.849684715270996, 14.849684715270996, 14.849684715270996, 14.849684715270996, 0.0, 14.849684715270996, 6.4532270431518555, 14.849684715270996, 2.4814934730529785, 14.849684715270996, 0.0, 3.971733570098877, 14.849684715270996, 14.797636032104492, 6.4532270431518555, 6.327005386352539, 8.836713790893555, 0.0, 0.0, 14.849684715270996, 6.4532270431518555, 14.849684715270996, 6.481441497802734, 14.849684715270996, 14.849684715270996, 0.0509385768348262, 0.028359296940201558, 0.16412128640062681, 0.06270540868428051, 0.16812735260831738, 0.042415000997468456, 0.14503612710194214, 0.03671184513971677, 0.0633196943354818, 0.0884261724271019, 0.02492450736270315, 0.11076664555327216, 0.11496800767878017, 0.027944156890948174, 0.08522375865476739, 0.1562531664695365, 0.1241501350085318, 0.09091245228030562, 0.10163536461525707, 0.0798489817115886, 0.03676405779624153, 0.11708249223557898, 0.08116656937675086, 0.11397847588685549, 0.138847168250021, 0.14553756032314522, 0.0853645301380748, 0.11924035142922328, 0.10701785148620216, 0.1690642600511484, 0.029584341709097944, 0.048204893601273016, 0.08818696574676661, 0.07284109445965954, 0.13642968528994623, 0.05098958053085271, 0.02755039089407194, 0.16376650439195728, 0.10294687040490849, 0.15668868354805246]"
A3BKC8ZEVA23CK,"[9.174673080444336, 4.439860820770264, 4.734812259674072, 0.5989978909492493, 5.038858413696289, 0.5989978909492493, 12.54040813446045, 0.5989978909492493, -0.2949512302875519, 8.271628379821777, 0.5989978909492493, 4.734812259674072, 7.805596351623535, 5.038858413696289, 4.734812259674072, 8.404594421386719, 4.439860820770264, 0.304046630859375, 7.510644912719727, 0.5989978909492493, 7.510644912719727, 8.271628379821777, 4.439860820770264, 4.135814189910889, 12.24545669555664, 0.5989978909492493, 0.5989978909492493, 5.038858413696289, 5.333809852600098, 1.1979957818984985, 1.1979957818984985, 8.109643936157227, 0.5989978909492493, 0.0, 1.1979957818984985, 11.941410064697266, 4.135814189910889, 4.135814189910889, 12.24545669555664, 5.333809852600098, 0.06685074927859322, 0.1737476096461384, 0.10413410992863087, 0.09432849451817707, 0.0634296237833991, 0.036989931946115495, 0.08120219850718911, 0.12225234096306176, 0.1674934004911156, 0.17726337846143417, 0.04758088347942937, 0.0854702479835189, 0.09257513201322608, 0.04068366384042449, 0.1338925636877265, 0.16312392146982246, 0.037881040911942075, 0.08896750357650003, 0.0834320978033338, 0.1472699983894745, 0.0571141994746097, 0.1799216223474408, 0.17443997596976699, 0.057783772054266665, 0.14411967688157415, 0.043118456791199494, 0.17791545092764666, 0.07760151643628012, 0.11888672170376265, 0.0593647100661303, 0.14381425928884461, 0.11875562667259866, 0.03760342813678664, 0.11753446173966829, 0.12668600959504933, 0.057180595847944674, 0.14751462909898239, 0.16708808312108944, 0.13667364707629975, 0.04775906990410907]"
A3BNMHRW2R35LK,"[17.42990493774414, 14.129039764404297, 11.943984985351562, 8.557693481445312, 15.644294738769531, 0.17877548933029175, 18.067405700683594, 3.683990955352783, 7.62346887588501, 8.042415618896484, 2.042454242706299, 8.933507919311523, 12.937538146972656, 9.37070083618164, 16.970659255981445, 16.627798080444336, 15.317493438720703, 17.566219329833984, 15.150203704833984, 0.17877548933029175, 11.585380554199219, 10.88326644897461, 16.355260848999023, 0.0, 16.212759017944336, 0.3066818118095398, 1.2468464374542236, 15.653657913208008, 11.666515350341797, 4.868802070617676, 11.916759490966797, 15.660383224487305, 2.3024892807006836, 0.5440470576286316, 17.661521911621094, 11.948345184326172, 10.48580551147461, 3.8003063201904297, 17.228418350219727, 17.858219146728516, 0.12302501405177463, 0.07758286923588026, 0.16124132692661527, 0.15429876012539465, 0.0869104737404808, 0.08033224409224962, 0.1513655137838321, 0.13527231214120694, 0.13143914964239967, 0.04072970404535272, 0.15997613795660645, 0.08904339719115864, 0.15737017740362857, 0.08171524999431241, 0.09413926534912842, 0.07482820139784577, 0.08966563770742966, 0.0655497740224823, 0.12077108271880681, 0.1558123597045642, 0.019386612386740804, 0.1045263986487822, 0.1520004374988619, 0.055409989810945345, 0.01944886709155182, 0.09388960133856952, 0.056528119243734666, 0.12392260889956494, 0.1591755350371302, 0.0826631880766166, 0.11955276395184034, 0.055736472079293053, 0.08390100970152846, 0.05316970623087353, 0.08945375856865743, 0.11416323725634213, 0.07565075846197214, 0.12532074364810158, 0.12527828320460993, 0.08312737167782369]"
A3BWOPUC4BK90E,"[1.0946422815322876, 1.0946422815322876, 0.5473211407661438, 1.0946422815322876, 1.0946422815322876, 0.0, 0.5780969858169556, 0.5473211407661438, 0.03077590838074684, 0.06155181676149368, 0.5473211407661438, 1.0946422815322876, 1.0946422815322876, 0.5780969858169556, 1.0946422815322876, 0.5780969858169556, 1.0946422815322876, 1.0946422815322876, 1.0946422815322876, 0.5473211407661438, 1.0946422815322876, 0.5780969858169556, 1.0946422815322876, 0.0, 1.0946422815322876, 0.0, 0.5473211407661438, 1.0946422815322876, 0.5473211407661438, 1.0946422815322876, 0.5473211407661438, 0.5780969858169556, 0.0, 0.0, 1.0946422815322876, 0.03077590838074684, 0.5780969858169556, 1.0946422815322876, 1.0946422815322876, 1.0946422815322876, 0.08701539521671307, 0.12096291649121466, 0.060054999270031204, 0.15747704867732887, 0.07386034181287014, 0.08134312128590437, 0.08234537490633405, 0.11358908685551966, 0.0769874718048169, 0.12278617963842517, 0.12309199735624994, 0.14872935875466367, 0.04343349152408797, 0.10496081290861121, 0.03164830124094513, 0.07247138468338973, 0.07135551038627493, 0.15853013306559885, 0.027235648898070633, 0.14772156967148586, 0.12146726513108798, 0.05281297485260239, 0.11244671527010149, 0.13364271462612617, 0.13017895025440596, 0.04341600913043484, 0.15506801693694985, 0.029571493930687743, 0.1577687412323365, 0.14101025447843762, 0.10345630506261917, 0.1535952070072665, 0.12248156272559185, 0.03786230454256436, 0.15117627455631205, 0.1652776653030107, 0.06511066003654253, 0.08017529672704177, 0.10861647580740287, 0.14856337975231715]"
A3C46GBHLVSOEW,"[6.617321014404297, 6.617321014404297, 3.3086605072021484, 0.0, 6.617321014404297, 0.0, 6.617321014404297, 3.3086605072021484, 0.0, 6.617321014404297, 3.3086605072021484, 6.617321014404297, 3.3086605072021484, 6.617321014404297, 6.617321014404297, 6.617321014404297, 6.617321014404297, 3.3086605072021484, 6.617321014404297, 0.0, 6.617321014404297, 3.3086605072021484, 6.617321014404297, 3.3086605072021484, 6.617321014404297, 0.0, 0.0, 3.3086605072021484, 3.3086605072021484, 0.0, 0.0, 6.617321014404297, 3.3086605072021484, 0.0, 0.0, 3.3086605072021484, 3.3086605072021484, 6.617321014404297, 6.617321014404297, 6.617321014404297, 0.07121433681296506, 0.035361914764629604, 0.0993412139437637, 0.08870003644708549, 0.09022821724541975, 0.12491253442856932, 0.0886846072320296, 0.12444955162478985, 0.10848601049651965, 0.1574180194416942, 0.11558622110851935, 0.15929340458264138, 0.10975302385488121, 0.12007906574615211, 0.08982289495329378, 0.08941269144766147, 0.12134652885583652, 0.17184372498849318, 0.12726259152887878, 0.14212342269880796, 0.16444788941781247, 0.12273397540446802, 0.09746312575439724, 0.0709124017058843, 0.15548840265210745, 0.09694031262056983, 0.08414215361613187, 0.059599326018002635, 0.04730586103518998, 0.15471606247748326, 0.12913205935249014, 0.11374851444671143, 0.1515679079720695, 0.13511973984324677, 0.17052264797635552, 0.14058153680801688, 0.045357806854004826, 0.15882791974279065, 0.0581740533089801, 0.16411315576142324]"
A3C5QWL1FYGL8L,"[14.8496732711792, 14.8496732711792, 10.73482894897461, 11.935832977294922, 14.8496732711792, 8.982752799987793, 14.8496732711792, 2.4814915657043457, 5.229089736938477, 14.8496732711792, 2.4814915657043457, 13.482425689697266, 13.15072250366211, 14.8496732711792, 14.8496732711792, 14.8496732711792, 14.8496732711792, 14.085619926452637, 14.8496732711792, 2.7475979328155518, 14.8496732711792, 14.8496732711792, 14.8496732711792, 8.04785442352295, 14.8496732711792, 0.0, 0.0, 14.8496732711792, 4.836760997772217, 11.730350494384766, 8.85653018951416, 14.8496732711792, 2.355269432067871, 0.0, 11.935832977294922, 14.8496732711792, 11.000934600830078, 13.482425689697266, 14.8496732711792, 14.8496732711792, 0.16050195617270252, 0.10694970632534297, 0.06059007765719617, 0.10707021340677925, 0.04121966097533109, 0.1108237774808548, 0.16574598015441747, 0.058672647106854284, 0.1585429944099456, 0.11679588697639619, 0.034892744133734284, 0.10113323458725054, 0.13647882309320533, 0.11951567537602172, 0.0862101070500254, 0.10825385491754994, 0.03447690040107903, 0.06398384636608959, 0.11274989149102255, 0.06291825223487331, 0.0509687621265213, 0.0276312855596459, 0.08154940295659101, 0.03123055919083904, 0.10017256750401078, 0.07394300593387713, 0.025856493105774182, 0.09687943158956112, 0.1278363505856787, 0.137518000258145, 0.09191491503249775, 0.0645292579162394, 0.06652680418427274, 0.05473658658482043, 0.04251707474805674, 0.060943668869355046, 0.09756833924511595, 0.14713461932559627, 0.08844460335702443, 0.13302641550735705]"
A3CB8QT4E8R232,"[19.79920196533203, 19.79920196533203, 0.0, 0.9643695950508118, 19.79920196533203, 0.0, 19.79920196533203, 19.00564956665039, 0.0, 19.00564956665039, 10.467194557189941, 19.79920196533203, 0.0, 19.00564956665039, 19.00564956665039, 19.79920196533203, 19.79920196533203, 19.00564956665039, 19.00564956665039, 0.0, 19.00564956665039, 10.467194557189941, 19.00564956665039, 0.0, 19.79920196533203, 0.0, 0.0, 0.0, 9.502824783325195, 0.0, 0.0, 19.79920196533203, 9.502824783325195, 0.0, 0.0, 0.0, 9.502824783325195, 19.00564956665039, 19.79920196533203, 19.00564956665039, 0.03606963171467473, 0.06779226285346972, 0.1062110261911252, 0.15902775938365887, 0.05365863899404152, 0.10166956167698284, 0.07963742302796883, 0.10099761309166214, 0.04801708816408897, 0.03711699821479065, 0.06399606586960792, 0.09444931898909202, 0.04524053104185081, 0.06645110527852503, 0.1760334702157046, 0.12751658307313993, 0.06255454742659439, 0.06588186913685852, 0.11334552300266945, 0.05305391130830232, 0.16455911905637355, 0.16563053689853924, 0.10432644402948463, 0.13398011285779415, 0.08552918074171044, 0.1190205478865659, 0.14533539833847486, 0.16908779125718926, 0.1540856384075687, 0.10460694397850136, 0.16836046057634657, 0.08957158358574506, 0.11658083447181647, 0.14940254261858443, 0.05550316989179911, 0.1405647769556838, 0.06977618550439185, 0.15587510084795522, 0.0773660871184966, 0.11743404492428713]"
A3CEFO8LPIMHHE,"[0.0, 0.0, 0.0, 0.0, 0.0, 0.0, 0.0, 0.0, 0.0, 0.0, 0.0, 0.0, 0.0, 0.0, 0.0, 0.0, 0.0, 0.0, 0.0, 0.0, 0.0, 0.0, 0.0, 0.0, 0.0, 0.0, 0.0, 0.0, 0.0, 0.0, 0.0, 0.0, 0.0, 0.0, 0.0, 0.0, 0.0, 0.0, 0.0, 0.0, 0.12228735896668856, 0.17721272115466488, 0.0948936554902025, 0.08849393257034961, 0.16629160255059092, 0.17631414255973343, 0.13719409997724472, 0.11022032964172018, 0.10041515024628599, 0.14598718635434144, 0.16184189770310026, 0.033387720309052314, 0.12478621646934906, 0.1453082640688759, 0.0523579185998187, 0.08260664477518566, 0.08921316079655689, 0.09316750049559427, 0.1780694250069492, 0.039271286301722254, 0.1441578341804967, 0.1683614693585224, 0.05000796600914242, 0.103816890612182, 0.11214691812860482, 0.10451104875359046, 0.11576193847829007, 0.11683959119189356, 0.12336561444237555, 0.15512420341762606, 0.06600474309454665, 0.07963025371748148, 0.16328383215407496, 0.1601212131861486, 0.056876274651594276, 0.11022625056067083, 0.04097505900882544, 0.10809143248638327, 0.17130291441711545, 0.13524157804799763]"
A3CFINYERTHF9Q,"[0.7297545075416565, 0.7297545075416565, 0.0, 0.36487725377082825, 0.7297545075416565, 0.0, 0.7297545075416565, 0.36487725377082825, 0.36487725377082825, 0.7297545075416565, 0.36487725377082825, 0.7297545075416565, 0.36487725377082825, 0.7297545075416565, 0.7297545075416565, 0.7297545075416565, 0.7297545075416565, 0.7297545075416565, 0.7297545075416565, 0.36487725377082825, 0.7297545075416565, 0.36487725377082825, 0.7297545075416565, 0.0, 0.7297545075416565, 0.0, 0.0, 0.36487725377082825, 0.36487725377082825, 0.36487725377082825, 0.0, 0.7297545075416565, 0.36487725377082825, 0.0, 0.36487725377082825, 0.0, 0.36487725377082825, 0.7297545075416565, 0.7297545075416565, 0.7297545075416565, 0.10270315718173255, 0.0829928316842014, 0.09870185150251282, 0.11489249795165003, 0.08102644881028204, 0.12123936181897528, 0.13742235981443823, 0.05351052494775387, 0.05503566563589585, 0.14193703045915124, 0.048964966534992056, 0.12964531894162196, 0.03662491272224737, 0.16415967328588435, 0.11907809035417427, 0.025080926804281662, 0.025019841771901627, 0.08521423976543864, 0.04677498027784144, 0.12227551402150726, 0.12078074314887115, 0.11677681932793109, 0.04305180055607721, 0.06793378093573522, 0.14481950291905688, 0.10502531328475471, 0.07542380286436835, 0.01949080269218484, 0.13856599110183793, 0.0881358744914374, 0.054677441263805096, 0.05211337841884808, 0.1305516098465124, 0.07220682584178663, 0.04101450704493417, 0.06842494151625383, 0.15548811710553526, 0.1291511615638969, 0.07389220789010384, 0.06055583321120414]"
A3CIUOJXQ5VDQ2,"[0.0, 0.0, 0.0, 0.0, 0.0, 0.0, 0.0, 0.0, 0.0, 0.0, 0.0, 0.0, 0.0, 0.0, 0.0, 0.0, 0.0, 0.0, 0.0, 0.0, 0.0, 0.0, 0.0, 0.0, 0.0, 0.0, 0.0, 0.0, 0.0, 0.0, 0.0, 0.0, 0.0, 0.0, 0.0, 0.0, 0.0, 0.0, 0.0, 0.0, 0.15503883060645676, 0.10682398573414018, 0.09262958107574494, 0.08188089321252218, 0.07356387666536086, 0.028067113433678074, 0.03546852938144685, 0.08286018403748563, 0.14935474543223087, 0.10662870664821451, 0.10853387255324268, 0.15003064193404184, 0.14847977072029275, 0.08677743096170225, 0.07713147949394812, 0.14610320985895503, 0.13525979191403292, 0.05578257208218543, 0.10723319140279228, 0.08718759527946296, 0.05017680511355963, 0.026646487723396332, 0.14837472056209647, 0.08994386843633853, 0.1347098587619785, 0.14973984064000864, 0.06500383529451156, 0.04952718353473119, 0.07711606147570942, 0.13401879303313835, 0.019256996347649376, 0.1032360762051564, 0.07358220420733849, 0.05593069215654199, 0.15680196416694614, 0.09760239679523337, 0.06172884148830543, 0.08446557225250911, 0.022185318564918417, 0.07273660609288277]"
A3CLPIHVAD1LI1,"[3.1947662830352783, 2.6135857105255127, 3.1287221908569336, 0.0, 2.6135857105255127, 0.0, 3.1947662830352783, 0.0, 0.0, 3.1947662830352783, 0.06604407727718353, 2.6135857105255127, 2.6135857105255127, 2.6135857105255127, 2.6135857105255127, 3.1947662830352783, 2.6135857105255127, 0.06604407727718353, 2.6135857105255127, 0.0, 2.6135857105255127, 2.547541618347168, 2.547541618347168, 2.547541618347168, 2.6135857105255127, 0.0, 0.0, 2.547541618347168, 0.647224485874176, 0.0, 0.0, 2.6135857105255127, 0.0, 0.0, 0.06604407727718353, 2.547541618347168, 2.6135857105255127, 2.6135857105255127, 3.1947662830352783, 2.6135857105255127, 0.10097780018911134, 0.1579205134247101, 0.0346192631384923, 0.062051907722741786, 0.049507111216388164, 0.1512860897841108, 0.12958899111093858, 0.06536227252073289, 0.07527479575230303, 0.1568829928872784, 0.04490630987876253, 0.07938238365582412, 0.07580284366641044, 0.15537353771419257, 0.12638654796103843, 0.1542972717368871, 0.057705610065767576, 0.130668363544529, 0.16451875392037787, 0.039310008218092114, 0.10849061199645482, 0.0837180833630288, 0.062182602786342654, 0.08088068514722, 0.11971536402794322, 0.08985068290162421, 0.1443914064639756, 0.07098816605638339, 0.14597738055720022, 0.03416802490373435, 0.0324484155462491, 0.14313648898320006, 0.12408941996052006, 0.019189639966953283, 0.1559390607857287, 0.13089112689851068, 0.16472746764246043, 0.16338742640886733, 0.11769419622184295, 0.13554936865147957]"
A3COAV45SLM4LY,"[8.711254119873047, 3.227644205093384, 4.355627059936523, 0.0, 7.583271026611328, 0.0, 7.583271026611328, 3.227644205093384, 0.0, 7.583271026611328, 9.83923625946045, 7.583271026611328, 4.355627059936523, 8.711254119873047, 4.355627059936523, 7.583271026611328, 7.583271026611328, 0.0, 7.583271026611328, 0.0, 4.355627059936523, 4.355627059936523, 5.483609199523926, 0.0, 4.355627059936523, 4.355627059936523, 0.0, 4.355627059936523, 0.0, 0.0, 4.355627059936523, 8.711254119873047, 0.0, 0.0, 0.0, 4.355627059936523, 7.583271026611328, 4.355627059936523, 8.711254119873047, 7.583271026611328, 0.11155539121647622, 0.04275491930331549, 0.034953566812115255, 0.13633730770620872, 0.03138577412843241, 0.16991773441647579, 0.09952194056973113, 0.07714835631025213, 0.14280203590398402, 0.05979867557734881, 0.03842128320516067, 0.050255770389740745, 0.1306173661148003, 0.032938930813147346, 0.14789566209350813, 0.02734984502282316, 0.12880694964427597, 0.14693682358919788, 0.12744426636696612, 0.04735501215851473, 0.06606529854549041, 0.12815852072979014, 0.024394595753440027, 0.050816831859027856, 0.08343721309405576, 0.07827867654895475, 0.1548776931769684, 0.12717225784590425, 0.06812290963070715, 0.05711677824255046, 0.14324837941074112, 0.032381472330432266, 0.13199404601344683, 0.05745076944260198, 0.0641905175965839, 0.09062834892300485, 0.06137366582411551, 0.0739771171843742, 0.07934150938157301, 0.1701943566077552]"
A3CPIVUW77AK6K,"[1.7439467906951904, 1.7439467906951904, 1.7439467906951904, 1.7439467906951904, 1.7439467906951904, 0.8719733953475952, 1.7439467906951904, 0.8719733953475952, 0.8719733953475952, 1.7439467906951904, 1.7439467906951904, 1.7439467906951904, 1.7439467906951904, 1.7439467906951904, 1.7439467906951904, 1.7439467906951904, 1.7439467906951904, 1.7439467906951904, 1.7439467906951904, 0.8719733953475952, 1.7439467906951904, 1.7439467906951904, 1.7439467906951904, 0.0, 1.7439467906951904, 0.0, 1.7439467906951904, 1.7439467906951904, 1.7439467906951904, 0.8719733953475952, 1.7439467906951904, 1.7439467906951904, 0.0, 0.0, 1.7439467906951904, 1.7439467906951904, 1.7439467906951904, 1.7439467906951904, 1.7439467906951904, 1.7439467906951904, 0.06788510263802851, 0.16119295935554104, 0.06787186677574268, 0.10802988693215462, 0.16670073513183808, 0.16078923804940135, 0.13723241189773425, 0.13994644166957515, 0.11266788059360068, 0.0816603175388425, 0.1508409209135892, 0.026157053370571233, 0.12428718795122233, 0.14278673207965573, 0.08787431081026142, 0.10176309654964533, 0.07986351618153986, 0.10713739901163313, 0.07065163017978185, 0.16036382036055674, 0.06543511171015869, 0.04094228425952411, 0.16068065562904832, 0.07199453717688084, 0.12449116786101734, 0.15068998945306605, 0.15630988328204992, 0.09856081366945471, 0.15549481205897756, 0.06549030034660146, 0.13086358089837524, 0.05801365979889421, 0.08170836159290107, 0.04630149877566044, 0.12312983954704369, 0.035211643908469696, 0.144890747653903, 0.1421221960671152, 0.099184573718519, 0.14098738196462748]"
A3CZ890UHC8HHZ,"[3.8042726516723633, 2.9901771545410156, 2.9901771545410156, 1.4735760688781738, 1.7666577100753784, 0.0, 2.9901771545410156, 11.87484359741211, 0.2500568926334381, 1.4735760688781738, 0.2500568926334381, 1.2235190868377686, 1.4735760688781738, 2.413590908050537, 1.7666577100753784, 0.2500568926334381, 1.7666577100753784, -0.043024931102991104, 5.320873260498047, 0.0, 1.4735760688781738, 1.4831535816192627, -0.043024931102991104, 0.0, 2.9901771545410156, 0.0, 0.0, 2.456615686416626, 3.2832589149475098, 0.0, 3.554215431213379, 3.2832589149475098, 0.0, 0.2500568926334381, 1.2235190868377686, 1.4735760688781738, 0.2500568926334381, 0.0, 4.223273754119873, 1.4735760688781738, 0.15583278873359177, 0.10517759995917296, 0.12367337093102389, 0.09558281190482154, 0.13084321893631598, 0.062048478573678234, 0.15291600693530405, 0.02397127187485035, 0.04248596375591918, 0.15485105903599, 0.15145769393946462, 0.15122212472133542, 0.02448007281527152, 0.11027906713052421, 0.08553543022978778, 0.14440263599160058, 0.03669107562522287, 0.04769075574078466, 0.06503961233434606, 0.08067526106691489, 0.04610054476366493, 0.031007958062204737, 0.07009600920079445, 0.16445403262925687, 0.033932129066251135, 0.04034196479842057, 0.1422004155215582, 0.03593516942334033, 0.060299260757044566, 0.04585800847402417, 0.1722981826669831, 0.04693432908254368, 0.1545245762476842, 0.10745371377088211, 0.0931354521898145, 0.10750607719766041, 0.09939543847446766, 0.048328266306905045, 0.1399193161037002, 0.13284844158733544]"
A3DA04UMF6N2F9,"[4.13581657409668, 4.13581657409668, 4.13581657409668, 0.0, 4.13581657409668, 0.0, 4.13581657409668, 0.0, 0.0, 4.13581657409668, 0.0, 4.13581657409668, 4.13581657409668, 4.13581657409668, 4.13581657409668, 4.13581657409668, 4.13581657409668, 0.0, 4.13581657409668, 0.0, 4.13581657409668, 4.13581657409668, 4.13581657409668, 4.13581657409668, 4.13581657409668, 0.0, 0.0, 4.13581657409668, 0.0, 0.0, 0.0, 4.13581657409668, 0.0, 0.0, 0.0, 4.13581657409668, 4.13581657409668, 4.13581657409668, 4.13581657409668, 4.13581657409668, 0.06937890349089632, 0.042617126261857693, 0.02645952755099224, 0.12676894207088457, 0.03627362914959624, 0.0756638768799162, 0.11811719786014763, 0.12386858141665022, 0.0530911411043621, 0.16378359009567053, 0.10772950732581706, 0.07205323561226346, 0.13910291776953443, 0.09590470419459399, 0.16748374142503356, 0.0938635912496418, 0.0890595288544683, 0.11160989651118543, 0.1256489053216434, 0.04156578978365705, 0.17610756665948865, 0.177985627908858, 0.050356570372959444, 0.09906664534044507, 0.16807073347955676, 0.1730816550964089, 0.09843841861144756, 0.16522050463649435, 0.07358846713900676, 0.06771169846546192, 0.13507598303580098, 0.048822039215922, 0.06138301485691351, 0.09416601094932488, 0.07425338250192012, 0.17857753041859492, 0.14278363644279868, 0.05560979738497177, 0.16708066871570235, 0.09475732211280702]"
A3DA9MP7OGLPC0,"[0.0, 0.0, 0.0, 0.0, 0.0, 0.0, 0.0, 0.0, 0.0, 0.0, 0.0, 0.0, 0.0, 0.0, 0.0, 0.0, 0.0, 0.0, 0.0, 0.0, 0.0, 0.0, 0.0, 0.0, 0.0, 0.0, 0.0, 0.0, 0.0, 0.0, 0.0, 0.0, 0.0, 0.0, 0.0, 0.0, 0.0, 0.0, 0.0, 0.0, 0.04210076981267997, 0.1497633140554664, 0.15544249627975165, 0.1143414888934258, 0.1379339216716858, 0.06946327540354003, 0.09829968695916119, 0.06256864533963756, 0.13785911608963072, 0.03603200014909991, 0.1010919508806485, 0.09536014513320851, 0.12896717590848994, 0.03710898778748702, 0.05824558531165672, 0.08082919664660838, 0.08804501513024637, 0.03718769529556102, 0.14793107202271005, 0.07678327245092872, 0.05520573755505095, 0.12402943335309322, 0.11347438703235656, 0.07735811545543457, 0.13916388145973108, 0.11098035970311419, 0.048185193293953606, 0.1434485876010573, 0.06169226237867481, 0.13166669892771105, 0.11504912443248837, 0.1176222032952641, 0.11268304337767222, 0.11543972468352863, 0.13062839997334666, 0.11028975033019385, 0.04165747374739778, 0.16020736557864357, 0.05570599535010764, 0.10500773540121326]"
A3DHNBADVA7S4D,"[11.992683410644531, 6.33026123046875, 6.751743793487549, 3.44309139251709, 11.992683410644531, 1.510804295539856, 11.992683410644531, 0.0, 0.0, 4.819456577301025, 0.0, 11.992683410644531, 6.751743793487549, 11.992683410644531, 11.992683410644531, 10.060396194458008, 4.819456577301025, 8.684030532836914, 13.503487586975098, 0.0, 11.992683410644531, 3.308652400970459, 11.992683410644531, 3.308652400970459, 11.992683410644531, 0.0, 0.0, 4.819456577301025, 8.684030532836914, 1.510804295539856, 1.510804295539856, 8.262548446655273, 0.0, 0.0, 1.9322870969772339, 8.549592018127441, 5.240939617156982, 4.819456577301025, 11.992683410644531, 11.992683410644531, 0.15680219036613177, 0.08671883168618438, 0.147787804620991, 0.13730432809603374, 0.10429314476797098, 0.10255744276204803, 0.03392254102481312, 0.09467486233579502, 0.13744374023348419, 0.04049787839127254, 0.1259509984841644, 0.11918940960189536, 0.1089724174543832, 0.1580552421494376, 0.09021790794415888, 0.14272006344946975, 0.16089912332843556, 0.09667261117849717, 0.06085403654386317, 0.09656310034471925, 0.03911757554256259, 0.07239108439653678, 0.16269192332316507, 0.1584619887914769, 0.1274089915667284, 0.05647240267429145, 0.09141821612716419, 0.16956119087361907, 0.10483532366943295, 0.1483443981609133, 0.15303701803546968, 0.055092974707500734, 0.074424590607558, 0.12494224175088704, 0.15047598153155925, 0.05865560578623818, 0.04284059728289532, 0.1494191815177597, 0.16725055240350753, 0.024334597810440377]"
A3DLYCA3TUHOZM,"[2.350792646408081, 1.5329749584197998, 0.7151573896408081, 2.350792646408081, 2.350792646408081, 0.7151573896408081, 2.350792646408081, 0.7151573896408081, 0.8178176879882812, 0.8178176879882812, 0.7151573896408081, 1.5329749584197998, 1.5329749584197998, 2.350792646408081, 1.5329749584197998, 1.5329749584197998, 1.5329749584197998, 2.350792646408081, 2.350792646408081, 1.5329749584197998, 1.5329749584197998, 0.8178176879882812, 2.350792646408081, 0.0, 1.5329749584197998, 0.7151573896408081, 0.7151573896408081, 1.5329749584197998, 1.5329749584197998, 1.5329749584197998, 1.5329749584197998, 1.5329749584197998, 0.7151573896408081, 0.0, 1.5329749584197998, 0.7151573896408081, 1.6356353759765625, 0.8178176879882812, 1.5329749584197998, 2.350792646408081, 0.13946343032793712, 0.15317323330465177, 0.0984190113636392, 0.09774522825452878, 0.16681777222368122, 0.05690364836396821, 0.13287812157582854, 0.05466608525832279, 0.15002650965584075, 0.1597179777757399, 0.11062005518046401, 0.09707527742132108, 0.06016734243476959, 0.08361771106246467, 0.09592988663375528, 0.04649859384523468, 0.16425388250068693, 0.07060495459337363, 0.055654987952524465, 0.12166835402199885, 0.14241382980611172, 0.09514696053214834, 0.16262975468553795, 0.07365693064459006, 0.05585618155783763, 0.1423785783761941, 0.028489233392298925, 0.027291474347485658, 0.0748171645953618, 0.04744793123158754, 0.1583282575631514, 0.027237225332840075, 0.13757235694269063, 0.13721810910313206, 0.08288308400272093, 0.04677251549525091, 0.11983049797665964, 0.04808068928548157, 0.10438389042851245, 0.13071752393243105]"
A3DM0G5K3O9FAI,"[19.79957389831543, 19.79957389831543, 19.79957389831543, 19.79957389831543, 19.79957389831543, 0.4255918264389038, 19.79957389831543, 10.434226989746094, 0.0, 19.79957389831543, 0.0, 19.79957389831543, 8.334877014160156, 19.79957389831543, 12.96005916595459, 19.79957389831543, 12.848042488098145, 13.336993217468262, 19.79957389831543, 0.0, 19.79957389831543, 19.79957389831543, 19.79957389831543, 0.0, 19.79957389831543, 0.0, 0.0, 19.79957389831543, 19.494314193725586, 0.0, 5.793849945068359, 19.79957389831543, 0.0, 0.0, 19.79957389831543, 19.79957389831543, 19.79957389831543, 19.79957389831543, 19.79957389831543, 19.79957389831543, 0.14293136454211433, 0.12997939880668916, 0.04871743139294692, 0.07357066509511362, 0.1218394245959975, 0.033100811660905526, 0.06565628658510221, 0.048889727185960005, 0.12888149637620067, 0.07400980804406178, 0.07481122044723236, 0.13404703099222517, 0.1474649891501954, 0.16174923313440778, 0.07718882857860393, 0.08193665949952234, 0.05229644143595121, 0.043138234969595415, 0.13799310904348558, 0.0839763610447087, 0.1026263821093538, 0.05652845659313524, 0.036243862251226104, 0.08136147654208438, 0.04779629398824103, 0.11383133303888451, 0.10083068773201372, 0.08374654181148036, 0.02388702031507262, 0.06749151631808907, 0.06883178280155527, 0.042613297418019676, 0.03548314998377062, 0.08755119058659175, 0.15167008601565024, 0.14956240828425854, 0.11812335083432132, 0.059695445790038305, 0.13866397485312412, 0.12136319206551863]"
A3E1JS2EB8ZH94,"[8.436898231506348, 7.424683094024658, 7.479668617248535, 8.090700149536133, 7.762319087982178, 3.6363461017608643, 8.035714149475098, 8.808635711669922, 3.642730474472046, 3.715533494949341, 4.194470405578613, 4.477120399475098, 7.39553165435791, 7.9629106521606445, 7.753064155578613, 7.424683094024658, 7.12213659286499, 5.078897476196289, 8.16350269317627, 3.8369383811950684, 8.364095687866211, 3.241546154022217, 7.890108108520508, 0.0, 7.890108108520508, 3.8369383811950684, 3.8369383811950684, 7.9629106521606445, 7.753064155578613, 7.479668617248535, 7.753064155578613, 7.424683094024658, 3.8369383811950684, 0.0, 7.479668617248535, 7.078484535217285, 0.3461984694004059, 0.35753220319747925, 7.762319087982178, 7.9629106521606445, 0.03029208815619382, 0.10067948147165948, 0.09873504622885892, 0.09852894096198404, 0.14551331030629588, 0.08314055534424623, 0.04076465712631551, 0.029488977606814244, 0.03222586221897205, 0.15730039322848263, 0.06798632674942896, 0.15345014433906687, 0.02973699292228653, 0.037336948609426775, 0.09109850095635347, 0.02064059168041051, 0.08733012603191805, 0.14827910961290347, 0.12849162021260477, 0.16415055122472544, 0.05270073743921087, 0.15507488152443058, 0.022215157805636113, 0.1566665713915879, 0.15935932644473874, 0.0509226101831523, 0.11187758120977828, 0.05964254312739655, 0.03604918244419613, 0.09034128683227999, 0.1535410669602872, 0.15441589959092608, 0.08123155056153593, 0.02287348546385038, 0.035721384172677784, 0.10337616989402172, 0.05402351526052402, 0.057409287030368815, 0.10579722861414018, 0.09893153542385852]"
A3E3GD3TABXKU1,"[7.707213401794434, 3.559708595275879, 3.7566280364990234, 4.910556793212891, 4.097588539123535, 0.4607081115245819, 5.423839092254639, -0.1506282091140747, 2.198317050933838, 1.4013030529022217, 0.0673515796661377, 3.9469852447509766, 7.40708065032959, 4.016498565673828, 8.336603164672852, 3.629188299179077, 2.953641653060913, 5.07058572769165, 7.503905296325684, 0.5791882872581482, 4.051570415496826, 2.2747881412506104, 4.281274795532227, 0.0, 5.319184303283691, 0.17877909541130066, 1.379952073097229, 3.6440200805664062, 1.8429378271102905, 5.443098545074463, 2.1249375343322754, 3.2733306884765625, 1.1043095588684082, 0.2829926311969757, 6.160046577453613, 4.211782932281494, 1.0476666688919067, 3.3787741661071777, 5.541470527648926, 4.126674652099609, 0.15210736524938606, 0.04386041028004935, 0.06048124303040628, 0.0777866099089982, 0.08722845096210094, 0.07514449531234658, 0.071517806890461, 0.02691418180516371, 0.12947620028990114, 0.12070969746720664, 0.033522956998047214, 0.12825070253146134, 0.028285812753204673, 0.12019408432878498, 0.13951405191367297, 0.024727953117138574, 0.055953432806055234, 0.11489023005726334, 0.08974521566234768, 0.020180713424716428, 0.017477729474773374, 0.08496544571479363, 0.0694132810618195, 0.0410068910463755, 0.12845077101796062, 0.09259812425874414, 0.018295471608666253, 0.10020892171031173, 0.11053462186038633, 0.15303162648059013, 0.05006084515798964, 0.03817702194951053, 0.0674364208387205, 0.11489047017721599, 0.03409270124283638, 0.0343528486045993, 0.11882105431043376, 0.08397632776529826, 0.07257457007772244, 0.048050974615961015]"
A3E52KMZJI788W,"[-0.9370591044425964, -1.8069090843200684, -1.6780979633331299, -0.9370591044425964, -1.9518709182739258, -1.7798199653625488, -1.3249534368515015, 0.17390680313110352, 0.036605723202228546, -1.2611007690429688, -0.20632675290107727, -0.24901367723941803, -0.5257877111434937, -2.146153688430786, -0.05240107327699661, -1.837946891784668, -1.517893671989441, -1.0079013109207153, -1.4603196382522583, 0.5821771025657654, -1.818716049194336, 0.5390953421592712, -2.3419766426086426, 0.0, -1.42667555809021, 0.0, -0.21698862314224243, -1.9495409727096558, -2.2235114574432373, -0.20553699135780334, -2.2031352519989014, -1.4675854444503784, -0.23736463487148285, 0.0, 1.5418630838394165, 0.9921059012413025, 0.36518847942352295, -1.1976429224014282, -1.9413669109344482, -1.8499908447265625, 0.0823825644417362, 0.08319538630779445, 0.06648803317446518, 0.04520454366720303, 0.16151175943358767, 0.021057595999545257, 0.1519062243156546, 0.1136639550346597, 0.09944567881497375, 0.08849880160874783, 0.04660745640568041, 0.031078305118317925, 0.017047523780250373, 0.0783215075666236, 0.06923534628511546, 0.0531995023676535, 0.14340827967072015, 0.15383042324921395, 0.1320752282457816, 0.15628415003969967, 0.15190862353677842, 0.1391271469474341, 0.04939248352818113, 0.14874302278020474, 0.15423012218128473, 0.04208859800108902, 0.0972277865909411, 0.03916904210043686, 0.15226063362222872, 0.035782699040366406, 0.10393041312776957, 0.10487534615604627, 0.06921346977241305, 0.05968413535865315, 0.05745951601355695, 0.15729537073213926, 0.1381988679463831, 0.06994496746026603, 0.11209548675466828, 0.10051437955353576]"
A3E5V5TSTAY3R9,"[8.47009563446045, 5.0151495933532715, 0.43766501545906067, 0.3890452980995178, 5.990483283996582, 0.0, 8.913678169250488, 8.788509368896484, -0.10899603366851807, 5.744314670562744, 0.0, 2.829239845275879, 0.302856981754303, 5.401303291320801, 9.52389907836914, 7.440066337585449, 6.0987396240234375, 8.816377639770508, 3.0428895950317383, 0.0, 4.180120944976807, 3.4492247104644775, 3.0775632858276367, 0.0, 7.982460021972656, -0.10899603366851807, 0.03467381000518799, 0.6308449506759644, -0.55353182554245, 0.11639608442783356, 0.0923391729593277, 9.816238403320312, 0.22113469243049622, 0.0, 0.5813348293304443, 1.1374154090881348, 4.044519424438477, 5.149875164031982, 8.336647033691406, 6.719650745391846, 0.07466274453532347, 0.019770050582986757, 0.1130693795949647, 0.013510283969982575, 0.039205983409459966, 0.05902357491001314, 0.12206066706273355, 0.05913599749353277, 0.08593218732836888, 0.09998980238247372, 0.006652654732078878, 0.0968290273794147, 0.13413146943648332, 0.07871093652921246, 0.009888497591137666, 0.05532141530700934, 0.12973042295201032, 0.014228371046035242, 0.06061311247725065, 0.09156118315410784, 0.04441440075148699, 0.10669774713491179, 0.06487718033252564, 0.015942430176970657, 0.04968467011948229, 0.008875945718803131, 0.07535228107417319, 0.08309271123193956, 0.11253841292265006, 0.10376073834165275, 0.018999707455334854, 0.03405833343763797, 0.07275906659155588, 0.07257661137345946, 0.07630792657697684, 0.08385615693395329, 0.050398892713354876, 0.02646506769721111, 0.022725828271024297, 0.01299602834417091]"
A3E9APU6SYF2SD,"[0.8790993690490723, 0.0, 0.0, 0.8790993690490723, 1.7581987380981445, 0.0, 0.8790993690490723, 0.8790993690490723, 0.0, 1.7581987380981445, 0.0, 0.0, 0.0, 1.7581987380981445, 0.0, 0.8790993690490723, 0.8790993690490723, 0.8790993690490723, 1.7581987380981445, 0.0, 1.7581987380981445, 0.8790993690490723, 0.8790993690490723, 0.8790993690490723, 1.7581987380981445, 0.0, 0.0, 0.8790993690490723, 0.0, 0.0, 0.0, 1.7581987380981445, 0.0, 0.0, 0.0, 0.0, 0.8790993690490723, 0.8790993690490723, 0.8790993690490723, 0.8790993690490723, 0.15988217853550432, 0.08160415221246714, 0.07015440443932867, 0.04913860523491077, 0.15713340380728955, 0.03510782610211621, 0.07690096084138816, 0.12434495194124666, 0.1739329326994982, 0.07870966137552105, 0.13700843644531624, 0.038706483201133006, 0.15128546753678393, 0.15078388956485841, 0.03722921439615506, 0.15513884462916425, 0.12832761878244225, 0.17364780181244985, 0.14426682330481377, 0.11419859816353627, 0.13975154653435692, 0.06176302686585302, 0.15039085849653552, 0.11518855076184394, 0.08799288097873373, 0.05477265360418253, 0.1329584317733796, 0.0787582149044182, 0.05776945144553684, 0.10117768516936308, 0.16198288608643313, 0.09867236978862345, 0.06933732456038261, 0.09232742156111559, 0.15179818180011806, 0.1548046926325834, 0.11441290988606165, 0.1602703756857537, 0.16909258097382976, 0.16843027311663664]"
A3E9ZV03ZD1ZI,"[8.271647453308105, 4.135823726654053, 8.271647453308105, 0.0, 8.271647453308105, 0.0, 8.271647453308105, 0.0, 0.0, 8.271647453308105, 4.135823726654053, 8.271647453308105, 8.271647453308105, 8.271647453308105, 8.271647453308105, 8.271647453308105, 8.271647453308105, 0.0, 8.271647453308105, 0.0, 8.271647453308105, 8.271647453308105, 8.271647453308105, 4.135823726654053, 8.271647453308105, 4.135823726654053, 0.0, 8.271647453308105, 0.0, 0.0, 4.135823726654053, 8.271647453308105, 0.0, 0.0, 0.0, 8.271647453308105, 8.271647453308105, 8.271647453308105, 8.271647453308105, 8.271647453308105, 0.06908441988769691, 0.1172039486934051, 0.039060238847473346, 0.10833307819882795, 0.05531568811707293, 0.14543413780965997, 0.10405589822830108, 0.04583370585444288, 0.13553542904823734, 0.16318553624918564, 0.059857104959974705, 0.17858141150694049, 0.14254145736696605, 0.12562253467573173, 0.1730483801975276, 0.09404046056195678, 0.0947964998222163, 0.13241638108115383, 0.046309962845758175, 0.11765509004741664, 0.16610295945020664, 0.1507489565404568, 0.1768169732248179, 0.11533762112060239, 0.12138665330051772, 0.0548262299648315, 0.10200919751762691, 0.17401771038553454, 0.03394489020616762, 0.09233690035880869, 0.06973844185329288, 0.17724305812750482, 0.04410021814662895, 0.09030956277717739, 0.040113809800802105, 0.16243265469230964, 0.11874015500271322, 0.1016175145425407, 0.06499008408946129, 0.10464858882746998]"
A3EA4UZ8DK7S7F,"[0.8814891576766968, 1.0503052473068237, 0.649710476398468, -0.0764758288860321, 1.7786448001861572, 0.0, 1.8080470561981201, 0.7358138561248779, 0.7759327292442322, 0.7258150577545166, 0.14244551956653595, 1.1374852657318115, -0.17952021956443787, 1.6574219465255737, 1.0321143865585327, 1.1004104614257812, 0.6994568705558777, 0.28240370750427246, 0.21092727780342102, 0.0, 0.8814891576766968, -0.04207408428192139, 0.9266074299812317, 0.0, 1.7206443548202515, -0.04207408428192139, 0.0, 1.2507511377334595, 0.5348482728004456, 0.0, -0.2798916697502136, 1.2669744491577148, 0.0, 0.0, 0.6646344065666199, 1.0189353227615356, -0.06596969068050385, 0.26366838812828064, 2.1746113300323486, 0.6470127701759338, 0.07681450884370092, 0.08771399014553538, 0.12071724598325366, 0.03166077944679229, 0.06563794700996178, 0.012881778216439899, 0.03480869469259971, 0.09863004602392603, 0.1258211676717546, 0.0641460530955978, 0.1323660519224425, 0.12205738921690196, 0.14436040160131514, 0.06995549925011595, 0.011296545185650094, 0.06384176493675195, 0.08715290652365354, 0.11784696940731848, 0.022796781803615856, 0.09906719793984894, 0.10545698251929463, 0.01430315090965102, 0.14869126878491226, 0.13769432770705348, 0.03106679193127272, 0.15595145731472893, 0.0818345883893311, 0.04474187133084669, 0.05209648328106278, 0.12120799064419756, 0.07390889418046079, 0.07176099427131302, 0.14433686500528903, 0.026069223238560004, 0.026982275721614896, 0.1083920505456821, 0.09273127262754456, 0.11771284193199273, 0.052423149246216945, 0.05899579736229892]"
A3ENINL71K542C,"[23.114910125732422, 23.114910125732422, 23.114910125732422, 0.0, 23.114910125732422, 0.0, 21.650856018066406, 0.0, 0.0, 4.845331192016602, 0.0, 4.845331192016602, 22.40540313720703, 23.114910125732422, 22.40540313720703, 22.40540313720703, 23.114910125732422, 18.26957893371582, 23.114910125732422, 0.0, 23.114910125732422, 4.135825157165527, 23.114910125732422, 4.135825157165527, 23.114910125732422, 0.0, 0.0, 22.40540313720703, 18.26957893371582, 0.0, 0.0, 4.845331192016602, 0.0, 0.0, 18.97908592224121, 2.671769142150879, 23.114910125732422, 4.135825157165527, 23.114910125732422, 22.40540313720703, 0.1032413185651807, 0.17452118614508552, 0.13515537262547744, 0.05423694303198937, 0.09325467152013497, 0.0737574805551749, 0.1584079178972714, 0.0478174830619469, 0.12778560766352756, 0.09153748901126321, 0.15956684355921047, 0.18210446626180854, 0.05415198045799078, 0.16013579602613479, 0.0681419680191497, 0.11434819547679292, 0.058072757885170766, 0.048732784076376955, 0.05542683694525313, 0.039292745480239866, 0.0864290796834386, 0.07674094481455139, 0.149758596888212, 0.03650876699668594, 0.055112357644811955, 0.10716488058600397, 0.07412497512733437, 0.04621938694109973, 0.12204505909777796, 0.05880755462972787, 0.09053727572205418, 0.10815417446919944, 0.15930058025219024, 0.045803077372953555, 0.08152739244027764, 0.17600491853852734, 0.12247356013735775, 0.08963702332915612, 0.1819243901492428, 0.16544117084670798]"
A3ESPH5CN0GMIJ,"[3.667130947113037, 9.703509330749512, 6.33811092376709, -1.2521494626998901, 9.845763206481934, 6.625293254852295, 0.17247217893600464, 3.298799514770508, 2.065211296081543, 6.0429863929748535, 2.065211296081543, 7.226606845855713, 0.6415549516677856, 1.320529580116272, 0.6571465134620667, 7.0798234939575195, -1.9155323505401611, -1.9155323505401611, 5.880610466003418, 3.2644240856170654, 5.301274299621582, 0.6571465134620667, 3.307931900024414, 0.0, 3.2614541053771973, 0.0, 2.065211296081543, 6.500485420227051, -4.144603729248047, 2.572679042816162, 4.475515842437744, 9.654134750366211, 0.0, 0.0, 0.5612214207649231, 1.320529580116272, 12.511026382446289, 6.546964168548584, 7.0798234939575195, 1.320529580116272, 0.1302835608004313, 0.06369182581469497, 0.03046595890343369, 0.06439100405906316, 0.06820822106472085, 0.12339359879782674, 0.03132772697879981, 0.15313149861144515, 0.10202940230264279, 0.16186227748247164, 0.16773286215395614, 0.047343970106059625, 0.17832547846918856, 0.17773216347111512, 0.14027254229216068, 0.10066565100436291, 0.12831741505394537, 0.1293275758947425, 0.14128729352949287, 0.1300573110786421, 0.12106805708730588, 0.15558161191664405, 0.11045133575876484, 0.0668540751075216, 0.09545243969448469, 0.04496606486928974, 0.08606172746482361, 0.09627370407123398, 0.06544998016541374, 0.15019535052599478, 0.14068655786738377, 0.17002242954546368, 0.13866894486925035, 0.09781095626840575, 0.09761527268411097, 0.1653198309621165, 0.07535343116823298, 0.08136025185934014, 0.09372196766265538, 0.14942846294079887]"
A3ETTJOVI6C9V5,"[9.899795532226562, 9.899795532226562, 9.899795532226562, 9.899795532226562, 9.899795532226562, 3.4371843338012695, 9.899795532226562, 9.899795532226562, 6.180491924285889, 9.899795532226562, 2.7641220092773438, 9.899795532226562, 9.899795532226562, 9.899795532226562, 9.899795532226562, 9.899795532226562, 9.899795532226562, 1.6543301343917847, 9.899795532226562, 0.0, 9.899795532226562, 7.834822177886963, 9.489152908325195, 1.6543301343917847, 9.899795532226562, 0.0, 0.0, 9.899795532226562, 7.834822177886963, 5.853947162628174, 9.899795532226562, 9.899795532226562, 1.6543301343917847, 0.0, 9.899795532226562, 9.899795532226562, 6.072782516479492, 3.3086602687835693, 9.899795532226562, 9.899795532226562, 0.10379655616075671, 0.03743536515616782, 0.026167383225203546, 0.016312334640179182, 0.01456677611768289, 0.034048371503032145, 0.044704074994426295, 0.024628192468597744, 0.13599511222171762, 0.05479893157006157, 0.1480846865560861, 0.12319857062451896, 0.09504746986034675, 0.11731905170330233, 0.15497486349526032, 0.02049966664425244, 0.14117482209981658, 0.13302737938475734, 0.14140092504254673, 0.1486602670337375, 0.11685595809764045, 0.14427566299380518, 0.1200421267571363, 0.10439193890534879, 0.15610120714274003, 0.13509005395554688, 0.010167681120866363, 0.06487493325254236, 0.037621202356532525, 0.14308618994238997, 0.09338478228840216, 0.03345614371903749, 0.11165046872546601, 0.011989170655958874, 0.08744778650004603, 0.03152908001291743, 0.11692750922044222, 0.09879069796183561, 0.12068937110153503, 0.12483439085673707]"
A3EZ4SUXGM5DKJ,"[-0.35824504494667053, 0.3421580493450165, -0.21123462915420532, -0.1304902881383896, -1.0999174118041992, 0.6111820936203003, -0.08922095596790314, 0.0, 0.0, 0.9609505534172058, 0.0, 0.6111820936203003, -0.21123462915420532, 0.5818542838096619, 0.05017905682325363, 0.9609505534172058, -0.05989312753081322, 0.5818542838096619, -0.1304902881383896, 0.0, 0.2898752987384796, 0.0, -0.4802587330341339, 0.0, -0.05989312753081322, 0.0, 0.0, 0.1385338008403778, 0.43051275610923767, 0.6111820936203003, -0.9694271683692932, -0.05989312753081322, 0.0, 0.0, -0.4726483225822449, -0.4726483225822449, -0.37909623980522156, 0.6111820936203003, 0.919681191444397, 0.23208585381507874, 0.09296973325369588, 0.15869757501154974, 0.1446260070316265, 0.0495415719142707, 0.08398997319032067, 0.12977104148215038, 0.1733221560915584, 0.08233524924608081, 0.14309127991939358, 0.03338993101667519, 0.03381386838535754, 0.08039296641270119, 0.16994621985425237, 0.09500599582589947, 0.0922506343879785, 0.03803942728579642, 0.08040729376593023, 0.17619796544580063, 0.035085006460322275, 0.15375120313193455, 0.1714003262288422, 0.13385846752128197, 0.14384151140641818, 0.13197545222165555, 0.13424368809933593, 0.16694644813229165, 0.15842914193957394, 0.06459946109042165, 0.10675522061375697, 0.0747309499917168, 0.06005424174071789, 0.10625126545609283, 0.04855963536634249, 0.11636839672419243, 0.1202600960799623, 0.1042952702232307, 0.04787741896354947, 0.1397610841346785, 0.08342837663400914, 0.10947867249852321]"
A3F3B6HY9RJI04,"[5.537944793701172, 3.4968929290771484, 3.421480417251587, 1.3639055490493774, 4.79379940032959, 0.671650230884552, 5.547602653503418, 2.051938056945801, 2.619722843170166, 4.686278820037842, 0.671650230884552, 4.9957275390625, 3.211886167526245, 6.243520736694336, 5.930597305297852, 7.2763566970825195, 5.6266069412231445, -0.8265714645385742, 5.92063570022583, 0.9216631650924683, 7.006722450256348, 1.531493902206421, 3.568763017654419, 1.7757898569107056, 6.056188583374023, 0.48092272877693176, 1.4304311275482178, 5.846977233886719, 4.653982639312744, 5.64021635055542, 5.374350070953369, 3.850010871887207, 2.066788673400879, 0.0, 5.481436729431152, 3.7270309925079346, 0.5474376678466797, 3.0436158180236816, 4.79379940032959, 4.052846908569336, 0.07171179051971038, 0.15497309798107436, 0.04081898244933382, 0.0356920450118343, 0.007712274967262421, 0.03872413314942894, 0.026683596365166165, 0.059089579346221235, 0.1539275361362016, 0.11828317685241066, 0.011286746390681926, 0.039482880476965805, 0.06797804621219006, 0.08975400239629006, 0.0660095566610734, 0.010227226382629847, 0.058130042686589466, 0.04505925746379768, 0.1176066165888135, 0.11899837393868744, 0.12450981748733134, 0.10780830211915672, 0.008342340783784522, 0.0886115664879343, 0.07867860368406873, 0.08687490093672358, 0.013178913214162376, 0.055719868247365585, 0.02505809497287089, 0.07842911053463938, 0.06479491779653557, 0.10042994242539245, 0.10908192806957356, 0.02485216983396146, 0.03624290486118984, 0.1421687318009384, 0.029118507946671732, 0.1217302791661221, 0.044116803429550475, 0.11499506216400415]"
A3F53CPYRL46XZ,"[0.0, 0.6609699130058289, 0.0, 0.6609699130058289, 0.0, 0.0, 0.0, 0.0, 0.0, 0.0, 0.0, 0.0, 0.0, 0.0, 0.0, 0.0, 0.0, 0.0, 0.6609699130058289, 0.0, 0.0, 0.0, 0.6609699130058289, 0.0, 0.0, 0.0, 0.0, 0.0, 0.0, 0.0, 0.0, 0.0, 0.0, 0.0, 0.0, 0.0, 0.0, 0.6609699130058289, 0.0, 0.0, 0.11432197543914846, 0.03458940895246819, 0.016573691152091667, 0.15908408204685962, 0.10836848328129846, 0.08171817001049353, 0.13891928351310395, 0.03586138073583822, 0.09146952691088969, 0.05381994484765442, 0.032244055895455655, 0.11174009607969622, 0.05005325785033758, 0.16449255058305629, 0.06864716395896758, 0.06000206040011911, 0.028784199337555032, 0.14378767931773734, 0.0931046974318289, 0.040547239208614, 0.12263405015951709, 0.144083009262509, 0.03372611673165229, 0.12331041193466201, 0.09668877851986675, 0.13371717244280576, 0.05588338439785236, 0.06814042363684228, 0.11689895916008776, 0.10492750511765284, 0.032707732138897834, 0.09271512267671506, 0.11777165896041043, 0.15832687412644755, 0.1015778603479608, 0.07713452810506928, 0.038650584862332846, 0.03978484810038006, 0.02987301500755341, 0.01910154695467576]"
A3F6UEMA8SNNK5,"[14.723357200622559, 14.021524429321289, 9.885695457458496, 5.960238456726074, 15.635562896728516, 0.0, 15.635562896728516, 8.061285972595215, 1.8244099617004395, 14.723357200622559, 4.837662696838379, 14.723357200622559, 14.723357200622559, 14.723357200622559, 14.723357200622559, 14.723357200622559, 10.797900199890137, 9.885695457458496, 14.723357200622559, 1.8244099617004395, 14.723357200622559, 10.797900199890137, 10.797900199890137, 4.135828495025635, 10.797900199890137, 0.7018340826034546, 4.135828495025635, 15.635562896728516, 8.061285972595215, 5.960238456726074, 9.675325393676758, 14.723357200622559, 0.0, 0.0, 5.960238456726074, 8.973490715026855, 14.723357200622559, 10.797900199890137, 15.635562896728516, 10.797900199890137, 0.09858406353673287, 0.1452592177862504, 0.1253244159752715, 0.06146989237227562, 0.10812389057848715, 0.16517944431645298, 0.06362809707706577, 0.042574158861068585, 0.12034546367659743, 0.15182428726233388, 0.08156285018555932, 0.06955096973514159, 0.08111531427180103, 0.17989941424538494, 0.034600237897129, 0.1069354386035926, 0.11899371603414362, 0.06275703420643382, 0.1471999202730303, 0.06686084829717537, 0.0586151905529167, 0.1484740286603652, 0.1664517630924717, 0.10150576266333973, 0.11821916041831976, 0.15882300908201932, 0.17990428363902225, 0.1261147234545059, 0.0858108248743802, 0.17526123887468598, 0.03714919826324055, 0.15376976674747078, 0.13679379769653394, 0.12232432719825853, 0.03274278204872592, 0.15919709436719978, 0.14783637789206905, 0.13976132396634575, 0.04663509497493916, 0.11421556741524803]"
A3FLYMWRPCK731,"[5.231167793273926, 2.613579511642456, 5.231167793273926, 0.0, 5.363255977630615, 0.0, 5.4953436851501465, 0.1320878267288208, 0.0, 5.499353408813477, 2.7496767044067383, 5.363255977630615, 5.231167793273926, 5.363255977630615, 5.231167793273926, 5.4953436851501465, 5.231167793273926, 0.0, 5.231167793273926, 0.0, 5.231167793273926, 5.363255977630615, 5.231167793273926, 2.4814915657043457, 5.231167793273926, 2.7496767044067383, 0.0, 5.363255977630615, 0.0, 0.0, 2.7496767044067383, 5.363255977630615, 0.0, 0.0, 0.0, 5.363255977630615, 5.231167793273926, 5.231167793273926, 5.631441116333008, 5.363255977630615, 0.11578003238003869, 0.1355969638712, 0.11593452019113444, 0.08196824427102789, 0.12514064375380263, 0.14159903141059427, 0.05182316848456829, 0.13023584462797885, 0.0483360240094073, 0.09120918625141677, 0.042840274677787275, 0.0751364300466019, 0.04634166456634173, 0.03474318088874998, 0.03584546323497696, 0.042998636599369124, 0.08608677765680452, 0.05464796971158008, 0.028764143553755325, 0.11829697786834047, 0.06350569508401058, 0.10072380084875052, 0.06327535608140851, 0.08463488780118784, 0.13627749086925905, 0.07289970907276382, 0.10762546628032513, 0.07254598397164973, 0.04314616304838162, 0.0985146062274472, 0.03585568741222769, 0.10929978263024603, 0.0698317571285889, 0.0842572871093401, 0.08855102885260802, 0.13674813111496817, 0.12411911227306192, 0.07790815991635062, 0.17022773458619453, 0.15014096073068442]"
A3FMPT5IH0CJ50,"[9.236283302307129, 8.705368995666504, 6.489839553833008, 7.703307151794434, 9.107419967651367, 5.368648529052734, 9.949612617492676, 6.254847526550293, 2.3227367401123047, 8.420257568359375, 7.747612476348877, 8.720541954040527, 8.339872360229492, 8.701091766357422, 8.306039810180664, 9.474180221557617, 8.010857582092285, 8.507253646850586, 9.315217971801758, 6.019778728485107, 10.399943351745605, 3.3084704875946045, 7.764072418212891, 0.0, 10.046724319458008, 5.307430744171143, 5.39066219329834, 7.1952128410339355, 7.426808834075928, 6.332054138183594, 6.496804714202881, 9.677042007446289, 5.128641605377197, 0.4937610328197479, 8.17715835571289, 7.597727298736572, 7.768772602081299, 8.226469039916992, 9.74675178527832, 8.651199340820312, 0.08025024577673426, 0.1343161299941994, 0.10846419023791638, 0.10112958903276473, 0.12838161597044073, 0.048412835474132276, 0.1479957154833734, 0.1497900699192394, 0.12421700280941322, 0.05067865361002926, 0.018675029153675714, 0.119125999281085, 0.06473016833576954, 0.024292073061377623, 0.12989960344314544, 0.12161110848847745, 0.07238675141127836, 0.052338332192985254, 0.14682297140504236, 0.09895832976683062, 0.04130484665244538, 0.10558908969949474, 0.028894355205507136, 0.10868875421563891, 0.08365874939854673, 0.08703798446760273, 0.02160034293764446, 0.012372628262832539, 0.1449928435597664, 0.050902101701831536, 0.14598404569427245, 0.03940402732252098, 0.10163436770748638, 0.052227101189229824, 0.14916854402620197, 0.12189140744443447, 0.06981177853471014, 0.09852591092191293, 0.03731159054875462, 0.09420830066291667]"
A3FZSM6JYA65PR,"[22.080888748168945, 13.371786117553711, 4.66268253326416, 0.0, 22.080888748168945, 0.0, 13.371786117553711, 4.573275089263916, 4.135827541351318, 13.371786117553711, 4.573275089263916, 22.080888748168945, 4.66268253326416, 13.371786117553711, 4.66268253326416, 13.371786117553711, 13.371786117553711, 4.135827541351318, 13.371786117553711, 0.0, 4.66268253326416, 13.371786117553711, 8.798510551452637, 4.66268253326416, 8.798510551452637, 0.0, 0.0, 8.798510551452637, 0.0, 0.0, 4.135827541351318, 13.371786117553711, 0.0, 0.0, 4.135827541351318, 8.798510551452637, 9.235958099365234, 4.66268253326416, 13.371786117553711, 13.371786117553711, 0.11489376278055416, 0.16802118948585454, 0.0995922819961526, 0.04243060892079819, 0.13727681861763621, 0.11255607557874936, 0.13255399748938035, 0.1699544688760958, 0.09416597829352458, 0.1659378337207273, 0.11763832339561162, 0.10172795243440576, 0.1493701879219806, 0.16289296556213428, 0.06697522637975886, 0.13705049381029366, 0.11318744654132544, 0.07473679496698828, 0.13264394085275322, 0.1464345862699634, 0.03869360679352593, 0.08206127202405301, 0.12228387699897551, 0.16589826666312232, 0.03443749870121407, 0.1682467555011272, 0.07971580535253502, 0.0878659595833732, 0.03341010078822454, 0.16070844832983336, 0.09802210386494911, 0.06300805294772588, 0.030950844240482514, 0.11491567100462974, 0.11924407398703243, 0.1356371352353486, 0.09235626608195031, 0.10077985734042444, 0.07780913206418712, 0.1373739951966557]"
A3G7XXRLKXQIT7,"[6.039063930511475, 3.0688326358795166, 2.8019347190856934, 0.0, 6.039063930511475, 0.0, 8.840997695922852, 3.237128973007202, 0.0, 9.177590370178223, 6.207359790802002, 6.207359790802002, 2.8019347190856934, 9.177590370178223, 5.9404616355896, 5.870767593383789, 6.207359790802002, 0.0, 9.177590370178223, 0.0, 2.8019347190856934, 2.9702308177948, 2.9702308177948, 0.0, 2.9702308177948, 2.9702308177948, 0.0, 2.9702308177948, 0.0, 0.0, 2.9702308177948, 9.009294509887695, 0.0, 0.0, 0.0, 2.9702308177948, 6.207359790802002, 2.9702308177948, 9.009294509887695, 9.009294509887695, 0.10746298480213703, 0.15905616640180015, 0.10361633363068708, 0.09769150264088342, 0.1391605315304209, 0.09864041295783087, 0.07289574677182147, 0.11315371552598444, 0.14807272584005832, 0.11702271627065985, 0.04918677810730227, 0.06956908801598966, 0.11748321671445393, 0.11872801487774216, 0.15457232452708913, 0.061263254432085384, 0.1245749329129558, 0.07106384740425696, 0.15859801724943454, 0.17111596916892666, 0.06594021621458826, 0.028849559566286768, 0.0240323470517796, 0.07590630877680403, 0.1416557322942437, 0.1540893975271156, 0.12301886826188912, 0.039615488326452085, 0.07967452924058979, 0.05857650218009949, 0.1585240493392467, 0.033201176416710304, 0.12134305235585338, 0.17460110326687442, 0.05356358399402654, 0.1127062376472808, 0.16888431352134958, 0.0965434518692542, 0.05242569246983125, 0.10047383285500594]"
A3GAQQZKTZIGEX,"[9.899765014648438, 9.899765014648438, 8.912189483642578, 7.226382732391357, 9.899765014648438, 2.7567873001098633, 9.899765014648438, 9.899765014648438, 3.285633087158203, 9.899765014648438, 0.0, 9.899765014648438, 8.989705085754395, 9.899765014648438, 9.899765014648438, 9.899765014648438, 9.899765014648438, 9.899765014648438, 9.899765014648438, 0.0, 9.899765014648438, 9.899765014648438, 9.899765014648438, 7.211285591125488, 9.899765014648438, 0.0, 0.0, 8.87481689453125, 7.269372463226318, 9.899765014648438, 6.780942440032959, 9.899765014648438, 0.0, 0.0, 7.256824493408203, 5.852938652038574, 9.899765014648438, 9.899765014648438, 9.899765014648438, 9.899765014648438, 0.14836689510353118, 0.10831245012178707, 0.11048934774731407, 0.02608115251464862, 0.035647699681975724, 0.12942933239621732, 0.0883290333191761, 0.07188547526535968, 0.13990460049182293, 0.07399939662014873, 0.03433272557352823, 0.01645165266302584, 0.15426493091505358, 0.13962814032080612, 0.09055917485769542, 0.11624942869226075, 0.10956452990030327, 0.13864744007047175, 0.09010160917290298, 0.014059988354394084, 0.1178979361524391, 0.03341223336581913, 0.0585415277259206, 0.09776600271389456, 0.04585531293330153, 0.06914178480246506, 0.13801236185727514, 0.13850330477601847, 0.08474361214724702, 0.11773512293771593, 0.09615469883465837, 0.09810310176168538, 0.07238187701702463, 0.14543518363712407, 0.13163736893536976, 0.056101148218291416, 0.0708017723421365, 0.1420379103944774, 0.16173980450610745, 0.04194493139596861]"
A3GAYXUN80BG07,"[1.5363131761550903, 1.5363131761550903, 0.0, 0.0, 7.681558609008789, 0.0, 7.681558609008789, 0.0, 1.5363131761550903, 12.29049015045166, 0.0, 7.681558609008789, 0.0, 1.5363131761550903, 0.0, 1.5363131761550903, 7.681558609008789, 1.5363131761550903, 1.5363131761550903, 0.0, 0.0, 0.0, 1.5363131761550903, 0.0, 1.5363131761550903, 0.0, 0.0, 1.5363131761550903, 0.0, 0.0, 1.5363131761550903, 7.681558609008789, 0.0, 0.0, 1.5363131761550903, 1.5363131761550903, 0.0, 0.0, 1.5363131761550903, 1.5363131761550903, 0.14954272999605173, 0.08150922662670193, 0.1295775625932528, 0.07367304910385057, 0.05472367035916919, 0.11126119558318837, 0.03545737717030939, 0.05036415299413315, 0.05327960358823302, 0.17673661876270788, 0.12413461491348515, 0.16047069653619322, 0.032835804639321564, 0.12483621580667678, 0.1310144827228401, 0.08305154167753778, 0.17619320121308948, 0.0985386776808293, 0.1574573239754488, 0.08138989135409418, 0.13631136256736048, 0.1597116574789769, 0.1476476339353117, 0.12866935919516756, 0.08169065380395299, 0.06653505229044544, 0.1504794717977121, 0.08806713099086816, 0.08545166150389776, 0.16844933327398312, 0.039469064535005226, 0.10170065550859217, 0.04578167427068281, 0.06967163414162209, 0.04574243220858102, 0.1254337138211178, 0.053250656821394106, 0.0574613772222853, 0.1277647124010424, 0.029427562946793075]"
A3GM8H7MO9I4H7,"[0.7272636890411377, 0.36363184452056885, 0.36363184452056885, 0.36363184452056885, 0.36363184452056885, 0.0, 0.36363184452056885, 0.7272636890411377, 0.0, 0.7272636890411377, 0.36363184452056885, 0.36363184452056885, 0.36363184452056885, 0.36363184452056885, 0.7272636890411377, 0.36363184452056885, 0.36363184452056885, 0.36363184452056885, 0.36363184452056885, 0.36363184452056885, 0.36363184452056885, 0.7272636890411377, 0.36363184452056885, 0.0, 0.36363184452056885, 0.0, 0.36363184452056885, 0.36363184452056885, 0.36363184452056885, 0.36363184452056885, 0.36363184452056885, 0.36363184452056885, 0.0, 0.0, 0.36363184452056885, 0.36363184452056885, 0.36363184452056885, 0.36363184452056885, 0.7272636890411377, 0.36363184452056885, 0.13778944691265851, 0.007646802860676565, 0.1078030129658411, 0.12848574699735604, 0.09465622617431448, 0.11934710379298578, 0.08045869584700654, 0.03148672549524827, 0.09553443049667126, 0.11890034353222971, 0.14015824801040053, 0.04299469772119018, 0.08104661753126575, 0.14661641458232538, 0.07146107122989759, 0.02043063173093493, 0.10386068027563586, 0.028407618078064877, 0.050819729694966065, 0.15465589119912004, 0.07043845780386739, 0.09647290107763748, 0.11719468522433238, 0.10549964084120064, 0.05879392813834069, 0.06384934709043487, 0.07264419891172044, 0.036045441682590974, 0.053606762220635616, 0.06775249548220277, 0.09521102700172908, 0.04621168957858096, 0.1078040021826025, 0.02718159785506915, 0.06636853794311491, 0.022187274998500293, 0.08143859655104699, 0.13298977041959226, 0.021320156035711375, 0.09713595676927922]"
A3H3TEMEMXODT,"[7.501514911651611, 7.986407279968262, 2.1231582164764404, 3.0048828125, 5.694952487945557, 0.39683303236961365, 8.214943885803223, 2.1231582164764404, 0.0, 5.526656150817871, 3.167140245437622, 5.606893539428711, 5.122002124786377, 7.501514911651611, 5.694952487945557, 1.52382493019104, 5.94348669052124, 2.6622509956359863, 5.122002124786377, 0.0, 7.333219051361084, 0.0, 0.0, 0.0, 8.322999954223633, 0.0, 0.0, 4.502671718597412, 2.9988439083099365, 0.0, 2.3516948223114014, 5.606893539428711, 0.0, 0.0, 5.458595275878906, 5.067800998687744, 2.830547571182251, 3.652031898498535, 8.214943885803223, 5.687131404876709, 0.0759875600390018, 0.13564196066858403, 0.03441316911074774, 0.04710880857929135, 0.04249908330763039, 0.06392976483491775, 0.16061008992610148, 0.03446522483636014, 0.04569296931384539, 0.12650064994784818, 0.11133995000022, 0.04712390801029089, 0.0957127436862859, 0.1320118546301645, 0.05193793611335901, 0.039249868981797324, 0.05077747366322233, 0.14558075015217092, 0.08395869844442376, 0.07662767275559812, 0.0769742140991253, 0.0769191821190416, 0.16372402499782024, 0.0763529408847086, 0.14479138833941174, 0.07260614496006544, 0.16264685291274486, 0.07913673456684085, 0.11814918836995646, 0.04896396586746915, 0.08600247071782914, 0.180306569470512, 0.10490464030088813, 0.13907627946853418, 0.02674790994041594, 0.11839070075890593, 0.053815950673029314, 0.10231789055860997, 0.074358983521182, 0.1389588563457225]"
A3H4ZZ6X3GROKJ,"[19.799585342407227, 19.799585342407227, 13.964400291442871, 5.165018558502197, 19.799585342407227, 0.0, 19.799585342407227, 3.308659076690674, 0.7297632098197937, 19.799585342407227, 8.310925483703613, 19.799585342407227, 19.696428298950195, 19.696428298950195, 19.799585342407227, 19.696428298950195, 19.799585342407227, 11.796988487243652, 19.799585342407227, 0.7297632098197937, 19.696428298950195, 13.964400291442871, 15.990936279296875, 9.92597770690918, 19.36349868774414, 0.0, 3.308659076690674, 13.964400291442871, 8.310925483703613, 4.038422584533691, 4.038422584533691, 19.799585342407227, 0.0, 0.0, 9.040688514709473, 13.234636306762695, 19.696428298950195, 19.36349868774414, 19.799585342407227, 19.799585342407227, 0.14203153021960346, 0.12286824391635962, 0.036528035498536844, 0.1210384486012046, 0.09933233881840688, 0.061287348970010196, 0.1507349464068741, 0.07448415006385964, 0.11886818680250986, 0.09553912278352936, 0.04156068778903947, 0.09932223275713589, 0.11830992757123455, 0.16162281623421404, 0.10066285048165621, 0.12276127848440459, 0.02859261574238065, 0.08658871293892866, 0.07239524188847422, 0.11431881145236214, 0.12682947172211748, 0.053915779047144584, 0.08922496720862, 0.05228060302094953, 0.16935140320432487, 0.14883838924483997, 0.15292083798619643, 0.12657672238098316, 0.03630419274631473, 0.12961696929604016, 0.10871434206413336, 0.10336891738075012, 0.15216581888515066, 0.10879525414690333, 0.11186202736456999, 0.1571846812220598, 0.08630427929476515, 0.08013706090579178, 0.08605237713301585, 0.1244497344652306]"
A3H6PKSSFXDIS2,"[19.058147430419922, 3.9469428062438965, 1.9102435111999512, 16.797061920166016, 3.9469428062438965, 0.0, 3.9469428062438965, 17.135650634765625, 0.0, 4.285532474517822, 1.9102435111999512, 1.9102435111999512, 16.797061920166016, 3.9469428062438965, 19.421772003173828, 1.935276985168457, 3.9219093322753906, 1.9102435111999512, 16.77202796936035, 0.3636234402656555, 3.9469428062438965, 2.273866891860962, 1.9102435111999512, 0.0, 3.9469428062438965, 0.0, 1.9102435111999512, 3.719064474105835, 16.77202796936035, 16.77202796936035, 18.69452476501465, 3.9469428062438965, 0.0, 0.0, 1.732432246208191, 18.669490814208984, 1.9102435111999512, 1.9102435111999512, 4.310565948486328, 19.058147430419922, 0.018500920194324887, 0.0926223540983522, 0.13649205532269706, 0.1297352387257467, 0.11024493438647646, 0.13359880522286774, 0.15203451452744776, 0.13673802096593235, 0.15962668689905063, 0.08541201826922995, 0.11596987731600211, 0.12967796101235748, 0.08688342871427324, 0.15566158619422113, 0.13559928694157708, 0.12775151828392248, 0.11264512235102525, 0.15233106733967192, 0.155149570435849, 0.06362329953117919, 0.13946652619979424, 0.11407461629674034, 0.11825480112841218, 0.024841927687543536, 0.06759347235943518, 0.1321614045366939, 0.09546665772471222, 0.007537332916424443, 0.023553538001590154, 0.1574538280623765, 0.018288655031127247, 0.12411910841325571, 0.03413766989584217, 0.1279487560820379, 0.14968101644991288, 0.08834123072751278, 0.012103111826043192, 0.11311207986549411, 0.03732334292769105, 0.014877937045680686]"
A3H7T87S984REU,"[0.37634268403053284, 0.2701617479324341, 0.3829141855239868, 0.5745812654495239, 0.01898275315761566, 0.5411338806152344, 0.48823460936546326, 0.7033052444458008, -0.05704496428370476, -0.29145872592926025, 0.5411338806152344, 0.32283884286880493, 1.1155418157577515, 1.261915922164917, 0.46945494413375854, 0.32606327533721924, 0.3930668234825134, 0.2917662560939789, 0.78406822681427, 0.5411338806152344, 2.097423553466797, -0.30878743529319763, 0.0156308114528656, 0.0, 0.28548502922058105, 0.5411338806152344, 0.743883490562439, 1.069144606590271, 0.3277701735496521, 0.20541957020759583, 0.7187626361846924, 0.6282792091369629, 0.743883490562439, 0.0, 0.5987834334373474, -0.231273353099823, -0.1433916538953781, -0.2744285464286804, 0.43289655447006226, 0.21781694889068604, 0.04729590450525971, 0.050165897983477016, 0.04384708317175239, 0.017250980153849096, 0.15151938070993326, 0.10617063263848567, 0.016961848596214538, 0.11090577912727657, 0.03717412877015385, 0.0574790915755486, 0.09510652928845985, 0.13342923664089248, 0.037318688149970185, 0.13322997395738514, 0.08918109488376316, 0.02945023068637572, 0.13667114539858724, 0.08177649653072726, 0.07982072235842302, 0.01308876002462031, 0.015206922406320647, 0.13680175730861907, 0.04323614322383861, 0.09484864776555482, 0.020973580697435844, 0.08033553618230979, 0.01846070280316446, 0.13536852749846795, 0.0336324022543067, 0.06379017147757643, 0.05250237167465989, 0.00948862114603982, 0.14355635517913315, 0.13822593667990055, 0.06154474137420379, 0.12275252950495535, 0.1258046062942124, 0.0835032107477318, 0.1316894513110021, 0.1261340424172985]"
A3H9VNYGTB8PQH,"[4.949888229370117, 4.949888229370117, 4.949888229370117, 4.540396213531494, 4.949888229370117, 0.0, 4.949888229370117, 0.0, 1.6543269157409668, 4.949888229370117, 0.0, 4.949888229370117, 4.949888229370117, 4.949888229370117, 4.949888229370117, 4.949888229370117, 4.949888229370117, 4.949888229370117, 4.949888229370117, 0.0, 4.949888229370117, 4.949888229370117, 4.949888229370117, 4.949888229370117, 4.949888229370117, 0.0, 1.0300098657608032, 4.949888229370117, 4.949888229370117, 0.9582488536834717, 4.949888229370117, 4.949888229370117, 1.0300098657608032, 0.0, 4.949888229370117, 4.949888229370117, 4.949888229370117, 4.949888229370117, 4.949888229370117, 4.949888229370117, 0.0070636288069498366, 0.09644337101959184, 0.05170100637162751, 0.04648294937489833, 0.11787837226702136, 0.09516630101680038, 0.0695081048301447, 0.023524842666935265, 0.009252361452506767, 0.12727627684605872, 0.11103785763786793, 0.13101867448915633, 0.1294965215189021, 0.11216229702453523, 0.12411318868193497, 0.08169924395288472, 0.018776910438137874, 0.14293608034844826, 0.13665238174568486, 0.03654764816687898, 0.10559019165641728, 0.14698999070161706, 0.12470297646095088, 0.0638109096712961, 0.06996967935265495, 0.06688018916500783, 0.12097899434310057, 0.032715906609447135, 0.09763611530613359, 0.045998347076406175, 0.10569241824205348, 0.09870247719822693, 0.11885595373359938, 0.09911298491556551, 0.11873741027963633, 0.07481639330938165, 0.08386852008900587, 0.09091888642165083, 0.1330253202692503, 0.05099093915366259]"
A3HA7DWA3A6P4D,"[1.297305703163147, 0.2861163318157196, 0.7499834299087524, 1.297305703163147, 1.297305703163147, -0.2612059712409973, 1.297305703163147, 0.0, 0.5473223328590393, 0.2861163318157196, 0.0, 2.308495044708252, 1.297305703163147, 1.297305703163147, 1.297305703163147, 1.297305703163147, 0.2861163318157196, 1.297305703163147, 1.297305703163147, 0.5473223328590393, 1.297305703163147, 0.5473223328590393, 1.297305703163147, 0.0, 0.2861163318157196, 0.0, 1.0111894607543945, 1.297305703163147, 0.7499834299087524, 1.297305703163147, 0.7499834299087524, 1.297305703163147, 1.0111894607543945, 0.0, 1.558511734008789, 0.0, 0.5473223328590393, 0.2861163318157196, 1.297305703163147, 1.297305703163147, 0.0585551096512184, 0.10153844851354732, 0.0728346194793168, 0.12054378861132278, 0.05201558782153023, 0.12602319960867853, 0.09994297550810437, 0.10856866949063006, 0.14334619418630332, 0.14782451794481644, 0.052189531929626914, 0.13158334354766416, 0.11341872072603035, 0.10522109988139602, 0.09176689676115872, 0.09323727363536184, 0.14582507497239838, 0.07138632583767501, 0.12708290708853223, 0.03150543599891884, 0.12122023537388331, 0.0717327489957174, 0.042249899378969294, 0.15764295765965405, 0.048046470342277346, 0.1364386935463695, 0.1194658686138829, 0.13314263018857445, 0.10014225693555258, 0.07608528176526472, 0.02540952594679551, 0.0789204124637473, 0.07203646930774694, 0.14061611791159004, 0.11034206541159507, 0.13594623601386413, 0.14123299229988884, 0.02872178329156094, 0.06144396293136549, 0.08681597720793513]"
A3HHQ7UIJJAOAV,"[18.158294677734375, 18.158294677734375, 18.158294677734375, 3.0119614601135254, 18.158294677734375, 0.7200241088867188, 18.158294677734375, 0.0, 3.267561435699463, 18.158294677734375, 1.4400482177734375, 18.158294677734375, 18.158294677734375, 18.158294677734375, 18.158294677734375, 18.158294677734375, 18.158294677734375, 1.4400482177734375, 18.158294677734375, 0.7200241088867188, 18.158294677734375, 18.158294677734375, 18.158294677734375, 17.818458557128906, 18.158294677734375, 0.0, 0.7200241088867188, 18.158294677734375, 6.2795233726501465, 0.0, 0.7200241088867188, 18.158294677734375, 0.0, 0.0, 6.2795233726501465, 18.158294677734375, 18.158294677734375, 18.158294677734375, 18.158294677734375, 18.158294677734375, 0.14925906965237828, 0.04255916340862772, 0.1393373691312014, 0.041905952429550135, 0.1614355240134316, 0.13096642056649763, 0.08605462044716579, 0.0434583113680933, 0.09980976176762, 0.08964106579092188, 0.05793842219216329, 0.15089715952498242, 0.14765739289038005, 0.07011261593580219, 0.12328240055396217, 0.18227900976251557, 0.15836668124813458, 0.1652917146557493, 0.14907691610185492, 0.17712068286079102, 0.13938944625112445, 0.13064239261390878, 0.13064653230542697, 0.16129254228807288, 0.08586318312135244, 0.05067331699816119, 0.13390495223737214, 0.182212628038922, 0.09348038704813046, 0.10445954885592991, 0.03648883427085981, 0.1638596040311258, 0.10688546165732517, 0.03983259455765535, 0.17865618349721296, 0.07787004279047088, 0.12159176762976749, 0.1822835571296285, 0.15642290529727923, 0.058350199933926705]"
A3HIEBXDI9EQA6,"[0.9637821912765503, 0.9637821912765503, 0.0, 0.0, 0.9637821912765503, 0.0, 1.7022573947906494, 0.9637821912765503, 0.0, 1.7022573947906494, 0.9637821912765503, 0.9637821912765503, 0.0, 0.9637821912765503, 0.9637821912765503, 0.9637821912765503, 0.9637821912765503, 0.9637821912765503, 0.9637821912765503, 0.0, 0.9637821912765503, 0.0, 0.9637821912765503, 0.0, 0.9637821912765503, 0.0, 0.0, 0.0, 0.9637821912765503, 0.0, 0.0, 0.9637821912765503, 0.9637821912765503, 0.0, 0.0, 0.0, 0.0, 0.9637821912765503, 0.9637821912765503, 0.9637821912765503, 0.10496805256253246, 0.07902265003433377, 0.06399652151524249, 0.06805808316967782, 0.06035572594512932, 0.13920313225835665, 0.07376268498463982, 0.07014462172387569, 0.1685300988878889, 0.11490806307211571, 0.06733167438566308, 0.13728235113838352, 0.07305044342539734, 0.0951403700467718, 0.13725586646418664, 0.15938702129901172, 0.08751510527297525, 0.039259143937690935, 0.11310690381629594, 0.03457156256549632, 0.09760790266519176, 0.036948711257090525, 0.061880461523070716, 0.05279765577350324, 0.03833800638030271, 0.165073005407123, 0.06793407937079762, 0.04789551723680157, 0.10587975479388995, 0.1268768471251144, 0.06880082257655573, 0.1091689142340055, 0.08132105127783053, 0.1095809377594775, 0.10707040014323202, 0.03444045675867867, 0.11216313278224256, 0.059231046889048934, 0.1459649670677342, 0.07300358282937013]"
A3HIK2YDCUMWMZ,"[0.9254327416419983, 0.0, 0.0, 0.9254327416419983, 1.8508654832839966, 0.0, 1.8508654832839966, 0.0, 0.9254327416419983, 1.8508654832839966, 0.0, 0.0, 0.0, 1.8508654832839966, 0.0, 0.9254327416419983, 1.8508654832839966, 0.9254327416419983, 1.8508654832839966, 0.0, 0.9254327416419983, 0.9254327416419983, 0.0, 0.9254327416419983, 0.9254327416419983, 0.0, 0.0, 0.0, 0.0, 0.0, 0.0, 0.9254327416419983, 0.0, 0.0, 0.0, 0.0, 0.9254327416419983, 0.0, 1.8508654832839966, 1.8508654832839966, 0.11575019549221037, 0.035797970183094795, 0.15913818904977706, 0.09065940373209118, 0.10741330448316941, 0.12544430685349725, 0.08024807865053775, 0.12222552108948, 0.13154096408015672, 0.039394847228128554, 0.06217181384193548, 0.056664117308650314, 0.16439493926023968, 0.043611420326969144, 0.12248197116486177, 0.10703413793300308, 0.08737057878888892, 0.14534262275310142, 0.04693692409618972, 0.10857713166106711, 0.02769421950151018, 0.1305611330910959, 0.15070479385500654, 0.034551708536533776, 0.029056187313664397, 0.054588572684258686, 0.14262796417623574, 0.05497320849552909, 0.045226416993704055, 0.17077963376983485, 0.16653924319029628, 0.05228130505672054, 0.05735580803789358, 0.12176187480934027, 0.10115845144174763, 0.0517911598873153, 0.1105794863164309, 0.06669587050858404, 0.10616668632338358, 0.04737791274287786]"
A3HJIA8KBPQXWU,"[3.3086626529693604, 3.3086626529693604, 3.3086626529693604, 1.6543313264846802, 2.632110357284546, 1.6543313264846802, 2.632110357284546, -0.6765525341033936, 1.6543313264846802, 3.3086626529693604, 0.0, 1.6543313264846802, 3.3086626529693604, 3.3086626529693604, 2.632110357284546, 3.3086626529693604, 2.632110357284546, 1.6543313264846802, 3.3086626529693604, 0.0, 3.3086626529693604, 3.3086626529693604, 3.3086626529693604, 1.6543313264846802, 2.632110357284546, 0.0, 0.0, 3.3086626529693604, 0.9777788519859314, 1.6543313264846802, 1.6543313264846802, 2.632110357284546, 0.0, 0.0, 1.6543313264846802, 3.3086626529693604, 1.6543313264846802, 1.6543313264846802, 2.632110357284546, 3.3086626529693604, 0.12929435383121554, 0.036582224689071734, 0.0945643972809417, 0.08205362625878952, 0.02249981145525964, 0.023187340157999923, 0.10638394047784504, 0.13963712542958776, 0.1596145765650597, 0.07377738923940437, 0.12276561892549252, 0.10544006261756758, 0.13109061899051266, 0.034170032368196615, 0.14546435705724262, 0.13441393719006567, 0.16291686553309503, 0.02507045814601484, 0.01863276870139612, 0.06054209216968275, 0.02836446343177531, 0.0770749306536988, 0.11205264401184944, 0.13388597904046734, 0.04157899041976585, 0.12401754503744841, 0.048332411822404, 0.023419435178972124, 0.07527370130784572, 0.04022963320723637, 0.03152045576878606, 0.044733304017933156, 0.12485942919376118, 0.1467007652801327, 0.14836243160361803, 0.0856593024813595, 0.1275536434795762, 0.06443474883322894, 0.055292927152212776, 0.14381240342345206]"
A3HLLKGK6GTUPF,"[14.849687576293945, 14.849687576293945, 14.849687576293945, 7.529200553894043, 14.849687576293945, 2.0445051193237305, 14.849687576293945, 2.912580728530884, 3.6186838150024414, 14.849687576293945, 2.0445051193237305, 14.849687576293945, 14.849687576293945, 14.849687576293945, 14.849687576293945, 14.849687576293945, 14.849687576293945, 3.2491116523742676, 14.849687576293945, 2.0445051193237305, 14.849687576293945, 14.849687576293945, 14.849687576293945, 14.849687576293945, 14.849687576293945, 2.0445051193237305, 2.0445051193237305, 14.849687576293945, 4.973606109619141, 10.882742881774902, 4.1171875, 14.849687576293945, 2.0445051193237305, 0.0, 2.7088801860809326, 14.849687576293945, 14.849687576293945, 14.849687576293945, 14.849687576293945, 14.849687576293945, 0.08271707439522094, 0.07366494409332175, 0.04837516858718188, 0.14635789496317284, 0.07644173963651513, 0.10274200583076011, 0.12210430296303895, 0.022906224900193575, 0.08813221244397872, 0.14973460755604487, 0.051829987079086426, 0.06248648665333172, 0.1515696847694289, 0.06950271319718088, 0.12986991404388873, 0.06420135672018264, 0.03791324737147376, 0.04519054605276075, 0.05176141046900834, 0.16274418831400428, 0.09985525328449214, 0.08035860817539064, 0.1362256917108247, 0.1299050182755792, 0.14117447822961948, 0.033984319352709846, 0.06690850316368481, 0.12812399821483053, 0.053350155079394224, 0.06852268154861453, 0.0653589993013712, 0.07701684628857151, 0.06007611144542724, 0.08503845773086376, 0.10070490378125975, 0.08098843290388788, 0.127535890296624, 0.046160160478909924, 0.05877689204607225, 0.07607335458345639]"
A3HSZWSBQVFNEV,"[19.742422103881836, 19.742422103881836, 19.742422103881836, 19.742422103881836, 19.742422103881836, 9.619100570678711, 19.742422103881836, 6.381836891174316, 19.742422103881836, 19.742422103881836, 3.7073307037353516, 19.742422103881836, 19.742422103881836, 19.742422103881836, 19.742422103881836, 19.742422103881836, 19.742422103881836, 19.742422103881836, 19.742422103881836, 2.32383131980896, 19.742422103881836, 19.742422103881836, 19.742422103881836, 0.0, 19.742422103881836, 0.7130963206291199, 1.5221407413482666, 19.742422103881836, 19.742422103881836, 19.742422103881836, 19.742422103881836, 19.742422103881836, 10.007729530334473, 2.994234323501587, 19.742422103881836, 19.742422103881836, 19.742422103881836, 19.742422103881836, 19.742422103881836, 19.742422103881836, 0.1313010902037234, 0.052011951983889304, 0.08519754426478303, 0.17207351878435437, 0.06655683959946052, 0.14491416265438672, 0.1399997347615693, 0.04626070497063112, 0.04475113891230114, 0.1355341956100834, 0.06772092909461705, 0.07532646249213705, 0.029497129829880522, 0.12562790919692673, 0.058421996582851965, 0.04344341901139368, 0.1528731976695005, 0.14578558195699337, 0.12005377503294586, 0.06779672133799636, 0.15797527891569874, 0.06216801804533221, 0.13200330640330832, 0.060329388230571754, 0.16798758153108848, 0.15737651748737685, 0.05187161124677618, 0.17488963008959216, 0.17111139536594233, 0.1159310008586638, 0.10636696254454431, 0.11217089407098867, 0.13366926199952228, 0.10931513523746206, 0.1675210548392337, 0.10080111715664992, 0.16854290080432524, 0.03526692184160584, 0.1258153982721515, 0.12515581718956975]"
A3IGHIOZ898AWG,"[19.79960823059082, 19.79960823059082, 19.79960823059082, 1.8320082426071167, 19.79960823059082, 0.9600334763526917, 19.79960823059082, 3.0560693740844727, 1.8320082426071167, 19.79960823059082, 7.160231113433838, 19.79960823059082, 19.79960823059082, 19.79960823059082, 19.79960823059082, 19.79960823059082, 19.79960823059082, 19.79960823059082, 19.79960823059082, 0.9600334763526917, 19.79960823059082, 19.79960823059082, 19.79960823059082, 19.79960823059082, 19.79960823059082, 0.0, 0.9600334763526917, 19.79960823059082, 19.79960823059082, 0.871974766254425, 7.412825107574463, 19.79960823059082, 2.1840946674346924, 0.0, 19.79960823059082, 19.79960823059082, 19.79960823059082, 19.79960823059082, 19.79960823059082, 19.79960823059082, 0.1353576132918588, 0.11857212413629234, 0.14788797974361356, 0.08031326566986036, 0.14113753618488145, 0.07995904311693582, 0.12976561881139065, 0.03199191509932314, 0.0785823944321107, 0.16824287308019836, 0.16126073396819823, 0.1589709661489957, 0.08640646081818383, 0.057610753066868546, 0.12586999180658537, 0.09609314311213697, 0.03896319788655182, 0.09612619756540086, 0.10696752006534892, 0.1620225552271703, 0.10922598470087592, 0.0908212678594234, 0.14977801565629406, 0.14037286066212248, 0.15436712489068072, 0.12767655234214922, 0.06400884383885862, 0.17432815377829494, 0.10905339298021902, 0.10081976486307308, 0.12777736425178443, 0.087023891560172, 0.07326937418027463, 0.11308915706671567, 0.07814560948192743, 0.16113163889584675, 0.07385447609319573, 0.08603817289081592, 0.16657897228825938, 0.12863439656215753]"
A3IJDWW3VVLF3G,"[0.13904781639575958, -0.45758888125419617, 0.04524052515625954, -0.36164939403533936, 0.7949312329292297, 0.07738461345434189, -0.444255530834198, 0.13691560924053192, 0.0, -0.5137746930122375, 0.13691560924053192, -0.812832236289978, 0.0006917801802046597, 0.5029999613761902, -0.44888004660606384, 0.7949312329292297, -0.0335371196269989, 0.04310832545161247, 0.4516092538833618, 0.13691560924053192, 0.5029999613761902, 0.2829570174217224, 0.30081063508987427, -0.3639521598815918, 0.1105426773428917, 0.13691560924053192, 0.13691560924053192, -0.11453226208686829, -0.8575136065483093, 0.07738461345434189, 0.09663126617670059, -0.41465112566947937, 0.06022277846932411, 0.0, 0.5201144218444824, -0.03142387792468071, -0.4748739004135132, -0.9155189394950867, 0.4220048189163208, 0.08765707165002823, 0.09717396178302205, 0.020739844532333986, 0.04138035616046341, 0.09116271472489669, 0.07065887261375736, 0.11843991950531284, -0.010130541579026755, 0.049295200067780695, 0.07202786622544254, 0.020440075248514874, 0.09260647658115433, 0.0598269926933642, 0.0020629530975348857, 0.056308174359222786, 0.024817531772950763, 0.07286443316650269, 0.005503458853813625, 0.021047012141587624, 0.08738679383522055, 0.024207799759245512, 0.10856704725730719, 0.0030849975305183948, 0.08679396402590023, -0.0022951154607658273, 0.07391695469500642, 0.03511197603512041, 0.06503884993567101, 0.017506375315329104, -0.005616630166784929, 0.03724637032497862, 0.11786746415563316, 0.0020341136237273984, 0.06522819333193336, 0.04527732567969082, 0.09841398389853066, 0.09293524978515422, 0.06412762970629753, 0.07099633400572897, 0.02918169896844614, 0.08106354134522156]"
A3ILCNY19J5KFA,"[4.783122539520264, 1.7361223697662354, 1.6480638980865479, 2.019725799560547, 5.268631935119629, 1.6480638980865479, 5.268631935119629, 0.7440415620803833, 1.2904844284057617, 1.363742709159851, 0.3575794994831085, 0.7440415620803833, 2.019725799560547, 5.341890335083008, 1.946467638015747, 5.268631935119629, 1.6480638980865479, 5.1805739402771, 5.478977680206299, 0.3575794994831085, 5.25383186340332, 5.505682945251465, 5.25383186340332, 0.0, 1.7213221788406372, 0.3575794994831085, 0.3575794994831085, 5.341890335083008, 5.478977680206299, 1.2506128549575806, 5.002897262573242, 1.338671326637268, 0.3575794994831085, 0.0, 4.631235599517822, 2.0345261096954346, -0.6958547830581665, 0.0, 5.268631935119629, 5.640294075012207, 0.0904553674357254, 0.07362364599684408, 0.11563968460179207, 0.15790741413754722, 0.033055706645596775, 0.057213614430336124, 0.07137583825758996, 0.09618685603545164, 0.158180790767791, 0.01866857665963343, 0.0711040151335083, 0.11823487606764903, 0.05219037782153055, 0.11208533432429238, 0.15500617089393065, 0.11587606571965976, 0.025700688529951266, 0.12618111854768585, 0.1322649620195949, 0.10207479696891375, 0.10585200130958088, 0.014905836219027739, 0.011475936980112922, 0.052431148164954144, 0.019764917320851005, 0.09517243784963599, 0.12927515521784141, 0.09130895219365684, 0.13412115893731066, 0.14215556250288272, 0.0909199223436178, 0.12715582871101647, 0.1228060301052273, 0.12531847870136856, 0.05138413019314825, 0.0521259675514926, 0.07108939053475655, 0.12843048060892626, 0.02662554280904899, 0.13863420303284865]"
A3INQL95YAY6OW,"[0.0, 0.0, 0.0, 0.0, 0.0, 0.0, 0.0, 0.0, 0.0, 0.0, 0.0, 0.0, 0.0, 0.0, 0.0, 0.0, 0.0, 0.0, 0.0, 0.0, 0.0, 0.0, 0.0, 0.0, 0.0, 0.0, 0.0, 0.0, 0.0, 0.0, 0.0, 0.0, 0.0, 0.0, 0.0, 0.0, 0.0, 0.0, 0.0, 0.0, 0.08376433749093432, 0.03807148986702841, 0.05401145516882428, 0.10172987921259997, 0.07672508866795932, 0.14865533478187534, 0.05004064635506443, 0.04465225509362505, 0.16479414119067318, 0.08042759382557202, 0.06796463305710877, 0.07798780038824821, 0.15123752523557807, 0.03234653224164266, 0.09424159252190313, 0.0378935429660042, 0.15220371931631527, 0.0246014062656615, 0.12314584004039081, 0.14134139156927203, 0.11968500314897357, 0.06345284897008405, 0.11700534140446227, 0.10852475028002505, 0.038308635353708924, 0.10002319180614469, 0.03660855405773298, 0.1536812303607835, 0.023381234989245218, 0.07743844460947813, 0.053001951856379154, 0.09273004451740245, 0.059515882509187934, 0.11878015209541946, 0.03615770494664098, 0.13815418753328113, 0.09151253850890999, 0.03570225286333872, 0.08052107511643637, 0.07379598890507061]"
A3IOV1NJ4IM2HC,"[-0.03884274885058403, 0.0, 0.0, 0.0, -0.03884274885058403, 0.0, -0.03884274885058403, 0.0, 0.0, 0.0, 0.0, -0.03884274885058403, 0.0, 0.0, -0.03884274885058403, 0.0, -0.03884274885058403, 0.0, -0.03884274885058403, 0.0, 0.0, 0.0, 0.0, 0.0, -0.03884274885058403, 0.0, -0.03884274885058403, 0.0, -0.07768549770116806, 0.0, 0.0, -0.03884274885058403, 0.0, 0.0, -0.03884274885058403, 0.0, 0.0, 0.0, 0.0, 0.0, 0.11539080347930546, -0.004584125404812828, 0.021787459431528447, 0.12154933095529463, 0.08828121874400872, 0.06428890059366267, 0.03744538723785363, 0.00812871514491348, 0.0037980163682759657, 0.02026372862841646, 0.1347504002167003, 0.04203047563737578, 0.08309793533968925, 0.04030556468648411, 0.03769481385666412, -0.0020358111153218, 0.016382608943197652, 0.1389295073288098, 0.04713250549380396, 0.05965459289756841, 0.08889552092819196, 0.02712210245368004, 0.0598521996819412, 0.08982629969185536, 0.0793339597574261, 0.09041037763153639, 0.06975329625365635, 0.13840715644729693, 0.058850528090916454, 0.1196266457891693, 0.024618062813048264, 0.025437501233160298, 0.03800346041032756, 0.050597834029851414, 0.08094341404085179, 0.03723301437127108, 0.1205925124058514, 0.12027624686845279, 0.10781327683226417, 0.12258212778437996]"
A3IRJA2MBOJ411,"[18.10992431640625, 9.10569953918457, 4.447664260864258, -0.21037043631076813, 13.974103927612305, -0.21037043631076813, 13.974103927612305, 3.925450325012207, 0.0, 13.241519927978516, 0.0, 9.10569953918457, 8.373115539550781, 13.974103927612305, 9.10569953918457, 13.241519927978516, 9.316068649291992, 9.316068649291992, 13.974103927612305, 0.0, 13.241519927978516, 9.526439666748047, 9.316068649291992, 9.526439666748047, 9.316068649291992, 0.0, 0.0, 9.10569953918457, 4.447664260864258, -0.21037043631076813, 3.7150802612304688, 13.974103927612305, 0.0, 0.0, 0.0, 4.658034324645996, 14.18447494506836, 4.447664260864258, 18.10992431640625, 13.45189094543457, 0.12098413446245776, 0.1304906484769884, 0.07163586085910555, 0.12132498848621613, 0.08542920487126668, 0.16674239016542575, 0.1515422176340251, 0.06310409703325474, 0.03554596123256577, 0.11365147525385243, 0.11889658658757116, 0.1578527238353685, 0.15893323831128892, 0.11494561550401416, 0.17042071489032412, 0.15887524315729823, 0.1185425046930149, 0.11816069274233303, 0.10152490969460931, 0.12103939469773885, 0.047576357789099986, 0.1363041861334451, 0.13023378608639966, 0.11697702641385135, 0.14771493606620228, 0.10972269407444442, 0.09252259358937454, 0.10056289939869163, 0.06919754113122746, 0.10344378290869599, 0.05516515191816856, 0.10188223123789483, 0.16541158411855358, 0.05081546029512824, 0.08201343017003991, 0.05341720471555325, 0.06445930108990665, 0.09200383878446448, 0.1295282659644226, 0.12666550923027023]"
A3IVBYIDNMPEPO,"[1.497096300125122, 1.7871108055114746, 0.6035409569740295, 1.497096300125122, 0.6035409569740295, 0.6035409569740295, 0.9151369333267212, 0.0, 0.6035409569740295, 1.497096300125122, 0.6035409569740295, 0.6035409569740295, 0.8935554027557373, 1.497096300125122, 0.6035409569740295, 0.6035409569740295, 0.6035409569740295, 1.7871108055114746, 1.497096300125122, 0.6035409569740295, 1.497096300125122, 0.6035409569740295, 0.6035409569740295, 0.0, 0.6035409569740295, 0.0, 0.6035409569740295, 0.6035409569740295, 1.497096300125122, 0.0, 0.6035409569740295, 0.6035409569740295, 0.0, 0.0, 0.6035409569740295, 0.6035409569740295, 0.6035409569740295, 0.6035409569740295, 1.518677830696106, 1.497096300125122, 0.07029874311382416, 0.046806971774941065, 0.1583654265662146, 0.06627194197192413, 0.07633493821301983, 0.14472098327321312, 0.17326629344513664, 0.16742491573317075, 0.1686274108043012, 0.1230632197631982, 0.16729964584236431, 0.1223005484045874, 0.06716314113765913, 0.09211330541467506, 0.08877417438674304, 0.11582861943196321, 0.13426893983939991, 0.10137685491855528, 0.12215372365602653, 0.09505548187584459, 0.12058793034710262, 0.11390419738217647, 0.13443504169497203, 0.1267288986200891, 0.04633958749965668, 0.04656478712404204, 0.05666223021341153, 0.07577760579464238, 0.03897492494929813, 0.04630011432638452, 0.09821537311443874, 0.07217648579164422, 0.07855170154730638, 0.12889408322806972, 0.026398889113314936, 0.1660542574996251, 0.1561999676394048, 0.14262275023803225, 0.16772765848300847, 0.03665750919391026]"
A3IVDKJ8B51LO0,"[-1.0157400369644165, -1.0157400369644165, -6.12558650970459, -0.5827298760414124, -6.473658561706543, -0.43301019072532654, -12.806061744689941, -5.952888011932373, -0.7895456552505493, -7.348142623901367, 0.0, -1.8282654285430908, 0.20681583881378174, -6.102607727050781, -10.770980834960938, -11.993535995483398, 0.0, 0.20681583881378174, -1.0157400369644165, 0.0, -0.5827298760414124, -6.247464179992676, -1.2225558757781982, 0.0, -6.742433547973633, 0.0, 0.0, 0.0, 0.0, -5.519877910614014, 0.20681583881378174, -11.993535995483398, 0.0, 0.0, -5.519877910614014, -6.247464179992676, -6.535617828369141, 0.0, -13.83349609375, -7.13004207611084, 0.039154193119418174, 0.05686640153440152, 0.08003859705927753, 0.0639925987316405, 0.046103200970658544, 0.08512921263812635, 0.07428097506114974, 0.05967571056110107, 0.06385788239813163, 0.10090279995585374, 0.16806556024124236, 0.09231748454028482, 0.10830129896226119, 0.11245915958234486, 0.07460491300820239, 0.04680179770786831, 0.046180561435261704, 0.16188268479690943, 0.13627465779580183, 0.15394845755565936, 0.1535297436132044, 0.1195257168334916, 0.13147112322738874, 0.1441467583033344, 0.07848523129033845, 0.15297945698694712, 0.034208536615344835, 0.07628865759498997, 0.11731673393176689, 0.1404186276497264, 0.16872681306061493, 0.10994132643395245, 0.06437684348082826, 0.06401084361251273, 0.030981523226148264, 0.14986995908779902, 0.10575059783070738, 0.17163165938283673, 0.10538028058453008, 0.10321894263265398]"
A3IYF2TNOC0XYO,"[-3.0030484199523926, 0.0, 0.0, 0.0, 0.0, 0.0, 0.0, 0.0, 0.0, 0.0, 0.0, 0.0, 0.0, 0.0, 0.0, 0.0, 0.0, 0.0, 0.0, 0.0, 0.0, -3.0030484199523926, 0.0, 0.0, 0.0, 0.0, 0.0, 0.0, 0.0, -3.0030484199523926, -3.0030484199523926, -3.0030484199523926, 0.0, 0.0, -3.0030484199523926, 0.0, -3.0030484199523926, 0.0, 0.0, 0.0, 0.10130106199382526, 0.07704979720086445, 0.08613352249595108, 0.0691146935563758, 0.06516305999783305, 0.17513759058105458, 0.08286836546906344, 0.08253314909138426, 0.058762930248491836, 0.03790301934987941, 0.0753888300873506, 0.0709239657703473, 0.11376242388084566, 0.13931030327364408, 0.13723952733371797, 0.1287464299551567, 0.1324885342442289, 0.12328120969102795, 0.11038381236593323, 0.12933186207573935, 0.17251287595400427, 0.1250191521674263, 0.09238870155854066, 0.1158341259754537, 0.0849371371178999, 0.15828422327490085, 0.03051388545100619, 0.13910656108882416, 0.14512833982856158, 0.14615140971366386, 0.13184373495594298, 0.05747069587542819, 0.0671501345434455, 0.03144241647140118, 0.11666888184190388, 0.040574801514884615, 0.047711896198679216, 0.16897692468808434, 0.08675408762031214, 0.07531566418058723]"
A3IZX2IWVGM9QH,"[13.061470031738281, 13.061470031738281, 3.4464590549468994, 0.7151599526405334, 13.061470031738281, 0.24982088804244995, 12.484114646911621, 9.752815246582031, 0.0, 12.346309661865234, 0.7151599526405334, 12.484114646911621, 4.0238142013549805, 13.526808738708496, 12.949454307556152, 13.061470031738281, 13.526808738708496, 10.218154907226562, 12.484114646911621, 0.7151599526405334, 13.526808738708496, 12.811649322509766, 12.484114646911621, 3.308654308319092, 13.061470031738281, 0.7151599526405334, 0.7151599526405334, 4.0238142013549805, 0.7151599526405334, 0.7151599526405334, 0.7151599526405334, 12.484114646911621, 0.7151599526405334, 0.0, 0.7151599526405334, 4.0238142013549805, 12.346309661865234, 12.811649322509766, 19.7995548248291, 13.526808738708496, 0.1583452473354837, 0.12351834725410826, 0.11936109318380331, 0.13722573094789203, 0.10385799495484176, 0.13379076587138364, 0.053436256385433416, 0.13675815443093825, 0.03399142674845127, 0.16489710734023963, 0.08142770917213543, 0.09447497317501993, 0.07342753515317188, 0.056521727935204664, 0.15207385212792637, 0.12734932249487957, 0.07385384749801482, 0.14684212706921088, 0.14708020450827783, 0.0993815020550426, 0.03873609564493289, 0.13398052608419134, 0.15627111610372857, 0.07131898231959326, 0.15443209386639495, 0.07276471919100883, 0.07161503609303078, 0.14861087544167406, 0.024893042147335398, 0.0904856616376842, 0.03229303902568766, 0.11110604135965621, 0.1289359243562787, 0.05405079293713019, 0.06879468904118942, 0.10483347207114868, 0.08139944884826199, 0.10284654562771527, 0.13561748029146475, 0.1613682562856247]"
A3J034YH7UG4KT,"[1.8499929904937744, 1.8499929904937744, 0.6247087121009827, 1.086168885231018, 1.8499929904937744, 0.0684511661529541, 1.4192241430282593, 1.0554776191711426, 0.9870264530181885, 1.7815418243408203, 0.8629666566848755, 0.6026054620742798, 1.8499929904937744, 1.8499929904937744, 1.5896319150924683, 1.8499929904937744, 1.8499929904937744, 0.8936578631401062, 1.8499929904937744, 0.0684511661529541, 1.8499929904937744, 0.9870264530181885, 1.086168885231018, 0.0, 1.7727272510528564, 0.0684511661529541, 0.0684511661529541, 1.0554776191711426, 1.4956133365631104, 1.0247864723205566, 1.0554776191711426, 1.4192241430282593, 0.09914238005876541, 0.03069121390581131, 1.8193018436431885, 0.5701960325241089, 0.8252066969871521, 0.5341542959213257, 1.8499929904937744, 1.4192241430282593, 0.06154340611898251, 0.12265929513791883, 0.1071527415467032, 0.1124617296277804, 0.08445535256515098, 0.08961082453147426, 0.043785195841122664, 0.11421920833700902, 0.08643040932613252, 0.02170935347983895, 0.008383037753853673, 0.1046104962773982, 0.06957809997950246, 0.008997290809844771, 0.09027901862693255, 0.08394508373201301, 0.052003988033256246, 0.03707990620484295, 0.12821755131110432, 0.05766201790202687, 0.14317639769153728, 0.10765874460755413, 0.13155037489687413, 0.056648601176102396, 0.1311132561740215, 0.01278481626617911, 0.09453453766052501, 0.009968950524513806, 0.14459544392275223, 0.13776389524295035, 0.011433733245130202, 0.06431055936623241, 0.01802592895081042, 0.09492326635461099, 0.054272237981943236, 0.13194898231056582, 0.08809866984934521, 0.07558244842712686, 0.035822250252696065, 0.0552314453237363]"
A3J0XGWTJWZKLZ,"[14.329559326171875, 7.127229690551758, 7.20233154296875, 0.0, 14.329559326171875, 0.0, 14.329559326171875, 7.127229690551758, 0.0, 14.329559326171875, 7.20233154296875, 14.329559326171875, 7.20233154296875, 14.329559326171875, 14.329559326171875, 14.329559326171875, 14.329559326171875, 7.127229690551758, 14.329559326171875, 0.0, 14.329559326171875, 14.329559326171875, 14.329559326171875, 0.0, 14.329559326171875, 7.20233154296875, 0.0, 7.20233154296875, 0.0, 0.0, 7.20233154296875, 14.329559326171875, 0.0, 0.0, 0.0, 7.20233154296875, 14.329559326171875, 14.329559326171875, 14.329559326171875, 14.329559326171875, 0.04484074436294155, 0.03901595269201174, 0.02184349348087934, 0.03642574284799393, 0.12395757654342648, 0.13957790469232154, 0.14342635453963365, 0.08024032413733731, 0.03254747503238009, 0.027120831448694285, 0.060981214726697826, 0.03689329816420568, 0.14581170855285217, 0.15399918411742866, 0.024207379486943514, 0.06064635452838496, 0.1639643819564405, 0.09279145266567407, 0.10280714018325061, 0.055580277145743685, 0.16609506799344467, 0.036928942768209974, 0.16669966087138485, 0.09332423412391033, 0.06382699902466084, 0.11369093593368895, 0.08234051304869691, 0.12984832658490228, 0.1599812089773721, 0.1284605048218749, 0.1561424174381045, 0.1245015912114626, 0.05860563847792481, 0.058951822662752305, 0.16001969986123793, 0.09581183106820132, 0.07011990899543147, 0.06269042798297947, 0.1453296888227564, 0.10658260417832861]"
A3J539P6RXOP9M,"[24.74944305419922, 24.74944305419922, 24.74944305419922, 0.0, 24.74944305419922, 0.0, 24.74944305419922, 0.0, 0.0, 24.74944305419922, 0.0, 24.74944305419922, 24.74944305419922, 24.74944305419922, 24.74944305419922, 24.74944305419922, 24.74944305419922, 0.0, 24.74944305419922, 0.0, 24.74944305419922, 24.74944305419922, 24.74944305419922, 24.74944305419922, 24.74944305419922, 0.0, 0.0, 24.74944305419922, 0.0, 0.0, 0.0, 24.74944305419922, 0.0, 0.0, 0.0, 24.74944305419922, 24.74944305419922, 24.74944305419922, 24.74944305419922, 24.74944305419922, 0.10642976440769472, 0.08969309450640431, 0.16047223105809236, 0.17730089489933995, 0.12010698177650594, 0.11952054695259218, 0.07199184903009222, 0.06321530326071824, 0.1209195721348797, 0.10780250876404558, 0.1390243813406279, 0.12450063908548922, 0.14176065846111016, 0.08300612192644743, 0.043129770226202055, 0.04191501647808365, 0.11279727744022293, 0.0925585340606737, 0.0798798748916325, 0.07384635507653657, 0.09735599278003032, 0.0886274650148249, 0.10245146628293025, 0.04260921064907465, 0.15209989792812087, 0.13397991034648774, 0.04802807868034688, 0.07505609422091973, 0.12896159197169632, 0.15697028382540607, 0.03773045619296224, 0.12953064842034098, 0.04564882512813645, 0.07932051498896915, 0.07942139146704921, 0.11948189832605662, 0.16559064010236207, 0.16074599665213593, 0.04566928363603541, 0.16692507698635192]"
A3JDSBP01M7R2R,"[0.0, 2.7684967517852783, 0.0, 0.0, 0.0, 0.0, 5.536993503570557, 0.0, 2.7684967517852783, 2.7684967517852783, 0.0, 2.7684967517852783, 0.0, 0.0, 2.7684967517852783, 2.7684967517852783, 0.0, 0.0, 0.0, 0.0, 0.0, 0.0, 0.0, 0.0, 0.0, 0.0, 0.0, 0.0, 0.0, 0.0, 0.0, 0.0, 0.0, 0.0, 0.0, 0.0, 0.0, 0.0, 0.0, 0.0, 0.16669257234937612, 0.13892574445213146, 0.09380838160991, 0.14458595535023128, 0.15526750146139975, 0.13020891431097387, 0.09449497408355087, 0.055090838273447726, 0.11558220470293915, 0.054106891963102734, 0.11892270933198228, 0.16034939471599258, 0.07238845936597027, 0.1671943853415846, 0.12468134934287504, 0.10334899240401631, 0.02387741713289264, 0.15243892328175215, 0.04976841907150328, 0.04703595088466968, 0.11150473559393324, 0.12069759466410254, 0.035276165848362934, 0.08501783479053458, 0.0324693193666286, 0.13653829899472297, 0.1681106535076208, 0.03072014205701164, 0.06546603537858578, 0.11892181047977975, 0.16491239129871446, 0.050637180091933756, 0.02213192043940529, 0.15958719062483337, 0.04561839793541356, 0.08548359780110935, 0.10108563260982045, 0.16663382509028352, 0.16590369045773828, 0.05538180616243402]"
A3JIP8N3GZZKBA,"[1.19074285030365, 2.649075984954834, -0.16829587519168854, -0.72857266664505, 4.747379302978516, 0.0, 4.579083442687988, 5.571236610412598, -0.72857266664505, 2.744361400604248, 3.3101325035095215, 4.348715782165527, 0.6344754695892334, 2.508549213409424, -0.49276044964790344, 2.4807801246643066, 1.3590387105941772, -0.72857266664505, 1.2860280275344849, -0.72857266664505, -0.6610562801361084, -0.4197497069835663, -0.49276044964790344, 0.0, -0.4197497069835663, 0.0, 0.0, -0.49276044964790344, 1.531343936920166, -2.186905860900879, 0.5669591426849365, 4.747379302978516, 0.0, 0.0, -0.72857266664505, 0.0, 4.275704860687256, -0.72857266664505, 1.7577019929885864, 2.5760653018951416, 0.10574256159458076, 0.16332401331449636, 0.15585135515650383, 0.13955902185673627, 0.04801391401925388, 0.08605540101547508, 0.11518139074847021, 0.1295305844482685, 0.08463829129940684, 0.05406169988048679, 0.0886036572604404, 0.07268353099711178, 0.10465548339732259, 0.1321348606100694, 0.052817583843430195, 0.11817893871428799, 0.0612764908919892, 0.1306171402156245, 0.11822502500932064, 0.13875217974525186, 0.132332164153276, 0.06822769745499484, 0.1613068310097823, 0.12252344410053999, 0.1295715015405615, 0.13841232813780976, 0.13233052878947657, 0.06487212695150417, 0.07517867644918345, 0.1159692679086282, 0.08706386927276458, 0.11180882185112026, 0.09045902425765853, 0.108759557980712, 0.08674656037368245, 0.16230302702957594, 0.09812977455019763, 0.10019391703404677, 0.11599129607860134, 0.053563855167474]"
A3JJ3GK8Q39TDE,"[6.6172404289245605, 6.6172404289245605, 6.6172404289245605, 3.3086202144622803, 6.6172404289245605, 0.0, 6.6172404289245605, 3.3086202144622803, 0.0, 6.6172404289245605, 3.3086202144622803, 6.6172404289245605, 6.6172404289245605, 6.6172404289245605, 6.6172404289245605, 6.6172404289245605, 6.6172404289245605, 3.3086202144622803, 6.6172404289245605, 0.0, 6.6172404289245605, 6.6172404289245605, 6.6172404289245605, 3.3086202144622803, 6.6172404289245605, 0.0, 3.3086202144622803, 6.6172404289245605, 3.3086202144622803, 3.3086202144622803, 3.3086202144622803, 6.6172404289245605, 0.0, 0.0, 3.3086202144622803, 6.6172404289245605, 6.6172404289245605, 6.6172404289245605, 6.6172404289245605, 6.6172404289245605, 0.0916935729575314, 0.14880110374268513, 0.07626164535825743, 0.02922581106747693, 0.07517595782186348, 0.044946625145749125, 0.16911840030015002, 0.07244708283687212, 0.1552138512746801, 0.07145836624436143, 0.15309357038916038, 0.12746213444011373, 0.04598410643082824, 0.12371356253395033, 0.17539766256329054, 0.02770605634292555, 0.16175929399806457, 0.06606942178098611, 0.08672327822340649, 0.04805821941004894, 0.1706891151114495, 0.16158570575124406, 0.1351532606297019, 0.05079649815511699, 0.0828853197535938, 0.0829583314926109, 0.06308016895272343, 0.17389372934889447, 0.06491609147723588, 0.05270288659065972, 0.11331583143164271, 0.14687056629386797, 0.0764145877518055, 0.1150034955528458, 0.02732131187803261, 0.13734375666447357, 0.07540754509224122, 0.14313211967541348, 0.12634176837449224, 0.04287572849526271]"
A3JMIBCH90HGWG,"[5.086359977722168, 5.027506351470947, 6.1184515953063965, 7.010463237762451, 15.734413146972656, -8.431217193603516, 12.008369445800781, 6.059152603149414, 7.091838359832764, 3.065091371536255, 0.0, -1.6581974029541016, 5.660839080810547, 0.07157468795776367, 5.260742664337158, 3.5154776573181152, 12.156865119934082, 1.2104343175888062, 9.918545722961426, 0.5206245183944702, 5.025179862976074, 7.245184421539307, 4.7481369972229, 0.0, 17.81037712097168, 0.0, 1.0339728593826294, 6.080189228057861, 4.7736287117004395, 2.7470638751983643, 9.902063369750977, 3.0845937728881836, 0.7297554016113281, 0.0, 17.104877471923828, 7.7779860496521, 1.0138269662857056, -2.543674945831299, 13.641372680664062, 11.759293556213379, 0.14554647775910265, 0.06462293355702836, 0.10101663694437706, 0.03593688555021252, 0.17057603429508295, 0.13797446559321985, 0.10227846218572277, 0.17352230150865255, 0.08618533465510968, 0.10180319755748651, 0.057825083154715025, 0.030298467021461776, 0.08899342977367432, 0.12688421768964794, 0.034397032961241775, 0.06451235712107053, 0.16553219677826958, 0.08805545305699695, 0.03904491310809186, 0.03438397825616407, 0.11919651126714956, 0.14143611816981613, 0.14932593951550485, 0.1728057501602401, 0.17017498155528554, 0.04303955183061361, 0.14713290217304864, 0.15952329796152542, 0.11461386504258109, 0.14918566410252182, 0.14997352163298638, 0.11580983199144086, 0.09741611817221404, 0.08356790749431454, 0.07565728398479112, 0.1151928469002523, 0.07360156217387685, 0.026858323620152898, 0.08105238814323852, 0.15003271221347247]"
A3JNP9PGF2DMIO,"[3.3082094192504883, 3.3082094192504883, 1.499074101448059, 2.543599843978882, 3.3082094192504883, 2.3903512954711914, 4.023369312286377, 0.5390430092811584, 1.6558866500854492, 2.43980073928833, 2.6352224349975586, 3.3082094192504883, 2.612353801727295, 3.3082094192504883, 2.612353801727295, 4.023369312286377, 4.19948673248291, 3.4843263626098633, 3.3082094192504883, 1.6751911640167236, 2.612353801727295, 0.7839140295982361, 2.5242953300476074, 0.0, 3.132092237472534, 0.715160071849823, 1.6751911640167236, 2.3481781482696533, 2.6352224349975586, 0.5390430092811584, 3.063338279724121, 3.8701210021972656, 0.715160071849823, 0.0, 3.331077814102173, 2.9100897312164307, 1.7439452409744263, 1.9200621843338013, 3.847252368927002, 4.023369312286377, 0.14463751564464783, 0.08922055589014695, 0.16372224285233605, 0.03700945040003451, 0.08740986713776337, 0.08084037258858873, 0.16411216551030053, 0.15765487796587468, 0.15433933016200102, 0.05296762520400204, 0.1370447135272253, 0.058832727276135546, 0.046939429828737236, 0.04958865936376889, 0.08165824609516902, 0.1200717049081869, 0.08287103013399545, 0.17178250770584635, 0.12513381580891955, 0.05229911991549577, 0.08073501706712168, 0.12471331189959059, 0.1427365817317985, 0.026705985429493338, 0.0627197463983526, 0.06258950621672303, 0.0750719847432004, 0.1476748965728324, 0.10847572245175488, 0.1557922455196444, 0.08050644236742345, 0.14080022772765058, 0.16567241658168796, 0.10348610484116605, 0.09140964527198352, 0.04735231435859706, 0.15532776091659378, 0.1515660610743074, 0.17153904027593314, 0.13601684876838044]"
A3JOF3FISSE7E0,"[7.179808139801025, 2.457122802734375, 3.0202341079711914, 2.457122802734375, 7.179808139801025, 0.7546717524528503, 7.179808139801025, 0.0, 0.0, 0.7546717524528503, 0.0, 2.457122802734375, 2.457122802734375, 2.457122802734375, 4.91424560546875, 2.457122802734375, 7.179808139801025, 7.179808139801025, 4.91424560546875, 0.0, 2.457122802734375, 0.0, 4.91424560546875, 0.0, 4.722684860229492, 0.0, 0.0, 2.457122802734375, 3.0202341079711914, 0.7546717524528503, 2.457122802734375, 3.211794376373291, 0.0, 0.0, 2.2655622959136963, 0.0, 0.0, 0.7546717524528503, 7.179808139801025, 4.91424560546875, 0.12166299908458221, 0.059600937197881995, 0.11941216483477517, 0.057548936288661146, 0.050769334747231054, 0.048388125832574125, 0.09691176090280008, 0.09435625056406671, 0.03705380019798083, 0.09247421499285226, 0.17325723981733104, 0.11408649892897472, 0.15765499934484684, 0.10583647110322197, 0.1714386149995981, 0.17261019422752472, 0.08306091584708601, 0.1481608923252549, 0.06154475182098691, 0.1564295304813312, 0.09226250109600832, 0.11647143335644582, 0.06809093275025396, 0.045265686975769555, 0.11428427613536236, 0.15319115416085036, 0.035161192787672685, 0.06531499498776842, 0.1703948934629276, 0.0726543616069435, 0.10576310053111883, 0.17631622184409107, 0.08945140298082956, 0.07820915484879343, 0.11563671589888608, 0.05644249294432787, 0.12213589269179793, 0.058063145892284194, 0.14915661208410208, 0.13913118024277793]"
A3JQ30S858QNER,"[24.749258041381836, 24.749258041381836, 0.754666805267334, 24.749258041381836, 24.749258041381836, 0.0, 24.749258041381836, 24.749258041381836, 0.0, 24.647911071777344, 0.0, 24.749258041381836, 24.749258041381836, 24.749258041381836, 24.647911071777344, 24.749258041381836, 24.749258041381836, 24.749258041381836, 24.749258041381836, 0.0, 24.749258041381836, 24.749258041381836, 24.749258041381836, 0.0, 24.749258041381836, 0.0, 0.0, 0.22014465928077698, 1.3188879489898682, 24.749258041381836, 0.564221203327179, 24.749258041381836, 0.0, 0.0, 8.339200973510742, 24.749258041381836, 24.749258041381836, 24.749258041381836, 24.749258041381836, 24.749258041381836, 0.1392494579641758, 0.12316879504086448, 0.12112885923866147, 0.15319391544932126, 0.13079427378859834, 0.17496678274502353, 0.1486461699678792, 0.07089027278129119, 0.0974957142140582, 0.08319428873341549, 0.05409855163994249, 0.04065534439563898, 0.12581924181114001, 0.17137139425728237, 0.03667656756806954, 0.12623356052491366, 0.12000160718757324, 0.05893544056011056, 0.14909354751454507, 0.04140971601522612, 0.16551901994989587, 0.07119794336107048, 0.09174853262446783, 0.07832784087751157, 0.031693380830232945, 0.05848678408593206, 0.12916681507283423, 0.08138667696621328, 0.12261694434970254, 0.11987040482280309, 0.15023523707486192, 0.14603214143414567, 0.13847555408016252, 0.12671942942034106, 0.06830362698117681, 0.17044871061824132, 0.13794652587511536, 0.12405823422824215, 0.1438259018210669, 0.15814547126152242]"
A3JQUR31CLU4VK,"[0.04289596900343895, 0.0, -0.2881024181842804, -0.4179181754589081, 0.0011562765575945377, 0.0, -0.37502220273017883, -0.0434361957013607, -0.5065344572067261, 0.1298157423734665, 0.0, -0.04518008977174759, -0.46135440468788147, -0.5500180125236511, 0.08981994539499283, 0.04463985934853554, 0.0, 0.0, 0.08807605504989624, 0.0, -0.28466203808784485, 0.0, -0.8810164332389832, 0.0, -0.08691977709531784, 0.0, 0.0, -0.08691977709531784, -0.6248727440834045, -0.08691977709531784, -0.08691977709531784, -0.13209986686706543, 0.0, 0.0, -0.13209986686706543, 0.04463985934853554, 0.0, 0.0, 0.04289596900343895, -0.17553606629371643, 0.06600719744775871, 0.00811290186022172, 0.04208595764620809, 0.10845023968420568, 0.06495460969452378, 0.1008612515054203, 0.016186614840931392, 0.016684650792685735, 0.12701799836871247, 0.10867774059963817, 0.1090190830405588, -0.0010381135469433812, 0.06809784019505935, 0.10895921435046134, 0.0608585150452974, 0.08206843998132825, 0.12219534592268058, 0.046367969016038846, 0.035457703959785224, 0.0031760094555692594, 0.10945366762062457, 0.04090668517981443, 0.0741423977054076, -0.016794595015374284, 0.11426106695772194, 0.11245207749324793, 0.040090502673526214, 0.11673787786965577, 0.03392785797639596, 0.0927443626887612, 0.09337037098680138, 0.12596243782547348, 0.12695164079018117, 0.04180154306511259, 0.0355032607757526, 0.0912840310404877, 0.04284340728780212, -0.014169472709320022, 0.031190332726536575, 0.0017548418375125303]"
A3JVYLHH0TT4HT,"[0.0, 0.0, 0.0, 0.0, 0.012770668603479862, 0.0, 0.0, 0.0, 0.0, 0.0, 0.0, 0.012770668603479862, 0.0, 0.0, 0.0, 4.780041217803955, 0.0, 0.0, 0.0, 0.0, 0.0, 0.0, 0.0, 0.0, 0.0, 0.0, 0.0, 0.0, 0.0, 0.0, 0.0, 0.0, 0.0, 0.0, 0.0, 0.0, 0.0, 0.0, 0.0, 0.0, 0.10800372089547575, 0.09497441421642291, 0.1357783654154604, 0.0874755292885968, 0.10104485773841658, 0.05513647951650865, 0.0959870796118327, 0.14305473139902442, 0.07490218810163385, 0.09305308062097518, 0.06993701346506276, 0.11246380572201836, 0.07980988763956479, 0.11258782788001281, 0.16548044853700247, 0.12407461270684264, 0.15289839935514316, 0.07860208606550982, 0.13264177290617857, 0.0579578673078377, 0.15185550117360963, 0.16542764968618648, 0.12544963712820906, 0.05867433384961355, 0.04341662224069282, 0.05596821563970552, 0.0752305576947826, 0.16059587983960005, 0.049755734427449405, 0.15107673956632625, 0.08063164147351035, 0.13925248883563995, 0.09947169047066537, 0.0473467017070994, 0.1447778112071384, 0.10682366521431769, 0.16226297534172968, 0.09872378729745596, 0.04450584386117906, 0.06827999496971]"
A3JXCMOICECC61,"[19.799325942993164, 19.02883529663086, 13.016175270080566, 11.948100090026855, 19.799325942993164, 6.415328025817871, 19.799325942993164, 12.409177780151367, 8.234391212463379, 19.550447463989258, 0.0, 19.799325942993164, 19.799325942993164, 19.74571990966797, 19.799325942993164, 19.799325942993164, 13.135120391845703, 10.443253517150879, 19.799325942993164, 2.2405412197113037, 19.799325942993164, 12.066452026367188, 19.799325942993164, 3.8302290439605713, 19.799325942993164, 0.0, 0.0, 12.613507270812988, 14.196561813354492, 9.82650375366211, 7.064350128173828, 19.799325942993164, 0.0, 0.0, 11.948100090026855, 19.799325942993164, 14.607694625854492, 7.141270637512207, 19.799325942993164, 19.74571990966797, 0.0648807468655367, 0.1469511524755499, 0.1494046656861281, 0.17209462852831198, 0.07013794528525255, 0.10617276790708259, 0.09557159824908323, 0.1302816791737742, 0.08181369595805096, 0.09398950450905533, 0.042386238420608964, 0.13101479540229752, 0.16746737662645764, 0.15418442420753684, 0.14264204107774756, 0.057940986688523294, 0.056968193276847844, 0.13215902528529752, 0.07370828348706455, 0.04570999441990956, 0.14982832551632988, 0.06346583492540932, 0.07634481945165648, 0.10649398254704741, 0.06377885476844362, 0.16319491770263767, 0.049221664909753, 0.07146128137552957, 0.09657008489314037, 0.11553694903265654, 0.12241150600287645, 0.17047664591135198, 0.08902520949205665, 0.1687003337245508, 0.04103736272025659, 0.11220943719991608, 0.0820134363146907, 0.05540476379842517, 0.1266202173800204, 0.04909617038883095]"
A3KALVNW1WOI19,"[0.9121789932250977, 0.9121789932250977, 0.0, 0.9121789932250977, 1.9495248794555664, 0.0, 1.9495248794555664, 0.0, 0.9121789932250977, 1.9495248794555664, 0.0, 0.9121789932250977, 0.9121789932250977, 0.9121789932250977, 1.9495248794555664, 1.9495248794555664, 1.9495248794555664, 0.9121789932250977, 0.9121789932250977, 0.9121789932250977, 1.9495248794555664, 1.9495248794555664, 1.9495248794555664, 1.0373460054397583, 0.9121789932250977, 0.0, 0.0, 0.9121789932250977, 0.0, 1.9495248794555664, 0.0, 0.9121789932250977, 0.0, 0.0, 0.9121789932250977, 0.0, 0.9121789932250977, 1.9495248794555664, 1.9495248794555664, 0.9121789932250977, 0.04421088670195835, 0.05930800726931096, 0.07190139553370878, 0.17781064318706, 0.13947055648433762, 0.08528514952989338, 0.045592437634178334, 0.0461417760682983, 0.15341947127212016, 0.16518438991171064, 0.11680948040863434, 0.17885070649882778, 0.14383180535795861, 0.1359328468201795, 0.14539033040267133, 0.16503907702898427, 0.056210575360903355, 0.15752471818180974, 0.062308488599224665, 0.12180391946005553, 0.04663265944471216, 0.15786722274131681, 0.04015060977226901, 0.11713175922506162, 0.17456827827838886, 0.17960574084590122, 0.171765767934913, 0.1292430910261061, 0.052135480757247006, 0.08622636172440314, 0.10664796352612739, 0.0782003601388257, 0.16209253954639846, 0.14966842433304603, 0.05653845127444651, 0.06676731016997244, 0.09815500708671022, 0.12346957652663297, 0.06390941105919742, 0.04078546667841488]"
A3KHIT48AYHC0L,"[1.3308746814727783, 1.3308746814727783, 0.0, 0.7486639022827148, 1.3308746814727783, 0.0, 1.3308746814727783, 0.7486639022827148, 0.5822107791900635, 1.3308746814727783, 0.7486639022827148, 1.3308746814727783, 0.7486639022827148, 1.3308746814727783, 1.3308746814727783, 1.3308746814727783, 1.3308746814727783, 1.3308746814727783, 1.4973278045654297, 0.5822107791900635, 1.3308746814727783, 0.5822107791900635, 1.4973278045654297, 0.0, 1.4973278045654297, 0.0, 0.0, 0.7486639022827148, 0.7486639022827148, 0.5822107791900635, 0.16645312309265137, 1.3308746814727783, 0.7486639022827148, 0.0, 0.7486639022827148, 0.0, 0.5822107791900635, 1.3308746814727783, 1.3308746814727783, 1.3308746814727783, 0.1184254851991438, 0.1523713781533382, 0.12698098832964044, 0.12597828627129212, 0.12830702258976254, 0.051838553663361694, 0.14821246564189333, 0.14230077670904137, 0.1345720501308132, 0.08458277181782521, 0.11161327231536616, 0.05877293944315582, 0.16309116166091026, 0.07033786776301013, 0.028845353543248346, 0.03039078997220369, 0.037860305583393025, 0.11025511581291667, 0.02537192769367008, 0.15369921850247442, 0.12855211628638322, 0.04474031211088942, 0.16216407850240935, 0.05207232749227817, 0.04464429370328704, 0.0409143726955188, 0.07136297582362217, 0.08773528837463952, 0.08446004207307352, 0.08427776279028007, 0.14908056635252015, 0.02618348265209121, 0.02120981689324543, 0.13656365963953293, 0.02856180324055328, 0.06223101412342609, 0.114785108654532, 0.06816792013190522, 0.08890207066642934, 0.048607419722472366]"
A3KL6I6EWV0MF6,"[9.640990257263184, 8.94268798828125, 5.505186080932617, 1.3693822622299194, 9.640990257263184, 0.6710789203643799, 9.640990257263184, 4.135804176330566, 0.0, 8.94268798828125, 4.135804176330566, 19.281980514526367, 5.821111679077148, 9.640990257263184, 9.640990257263184, 9.640990257263184, 8.94268798828125, 5.821111679077148, 9.640990257263184, 0.0, 9.640990257263184, 4.135804176330566, 9.640990257263184, 4.135804176330566, 8.626761436462402, 0.0, 1.0142288208007812, 5.505186080932617, 5.505186080932617, 1.6853077411651611, 1.6853077411651611, 9.640990257263184, 5.1500325202941895, 0.0, 0.6983032822608948, 3.819878339767456, 4.135804176330566, 8.626761436462402, 9.640990257263184, 9.956915855407715, 0.12923736710447437, 0.14495462064956188, 0.10220492985983955, 0.171516832916927, 0.1137022968988132, 0.1615074963702161, 0.1355389127622515, 0.0917629100539804, 0.127926977956556, 0.1743428439700541, 0.07084551126649061, 0.1606793122625577, 0.027903332967295663, 0.027158913852659426, 0.07523152691521993, 0.17176889973182186, 0.11850106240756467, 0.12067267556383898, 0.10273803298585032, 0.1517492997459257, 0.04512927799216221, 0.11576130629477803, 0.09641565163442975, 0.14587744890467416, 0.05822878760316777, 0.1181162616057815, 0.15442793809610983, 0.048452571237669356, 0.08892897043809028, 0.07509976725107868, 0.10151106225056551, 0.13477945543633704, 0.049668289207441985, 0.14558303152098634, 0.13833542192027026, 0.05957709356588569, 0.10488947245195224, 0.1692219212209484, 0.07598578811324654, 0.06479271604913432]"
A3KRACVKGYH453,"[24.749473571777344, 24.749473571777344, 24.749473571777344, 13.842877388000488, 24.749473571777344, 0.5989992022514343, 24.749473571777344, 17.768329620361328, 13.243876457214355, 24.749473571777344, 5.6287736892700195, 17.978700637817383, 24.749473571777344, 24.749473571777344, 24.749473571777344, 24.749473571777344, 24.749473571777344, 5.6287736892700195, 24.749473571777344, 0.5989992022514343, 24.749473571777344, 24.749473571777344, 24.749473571777344, 12.349925994873047, 24.749473571777344, 0.5989992022514343, 0.5989992022514343, 24.749473571777344, 17.683748245239258, 13.547924995422363, 13.547924995422363, 24.749473571777344, 4.7348222732543945, 0.0, 13.547924995422363, 24.749473571777344, 12.139554977416992, 17.379701614379883, 24.749473571777344, 24.749473571777344, 0.08086609326729605, 0.10378586731507539, 0.0505560066474772, 0.05749739688335544, 0.17214258798736648, 0.15865039982009704, 0.1001278253228283, 0.08539476190794168, 0.12192895965141373, 0.1147682903193862, 0.12707375804720034, 0.1355487330239029, 0.07523451657054424, 0.16904734142217162, 0.04616543203180226, 0.1507932746687666, 0.17518852149623274, 0.07593744152669263, 0.0998861943038419, 0.08562269104603938, 0.10742610597797626, 0.15442442007504495, 0.16333870234167563, 0.08830488041221451, 0.15497953536627126, 0.03112277103680076, 0.06917441525026724, 0.10882775236222546, 0.08180539995033184, 0.10813382996260833, 0.09824399378141682, 0.11682149612933995, 0.09226352820594892, 0.07554746670216743, 0.1670513135580255, 0.050862230861395824, 0.17247591063248113, 0.11013362657038239, 0.08581446830359167, 0.08651037226813421]"
A3KXVT8LE6X9LR,"[1.433907389640808, 0.7840617299079895, 0.6498456001281738, -1.201683521270752, 1.433907389640808, 0.0, 1.433907389640808, 0.0, 0.0, 0.0, 0.7840617299079895, 0.7840617299079895, 0.0, 0.0, -1.201683521270752, 0.7840617299079895, 1.433907389640808, 0.6498456001281738, 0.0, 0.0, 0.0, 0.7840617299079895, 0.0, 0.0, 1.433907389640808, 0.0, 0.0, 0.0, 0.6498456001281738, 0.0, 0.0, 0.7840617299079895, 0.0, 0.0, 0.6498456001281738, 0.0, 0.0, 0.0, 1.433907389640808, 0.0, 0.11363476666182482, 0.1430938761605657, 0.05772068931523737, 0.14457114586531322, 0.11529639090918202, 0.13865501516669454, 0.072439832903386, 0.03328576074691888, 0.10488875838947805, 0.12948357950702322, 0.14779052456489677, 0.05008907452031309, 0.026577167549792228, 0.08483568740490194, 0.09574810506656888, 0.13369955870176645, 0.11233960708416169, 0.10403266732879894, 0.13072387872247207, 0.1356155742401152, 0.09340771523720409, 0.05453939788013641, 0.07936493152711731, 0.017727362198830827, 0.12350740597999868, 0.015010678370405078, 0.11547329148294601, 0.033971174422582504, 0.09994971886178407, 0.08717477042454895, 0.0840722208392119, 0.08742413187433394, 0.12329303547374289, 0.05861297103014825, 0.021000637800559774, 0.1600056739198584, 0.1107353938675322, 0.14451241287327607, 0.11464278682377137, 0.12025536005881633]"
A3L1JSXB4OXOD9,"[13.091607093811035, 13.091607093811035, 3.3086647987365723, 0.0, 13.091607093811035, 0.0, 13.091607093811035, 9.782942771911621, 0.0, 13.091607093811035, 9.782942771911621, 13.091607093811035, 3.3086647987365723, 13.091607093811035, 9.85446834564209, 13.091607093811035, 13.091607093811035, 6.545803546905518, 13.091607093811035, 0.0, 9.85446834564209, 3.3086647987365723, 9.85446834564209, 3.3086647987365723, 9.85446834564209, 0.0, 0.0, 3.3086647987365723, 6.545803546905518, 0.0, 0.0, 13.091607093811035, 6.545803546905518, 0.0, 0.0, 3.3086647987365723, 6.545803546905518, 9.85446834564209, 13.091607093811035, 13.091607093811035, 0.1216710885286217, 0.11935582434708993, 0.12377358426774611, 0.112015272223033, 0.07885960394375965, 0.1208929922653169, 0.07872466341022429, 0.17152275727384952, 0.11172294184841121, 0.07766108315396346, 0.058954322856972066, 0.08555188472858356, 0.13266739510795597, 0.09126294351068771, 0.08599548668817557, 0.08431346310697423, 0.0941388266354844, 0.082959854591878, 0.08513455127252002, 0.13128538556701316, 0.1395326082643566, 0.16842694559866986, 0.1211063849258022, 0.1686490414401219, 0.06430725925902853, 0.08200802316030993, 0.13042022904041614, 0.10024930158570915, 0.06278974490401963, 0.16221318030536225, 0.0932261921470194, 0.17023950249994105, 0.09545338425082295, 0.14611824973479312, 0.14989665900290952, 0.05126601897236585, 0.03378950762196268, 0.1008766966769995, 0.1600157033139172, 0.05024499800789113]"
A3L3SRE6L8IFHH,"[19.799312591552734, 19.799312591552734, 19.799312591552734, 5.906135082244873, 19.799312591552734, 0.0, 19.799312591552734, 0.44226714968681335, 0.0, 19.799312591552734, 15.057723999023438, 19.799312591552734, 19.799312591552734, 19.799312591552734, 19.799312591552734, 19.799312591552734, 19.799312591552734, 15.057723999023438, 19.799312591552734, 0.0, 19.799312591552734, 14.615457534790039, 19.799312591552734, 0.0, 19.799312591552734, 14.615457534790039, 0.0, 19.799312591552734, 15.057723999023438, 0.0, 14.615457534790039, 19.799312591552734, 0.44226714968681335, 0.0, 19.799312591552734, 19.799312591552734, 19.799312591552734, 19.799312591552734, 19.799312591552734, 19.799312591552734, 0.06063793006330925, 0.15474029156394406, 0.1728129924986288, 0.17064118293727262, 0.11810300465829103, 0.07131657499099614, 0.048384091119618826, 0.10591947172371735, 0.05265799157748538, 0.17104097378212557, 0.11008783142896425, 0.070959846771654, 0.06551300343214791, 0.05687965284933502, 0.16134583579749182, 0.11849162722669375, 0.1425343418576803, 0.0362695567924382, 0.1154639169121289, 0.03490652441154234, 0.0646055268551789, 0.04209107176559874, 0.05183408958695806, 0.17635450436333686, 0.03247134154944776, 0.16144332835024316, 0.12912798391496144, 0.052021095919601294, 0.08487938983179749, 0.09277682581167092, 0.08783315139122463, 0.08098434210266935, 0.07345137514578917, 0.14197650679921892, 0.05036496977922221, 0.056951891376153634, 0.0723758947517023, 0.11462691540863656, 0.058052393742219065, 0.06194407126262916]"
A3L40OCWS1W7R7,"[5.595305919647217, 7.127137184143066, -1.5318310260772705, -1.5318310260772705, 7.127137184143066, 0.0, 5.595305919647217, 7.127137184143066, 0.0, 7.127137184143066, 0.0, 7.127137184143066, -1.5318310260772705, 5.595305919647217, 5.595305919647217, 5.595305919647217, 5.595305919647217, 5.595305919647217, 5.595305919647217, 0.0, 7.127137184143066, 5.595305919647217, 5.595305919647217, 0.0, 5.595305919647217, 0.0, 0.0, 0.0, -1.5318310260772705, 0.0, -1.5318310260772705, 7.127137184143066, 0.0, 0.0, -1.5318310260772705, -1.5318310260772705, 5.595305919647217, 7.127137184143066, 5.595305919647217, 5.595305919647217, 0.06870050488194696, 0.16978806888745024, 0.04796433861320774, 0.11289114098060524, 0.11822257806522997, 0.09598333140482065, 0.08649994397733173, 0.06018711040526828, 0.039668532211890095, 0.14810534220285917, 0.09122181675604453, 0.0329713489395248, 0.16506837582846212, 0.09844809224943828, 0.035477611362147984, 0.15293906944514285, 0.07316703194141176, 0.16306475632420972, 0.06117732616192683, 0.11449960771108739, 0.05997286224428939, 0.10733037929774379, 0.019552792905061036, 0.06712462567213635, 0.15283427698054855, 0.08513136408929865, 0.15949851802259185, 0.10149860425045712, 0.04446506552380721, 0.10821963461865601, 0.12708698506365165, 0.13503382976685863, 0.16502561493361373, 0.03284737108669719, 0.15609840884874485, 0.06469963066468798, 0.09792654239120613, 0.02512180380024953, 0.13245374589753312, 0.10955577887160656]"
A3LGZDAVZSFO0M,"[-0.3183033764362335, 0.3064236044883728, 0.7754514813423157, -1.4874204397201538, -0.3014489412307739, -0.8795478343963623, 1.729841709136963, 0.04610832780599594, -1.4874204397201538, -0.4110397696495056, -0.8795478343963623, -0.8334394693374634, 0.12147056311368942, 0.6534611582756042, -0.8334394693374634, 1.8225781917572021, -1.4413120746612549, -0.36441168189048767, -1.4413120746612549, -0.8795478343963623, 0.8215597867965698, -0.8334394693374634, -0.8334394693374634, 0.0, -0.8334394693374634, 0.0, -0.8795478343963623, 0.3064236044883728, 0.636606752872467, 1.0010184049606323, -0.8795478343963623, -0.8334394693374634, 0.0, 0.0, -0.8795478343963623, 0.12147056311368942, -0.8334394693374634, -0.8795478343963623, 0.7288233637809753, -0.44029366970062256, 0.08354191486481184, 0.1464890737287844, 0.08348512719637992, 0.10667417902073427, 0.12800161632947324, 0.15646372390284846, 0.09074024930586048, 0.10019956677454285, 0.1052380544327914, 0.13877105460961278, 0.02417194460860823, 0.12781551375306385, 0.14723204765046397, 0.060731397642465275, 0.1216453977440717, 0.14155231208211644, 0.0289729752157604, 0.020576233567481055, 0.16479299207916545, 0.11398135704470194, 0.15859428903767747, 0.06714137108051903, 0.06653288193064232, 0.11753188241307838, 0.1416397982954741, 0.1311937111326661, 0.08946928339383636, 0.1550003169651925, 0.1350091946446108, 0.13376341532415706, 0.10470905492856557, 0.06486707399690703, 0.07324658345546647, 0.10735930998494936, 0.08680736417178507, 0.07620794778999908, 0.09344462241780079, 0.16574053906408903, 0.11645667656508758, 0.14638986389679096]"
A3LM35KSFBVPOS,"[1.694919466972351, 1.9835975170135498, 2.1783759593963623, -2.0094358921051025, -0.33347463607788086, -1.7207579612731934, 1.639233112335205, -2.329125165939331, 0.35166552662849426, 1.639233112335205, 2.4860122203826904, 2.1119484901428223, 4.1843719482421875, 1.823270320892334, 4.1843719482421875, 1.9835975170135498, 4.1843719482421875, 2.4860122203826904, -0.37750402092933655, 0.4800163805484772, 4.1843719482421875, 1.7056607007980347, -0.15074914693832397, 1.6983596086502075, 1.9835975170135498, 0.0, 0.4800163805484772, 2.1783759593963623, 2.197334051132202, -2.3611016273498535, 0.4800163805484772, 1.639233112335205, 0.0, -0.1283508688211441, 2.614363193511963, 1.7056607007980347, 1.9835975170135498, 4.312723159790039, 1.9835975170135498, 4.1843719482421875, 0.13340954136443686, 0.046086319285130344, 0.11480134176501287, 0.04268373039972641, 0.07764092928727771, 0.08077195658123457, 0.02094837412872264, 0.038740504721228336, 0.02690839446900068, 0.09855562573591897, 0.07112466161873703, 0.10252930211976777, 0.04475081157138014, 0.14316434477180334, 0.16143723991152592, 0.09919142017453302, 0.12162144415493266, 0.11985963096640324, 0.12372469710940735, 0.021550505254660443, 0.047780940721082125, 0.07971237753121123, 0.08473904071232852, 0.12715023572077677, 0.05010277745264748, 0.1357537902965341, 0.027444912000082443, 0.10906712588030028, 0.06033365929988502, 0.06308741918501316, 0.1059042962346104, 0.049591953744382286, 0.020280144009702333, 0.06463377500294112, 0.11754583926328255, 0.11996814020364785, 0.12454794949809125, 0.09504387697071406, 0.1447980087227874, 0.12588150190189426]"
A3LR34UDLT38PG,"[9.113431930541992, 9.113431930541992, 7.444477081298828, 1.6689552068710327, 9.113431930541992, 0.0, 9.113431930541992, 0.0, 1.6689552068710327, 9.113431930541992, 0.0, 9.113431930541992, 7.444477081298828, 9.113431930541992, 7.444477081298828, 9.113431930541992, 7.444477081298828, 0.0, 9.113431930541992, 0.0, 9.113431930541992, 9.113431930541992, 9.113431930541992, 7.444477081298828, 9.113431930541992, 0.0, 0.0, 7.444477081298828, 0.0, 0.0, 0.0, 9.113431930541992, 0.0, 0.0, 0.0, 9.113431930541992, 9.113431930541992, 7.444477081298828, 9.113431930541992, 9.113431930541992, 0.07955968354643711, 0.04651804205338911, 0.034176690300199014, 0.10875450004856649, 0.14007712297174701, 0.028239027416336382, 0.056111217610159435, 0.036850956809711115, 0.04833759377861547, 0.0315537653970143, 0.05861032977871914, 0.0975520075537694, 0.06236219301601167, 0.08599956116368344, 0.11839170678335934, 0.05059734510901436, 0.1409460529795309, 0.0480173225626229, 0.15090806075255692, 0.15155679450049359, 0.09054970085667452, 0.03099410025590386, 0.026818329345275425, 0.09603425249696296, 0.14021994525711784, 0.05512226311006004, 0.12359589007632324, 0.15688828613796904, 0.11576708491762042, 0.04829685276231704, 0.1192962671982268, 0.07038053520549058, 0.08258613343604784, 0.06811123950352463, 0.09420633330895319, 0.07873085192717773, 0.14386742118871276, 0.09698767096492085, 0.16657470822746248, 0.0568822111792255]"
A3M3CQS3287AEO,"[7.640562534332275, 5.940651893615723, 5.002416610717773, 0.46539777517318726, 6.9527082443237305, 1.68858003616333, 7.0420732498168945, 6.145969390869141, 0.4913504719734192, 4.549302577972412, 0.0, 6.849021911621094, 6.904050350189209, 6.658408164978027, 6.187175750732422, 7.84235954284668, -0.10825395584106445, 6.352739334106445, 7.31390380859375, 0.25366100668907166, 7.608473300933838, 0.3158939480781555, 2.9259464740753174, 0.0, 1.425201177597046, 0.12429268658161163, 1.3612470626831055, 6.0122785568237305, 5.851414680480957, 1.284012794494629, 5.659914970397949, 6.317716598510742, 0.7496829628944397, 0.0, 2.6663737297058105, 0.6282708644866943, 5.964255332946777, 1.0972408056259155, 7.191072940826416, 3.049154758453369, 0.15578039716496497, 0.1166251802351453, 0.08018788118813172, 0.011769570293513068, 0.1373697090370378, 0.1284532094322007, 0.04024694142276883, 0.06662920266881076, 0.05272500934021704, 0.014351505058190045, 0.04499996486495237, 0.07097331716830099, 0.019080886448541973, 0.04789905067078416, 0.08798194129339902, 0.032333319844548854, 0.1370957921038202, 0.08057541059651165, 0.09249325991763041, 0.12144267245350862, 0.13258582177060804, 0.10467153552714313, 0.10225801906044948, 0.12578954832443903, 0.11858910942066113, 0.0440896840384166, 0.1032733012772885, 0.13905062832085902, 0.04471061096249581, 0.01491429211998124, 0.01965880586146264, 0.13326903624789485, 0.04281542073199897, 0.13834875475520084, 0.10039437893705541, 0.11201673802680467, 0.11981490618351165, 0.012628212703203263, 0.08383871931859864, 0.09008654821917247]"
A3M6TSEV71537G,"[4.466695308685303, 3.715747594833374, 5.079554557800293, 2.889761209487915, 5.701999664306641, 0.17878197133541107, 5.38095760345459, 0.5453144311904907, 0.2440185844898224, 1.223928451538086, 0.4712825119495392, 3.8650176525115967, 4.30228328704834, 3.2215750217437744, 5.5352277755737305, 2.0063133239746094, 1.3491426706314087, 2.96218204498291, 3.20192289352417, 0.3293260931968689, 3.3764595985412598, 0.225661963224411, 3.099330425262451, 0.0, 3.397338390350342, 0.17878197133541107, 0.6902962923049927, 2.1332600116729736, 4.3949432373046875, 1.4509754180908203, 4.017931938171387, 5.168600559234619, 0.6418142914772034, 0.08015985786914825, 5.765194416046143, 0.9725250005722046, 1.7002589702606201, 1.284339189529419, 6.487771987915039, 7.0901336669921875, 0.12609387035025416, 0.09364574118163643, 0.05007408257891959, 0.10648150184569698, 0.10167340858711438, 0.1521988378850642, 0.1300520759039254, 0.051026986225359276, 0.02083054502768331, 0.0701220574064388, 0.027582796373250205, 0.047855074039057435, 0.04659034837836431, 0.03336156781837746, 0.034257156007569504, 0.06519661955877619, 0.10221822861635114, 0.09272168285961399, 0.10331067827580573, 0.06607403850641269, 0.13804264682583947, 0.04266883152366812, 0.02855054766578902, 0.08629799169351267, 0.07561747952357056, 0.010023431867306238, 0.1476525927140892, 0.1347366372161719, 0.08319185092387905, 0.013936760889533982, 0.10967045273755567, 0.03585137252356989, 0.050148793615377246, 0.1427474000171302, 0.054621509163104716, 0.06663452409899812, 0.0241569566635358, 0.08349733734244719, 0.13625650590112862, 0.15017701434241332]"
A3MWSMK06UU6BZ,"[5.765282154083252, 5.765282154083252, 6.498706817626953, 0.7334247827529907, 5.765282154083252, 0.7334247827529907, 12.997413635253906, 0.0, 0.0, 5.765282154083252, 0.0, 5.765282154083252, 12.263989448547363, 5.765282154083252, 5.765282154083252, 12.997413635253906, 6.498706817626953, 0.0, 12.263989448547363, 0.0, 12.263989448547363, 5.765282154083252, 6.498706817626953, 5.765282154083252, 11.530564308166504, 0.0, 0.0, 6.498706817626953, 0.7334247827529907, 0.7334247827529907, 1.4668495655059814, 12.263989448547363, 0.0, 0.0, 0.7334247827529907, 12.263989448547363, 5.765282154083252, 5.765282154083252, 12.263989448547363, 6.498706817626953, 0.15323646020535295, 0.03914994797037173, 0.03960790450469081, 0.11426622221040336, 0.08748850762259187, 0.14256608258951503, 0.08541878847191492, 0.13873476830679346, 0.1383386959848468, 0.07126205690338094, 0.16975127623539518, 0.1668507201171522, 0.1631199004368414, 0.12346516634231333, 0.030555446371788433, 0.04241012423967343, 0.06475465278866721, 0.10783484153698657, 0.08033096646529617, 0.07713442254683171, 0.09615467263696378, 0.028758130663609736, 0.16720887270456483, 0.14107640396007418, 0.05880903074212832, 0.07577489002414949, 0.13927485162522243, 0.028801030072036538, 0.13887838838541566, 0.13773919841179694, 0.062064900398380835, 0.07661478625863748, 0.1528232956620691, 0.030914088265852843, 0.08537784708895392, 0.13588878078668853, 0.13094270128201874, 0.05840528137441604, 0.07549584992869267, 0.11431242969015545]"
A3N20YR4PHW97O,"[6.3733415603637695, 3.0205729007720947, -1.4678727388381958, -0.33219558000564575, 3.0205729007720947, -1.4678727388381958, 6.3733415603637695, 0.0, -0.33219558000564575, 6.3733415603637695, 0.0, 1.1356770992279053, -0.33219558000564575, 3.0205729007720947, 3.0205729007720947, -0.33219558000564575, 3.0205729007720947, -0.33219558000564575, -0.33219558000564575, 1.1356770992279053, 3.0205729007720947, 3.0205729007720947, -0.33219558000564575, 0.0, 6.3733415603637695, 0.0, 0.0, 3.0205729007720947, 1.8848960399627686, -0.33219558000564575, -1.4678727388381958, 3.0205729007720947, 0.0, 0.0, -0.33219558000564575, 5.237665176391602, 1.1356770992279053, 1.1356770992279053, 6.3733415603637695, -0.33219558000564575, 0.16742355585811294, 0.15336970068022687, 0.06402178205665728, 0.16318110106020153, 0.05778902476219649, 0.13355881406037223, 0.17284445069663334, 0.0710227306820703, 0.14924666740399767, 0.10682972067112038, 0.0986459675576457, 0.11930251834813298, 0.15471018280498194, 0.09661050606634919, 0.09082367518744562, 0.14826558521698766, 0.17034034715438298, 0.12329447619731315, 0.0339418370869836, 0.06364422698039855, 0.09974969023233611, 0.12438386455138707, 0.13867750374982596, 0.17160988795708257, 0.05719658034808411, 0.09103308354004318, 0.03959540902055337, 0.03525931377039462, 0.1031207692968593, 0.16071954502069918, 0.04783654575346822, 0.0942390146853665, 0.1328510997332112, 0.11807123508788127, 0.10919516959954458, 0.06258495971334031, 0.1622205163163636, 0.1596712717628036, 0.16044016354804805, 0.13825960204437712]"
A3N6811PDY2QM3,"[0.0, 0.39683347940444946, 0.0, 0.39683347940444946, 0.39683347940444946, 0.0, 0.39683347940444946, 0.0, 0.0, 2.4110467433929443, 0.0, 0.39683347940444946, 0.0, 0.0, 0.39683347940444946, 0.0, 0.0, 0.0, 0.0, 0.0, 0.0, 0.0, 0.0, 0.0, 0.39683347940444946, 0.0, 0.0, 0.0, 0.0, 0.0, 0.0, 0.0, 0.0, 0.0, 0.0, 0.0, 0.0, 0.39683347940444946, 0.39683347940444946, 0.0, 0.10700108191747552, 0.07493232706415734, 0.07399492015171738, 0.1493098905180228, 0.11660624511121079, 0.11453410193916116, 0.049843279900991334, 0.051221630593878326, 0.14929002285807488, 0.08181865816790082, 0.07683060481374038, 0.10268522169805946, 0.0639681350287106, 0.14117927403814276, 0.046107638911377355, 0.13150574268795406, 0.09619126140420504, 0.05218308895763308, 0.08133798535008077, 0.13243957695328706, 0.05376319829723465, 0.16338787336062116, 0.03012145121918832, 0.06955550581999174, 0.04779035249646029, 0.17438019127192558, 0.14777090088957875, 0.1535747512904453, 0.14922877526550848, 0.08945592146127782, 0.05264890985364924, 0.15567318613159206, 0.062299457355310416, 0.12796281920427213, 0.10518166918341061, 0.030207459892755223, 0.13372947122877693, 0.14090693811744967, 0.03695804498448625, 0.16795301825985667]"
A3N81O636W6H9A,"[13.552382469177246, 13.552382469177246, 13.552382469177246, 13.552382469177246, 13.552382469177246, 0.0, 13.552382469177246, 9.883989334106445, 13.552382469177246, 13.552382469177246, 1.0817850828170776, 13.552382469177246, 13.552382469177246, 13.552382469177246, 13.552382469177246, 13.552382469177246, 13.552382469177246, 13.247621536254883, 13.552382469177246, 1.0592881441116333, 13.552382469177246, 11.23099422454834, 13.552382469177246, 0.0, 13.552382469177246, 0.1144498735666275, 0.9673351049423218, 13.552382469177246, 13.552382469177246, 13.552382469177246, 13.552382469177246, 13.552382469177246, 0.0, 0.0, 13.552382469177246, 13.552382469177246, 13.552382469177246, 9.83015251159668, 13.552382469177246, 13.552382469177246, 0.052020755106756446, 0.06617953887840924, 0.04160459439039743, 0.04748257706737633, 0.12581565730151817, 0.1299880077315354, 0.04580875043207143, 0.07255306352718058, 0.035841975307925614, 0.07781135754923364, 0.10290426300780793, 0.12580359243095413, 0.11491598249467595, 0.13827690682009464, 0.16151288012022247, 0.023449060519431457, 0.10082935121250194, 0.16585186061119292, 0.1462722551432943, 0.02270065173448115, 0.0993689475426182, 0.13506057232991492, 0.11173443447430341, 0.16547563920796163, 0.09859178140921418, 0.13480300115374091, 0.08441256563815347, 0.1627106709219114, 0.03977799822422728, 0.08791025252367711, 0.14719813250001898, 0.08780923938585854, 0.16209201859008826, 0.0886893946135094, 0.06352418155691089, 0.03206518493804466, 0.16208594698762824, 0.14533262941910335, 0.13849148760132013, 0.06969743215863905]"
A3NFELIADJMJKJ,"[13.87524700164795, 14.254358291625977, -0.37910836935043335, -0.37910836935043335, 13.87524700164795, 0.0, 13.87524700164795, 14.254358291625977, 0.0, 14.254358291625977, 0.0, 13.87524700164795, 0.0, 13.87524700164795, 13.87524700164795, 13.87524700164795, 14.254358291625977, 14.254358291625977, 13.49614143371582, 0.0, 13.87524700164795, 14.254358291625977, 13.87524700164795, 0.0, 13.87524700164795, 0.0, 0.0, -0.37910836935043335, -0.7582167387008667, 0.0, 0.0, 27.7504940032959, 0.0, 0.0, -0.37910836935043335, -0.37910836935043335, 14.254358291625977, 13.87524700164795, 13.87524700164795, 14.254358291625977, 0.0654383068156189, 0.11581250083568677, 0.1353550276160899, 0.09269160524087308, 0.08165012921542365, 0.12312308972061166, 0.07078989203727136, 0.03545863652467283, 0.15746959394129856, 0.09665200036596534, 0.07529677099291805, 0.07839837566804164, 0.1004222812668896, 0.14711979540493117, 0.05939645407052994, 0.14745470626472404, 0.13706148540736965, 0.10090140332024085, 0.1526536803819124, 0.11033790563609759, 0.09563560308793008, 0.1261122408800948, 0.13915532696032146, 0.11248138153786798, 0.1777301550987241, 0.15476353198603796, 0.14566733723458483, 0.18177450475724413, 0.13391645116851045, 0.12276376625158247, 0.0675425810277571, 0.1304165356337292, 0.16840450418532998, 0.10095883732987408, 0.05525242114584523, 0.03501642318806173, 0.057084208987524254, 0.04759370003965477, 0.08306821956160695, 0.08523739203570559]"
A3NFZN1GS1RKR9,"[-0.39361572265625, 1.5771359205245972, -0.574088990688324, -0.9241456389427185, -0.9241456389427185, 0.0, 4.608947277069092, 2.194783926010132, 0.0, 1.6206949949264526, 0.0, -0.9241456389427185, 1.5771359205245972, -0.9241456389427185, -0.9241456389427185, 1.8011682033538818, -0.9241456389427185, 1.5771359205245972, -0.9241456389427185, 0.0, -0.9241456389427185, 0.0, -0.9241456389427185, 0.0, -0.9241456389427185, 0.0, 0.0, -0.9241456389427185, -0.574088990688324, -0.574088990688324, -0.39361572265625, 2.1512248516082764, 0.0, 0.0, -0.574088990688324, -0.574088990688324, 0.0, -0.574088990688324, -0.39361572265625, -0.9241456389427185, 0.08714209057622406, 0.047593896288420756, 0.030826007873366364, 0.15765564753610434, 0.06446879751073199, 0.15982150261497358, 0.05719630660099677, 0.12853464597936257, 0.04819540169370322, 0.09925875353723367, 0.0510368164247748, 0.08882414045532475, 0.060365312460541935, 0.061912127505543764, 0.11076201248970734, 0.14596629755062884, 0.12255774621600196, 0.14740318764638785, 0.10168157646685397, 0.10205068684313391, 0.06912375872965501, 0.0602620970413631, 0.11396047939196927, 0.16137673915591, 0.04980914280212903, 0.11219990793606487, 0.08060171252672427, 0.05048752428274765, 0.055777888906228, 0.15380327568910207, 0.1587220174667292, 0.11421313011972736, 0.12307018776797335, 0.08687110023800378, 0.18175534810460447, 0.1505328386067823, 0.152547380715864, 0.13723579790078672, 0.16124167886242552, 0.15444653086791976]"
A3NHDXMYFEBBG6,"[0.031390562653541565, 0.2549022436141968, -0.6378093957901001, -0.14257821440696716, -0.8400721549987793, 0.3753223419189453, 1.0445791482925415, 1.199770212173462, 0.266094833612442, 9.027536392211914, 0.3753223419189453, 8.96790885925293, 11.363075256347656, 0.21729043126106262, 2.086658239364624, 11.363075256347656, 0.2761511206626892, -0.24643667042255402, 8.907116889953613, 0.3753223419189453, 2.0511770248413086, 9.027536392211914, -0.9933032989501953, 0.0, -1.5214588642120361, 0.0, 0.3753223419189453, 1.561826229095459, 8.535202026367188, -0.22351165115833282, 1.0843782424926758, 0.23223285377025604, 0.0, 0.0, 3.338954448699951, 11.363075256347656, -1.0292104482650757, -0.24643667042255402, -0.2793612480163574, 11.363075256347656, 0.11479029206490468, 0.1411390702176571, 0.13078556372506686, 0.15569286060124002, 0.030593587792202944, 0.15947367097795176, 0.09760865366749641, 0.08213845939774804, 0.15317911209033394, 0.1490941068269412, 0.08171333781916093, 0.14648431855715002, 0.03527560692104673, 0.05496872755754968, 0.15840563038065594, 0.025235452111797108, 0.15655264104482303, 0.12990796150888886, 0.1227944166041678, 0.117471519469442, 0.1280339711563596, 0.021729681674650794, 0.12316628101671909, 0.03531461530590027, 0.1234050284135772, 0.1485746701406618, 0.1460178329367973, 0.07458197914077484, 0.02495653001623233, 0.16196242992785997, 0.05169462018483242, 0.09918269177481205, 0.07707630946414537, 0.14395392903638826, 0.05925397304744374, 0.03877213485889165, 0.1647290573706693, 0.08458570645937909, 0.020822059291970726, 0.09443359770621104]"
A3NHRIFQKCX2G4,"[8.08185863494873, 8.08185863494873, 4.912899017333984, 4.912899017333984, 8.88566780090332, 0.972105860710144, 8.88566780090332, 4.040929317474365, 1.8440757989883423, 8.88566780090332, 5.081194877624512, 8.08185863494873, 3.972769260406494, 8.08185863494873, 5.648549556732178, 8.88566780090332, 5.013034820556641, 4.844738960266113, 8.08185863494873, 0.972105860710144, 5.648549556732178, 2.647886037826538, 2.647886037826538, 0.803810179233551, 1.8440757989883423, 0.0, 0.972105860710144, 1.7759159803390503, 1.7759159803390503, 1.6757800579071045, 4.844738960266113, 8.08185863494873, 0.0, 0.0, 1.8440757989883423, 1.8440757989883423, 7.209887981414795, 2.647886037826538, 8.88566780090332, 8.150017738342285, 0.10253579035348012, 0.09318413618684145, 0.09096570516850018, 0.17203013748302806, 0.1623858615804054, 0.029504958010236032, 0.0814678929883736, 0.07382695399797695, 0.049960274439594034, 0.08776837418682105, 0.07840432740886112, 0.14184952780146706, 0.17258009068142927, 0.12414813043616109, 0.14502478912562483, 0.0717724310050537, 0.1475127517955472, 0.10772532165222197, 0.17368251586848105, 0.07004154732229519, 0.13617065215547383, 0.105653754190318, 0.11384701560482496, 0.07275049593142585, 0.17257006001449965, 0.05430023783014233, 0.07195496936248694, 0.10543928887506875, 0.08305344444221768, 0.07759001222739845, 0.02883930064502136, 0.07500508054112562, 0.12126872973531148, 0.14764967655604566, 0.09414444513944036, 0.11879344675100753, 0.041439762720378664, 0.1280129613202209, 0.16336296525831634, 0.0776972993684015]"
A3NM1MT3Q2FHXV,"[13.022518157958984, 13.022518157958984, 13.022518157958984, 13.022518157958984, 13.022518157958984, 3.3221652507781982, 13.022518157958984, 7.795957565307617, 10.398985862731934, 4.088179111480713, 3.6221420764923096, 12.761602401733398, 13.022518157958984, 13.022518157958984, 10.528305053710938, 12.345880508422852, 10.784217834472656, 13.022518157958984, 13.022518157958984, 2.9691901206970215, 12.882221221923828, 6.272268295288086, 13.022518157958984, -4.26725959777832, 13.022518157958984, 1.3470845222473145, 1.5651187896728516, 13.022518157958984, 12.488933563232422, 5.875807762145996, 4.608170509338379, 13.022518157958984, 0.6094912886619568, 0.0, 13.022518157958984, 11.564491271972656, 9.919137954711914, 5.783965587615967, 13.022518157958984, 13.022518157958984, 0.08526948499025785, 0.11190587515641814, 0.12981037200809983, 0.04413436392414176, 0.1468201285047341, 0.03251813615206891, 0.06029301060070788, 0.052586852046701084, 0.05985364316690679, 0.03795168372821993, 0.09901596213433284, 0.04803655605060461, 0.1404521558643489, 0.09259512988617469, 0.13770392428030115, 0.1522772838375244, 0.058976825658635525, 0.03917435190982235, 0.03026649561316083, 0.12680174391127141, 0.067743686446267, 0.09080902505116319, 0.10735291568025464, 0.0711032495409778, 0.06773756701696494, 0.05863623132190764, 0.12192251445409426, 0.05881023776661987, 0.036979667298189335, 0.13181991261019593, 0.0886257312332259, 0.015149438302178924, 0.07541879810468821, 0.014281449663979547, 0.1263354812385085, 0.144173507442292, 0.07588108827593297, 0.020584836920604335, 0.050401705776693895, 0.032649594020743106]"
A3NO4EO1AGK1XX,"[7.127176284790039, 6.23457145690918, 0.0, 0.0, 7.127176284790039, 0.0, 7.127176284790039, 7.127176284790039, 0.0, 7.127176284790039, 0.0, 7.127176284790039, 0.0, 7.127176284790039, 7.127176284790039, 7.127176284790039, 7.127176284790039, 7.127176284790039, 6.23457145690918, 0.0, 7.127176284790039, 7.127176284790039, 7.127176284790039, 0.0, 7.127176284790039, 0.0, 0.0, 0.0, 0.0, 0.0, 0.0, 7.050923824310303, 0.0, 0.0, 0.0, 7.089049816131592, 14.216226577758789, 7.127176284790039, 7.050923824310303, 7.127176284790039, 0.1389493718243182, 0.06342457397520923, 0.07976398422925385, 0.039780850856881926, 0.062170794535800405, 0.10757541660888076, 0.07814261209383788, 0.07504621707952544, 0.021693942679146323, 0.16506491830126424, 0.04425477122111577, 0.07967833923234566, 0.11880072420204599, 0.16679267362406405, 0.10467170921911993, 0.06921718854101892, 0.09855893681936966, 0.1416753906500559, 0.03185211363214112, 0.08472837697556082, 0.06292104734094293, 0.16699752444668084, 0.07748950648703823, 0.10442177390593438, 0.15894145262647416, 0.13332796356642634, 0.0767851643482903, 0.1285322661067282, 0.12857382821589275, 0.13790924019522408, 0.04020600546258047, 0.144146277828147, 0.0831031356225855, 0.12781315541683247, 0.07628985743018811, 0.06149128373155911, 0.058624444341975335, 0.10009352539900758, 0.06272847833498046, 0.10407073341648247]"
A3NXD25N4CDKXF,"[3.028820037841797, 6.057640075683594, 2.481497287750244, 0.5473230481147766, 3.028820037841797, 0.0, 3.028820037841797, 0.0, 0.5473230481147766, 6.057640075683594, 0.0, 6.057640075683594, 6.057640075683594, 6.057640075683594, 3.028820037841797, 3.028820037841797, 3.028820037841797, 0.5473230481147766, 6.057640075683594, 0.5473230481147766, 3.028820037841797, 6.057640075683594, 3.028820037841797, 2.481497287750244, 6.057640075683594, 0.0, 0.0, 6.057640075683594, 0.0, 3.576143503189087, 0.0, 3.028820037841797, 0.0, 0.0, 3.576143503189087, 5.510317802429199, 3.028820037841797, 3.028820037841797, 6.057640075683594, 6.057640075683594, 0.12067393255654207, 0.1044916183836692, 0.06965240050263966, 0.12412892026835953, 0.08859385034213911, 0.12947776693897564, 0.1284542850496097, 0.1425796676244757, 0.1495502275323412, 0.02999665622505484, 0.025898767867191055, 0.08462493844349643, 0.0791496275670108, 0.09001939555595752, 0.060257057456575364, 0.09335864446580637, 0.029489790031426003, 0.1522694008650737, 0.11241085403742261, 0.01981187446537502, 0.09904639016385647, 0.12092672837440356, 0.14653007576587265, 0.13518834725608095, 0.12501716221046522, 0.15509421502345147, 0.15961785749372437, 0.1291499547078717, 0.11829485112517055, 0.16001452029557614, 0.08133729518447971, 0.12668997699077947, 0.1649088194914716, 0.12863468654872917, 0.12532100354125686, 0.12214850532784624, 0.06519210019049902, 0.04447367084555637, 0.09794666898829502, 0.1203276601105095]"
A3NY63XTSMNUVZ,"[0.3968327045440674, 0.7936654090881348, 0.3968327045440674, 0.7936654090881348, 0.7936654090881348, 0.0, 0.7936654090881348, 0.3968327045440674, 0.0, 0.7936654090881348, 0.3968327045440674, 0.7936654090881348, 0.3968327045440674, 0.3968327045440674, 0.7936654090881348, 0.3968327045440674, 0.3968327045440674, 0.3968327045440674, 0.3968327045440674, 0.0, 0.3968327045440674, 0.3968327045440674, 0.3968327045440674, 0.0, 0.7936654090881348, 0.0, 0.3968327045440674, 0.3968327045440674, 0.3968327045440674, 0.3968327045440674, 0.3968327045440674, 0.3968327045440674, 0.0, 0.0, 0.3968327045440674, 0.3968327045440674, 0.3968327045440674, 0.7936654090881348, 0.7936654090881348, 0.3968327045440674, 0.03245152004449791, 0.1459054326638228, 0.10026192307023896, 0.16027314024642775, 0.12586193004042262, 0.13209535658944188, 0.11603500342715221, 0.05443202163072815, 0.14170244197835516, 0.14987294817685573, 0.1219782400627588, 0.07171401037406736, 0.11820568241794119, 0.1309936790219941, 0.1226025132887252, 0.05063071880874491, 0.09849815688989892, 0.05882487299472068, 0.11020738182478754, 0.09666065137445415, 0.17029702272063516, 0.05533991093699801, 0.03573160268791056, 0.097919864425757, 0.0513152559656674, 0.09111572009788252, 0.060817726519171805, 0.13455652814524907, 0.07153797149497478, 0.08100551913615452, 0.16106824904598313, 0.12540961015018945, 0.05997746929852985, 0.13457342040563308, 0.11784407409499735, 0.15267652158319028, 0.09118088423739598, 0.07315088298975254, 0.11256901238846978, 0.08305997474295114]"
A3O3TL3ILJPNDJ,"[1.3079596757888794, 1.3079596757888794, 1.3079596757888794, 1.3079596757888794, 1.3079596757888794, 0.6539798378944397, 1.3079596757888794, 0.6539798378944397, 0.6539798378944397, 1.3079596757888794, 1.3079596757888794, 1.3079596757888794, 1.3079596757888794, 1.3079596757888794, 1.3079596757888794, 1.3079596757888794, 1.3079596757888794, 1.3079596757888794, 1.3079596757888794, 0.6539798378944397, 1.3079596757888794, 1.3079596757888794, 1.3079596757888794, 0.0, 1.3079596757888794, 0.0, 1.3079596757888794, 1.3079596757888794, 1.3079596757888794, 0.6539798378944397, 1.3079596757888794, 1.3079596757888794, 0.0, 0.0, 1.3079596757888794, 1.3079596757888794, 1.3079596757888794, 1.3079596757888794, 1.3079596757888794, 1.3079596757888794, 0.05887089163383112, 0.13916874513073207, 0.11513143389528016, 0.14735078069918586, 0.12617353396630476, 0.055897702097142316, 0.13191980086160732, 0.0785550238582323, 0.024518024331448538, 0.11904917564227004, 0.051399536471338145, 0.16892858621524526, 0.13368317913716526, 0.05748132263418525, 0.07599273208823983, 0.06552599184000238, 0.12405194333612053, 0.07755071708420883, 0.15721101261438503, 0.07083838724725956, 0.0849508290652026, 0.07547437608115636, 0.16357722806922526, 0.07739896322150465, 0.07026706994391756, 0.03120518149890965, 0.02401936520178747, 0.12204918041104158, 0.07417729027850446, 0.10649584620679459, 0.152790174748849, 0.06325471020484685, 0.15467449795965432, 0.10660138961402214, 0.061790955672006875, 0.11103109302004227, 0.061661670592847995, 0.04287441993823789, 0.09559488137796017, 0.13784153641502392]"
A3OC93X866Z8TB,"[8.840493202209473, 9.625581741333008, 8.48020076751709, 4.898425579071045, 11.295944213867188, 1.6535396575927734, 10.424919128417969, 5.207221031188965, 2.205345630645752, 4.160805702209473, 2.37995982170105, 9.069530487060547, 8.694581031799316, 9.801319122314453, 8.618260383605957, 10.664609909057617, 10.886032104492188, 9.12868595123291, 8.783475875854492, 2.3958628177642822, 7.764671802520752, 4.160082817077637, 9.919933319091797, 0.9733223915100098, 9.895779609680176, 1.7963680028915405, 1.878572940826416, 7.569758415222168, 8.649003028869629, 1.5625574588775635, 1.2295770645141602, 9.67768669128418, 1.958194375038147, 0.649965763092041, 5.982515335083008, 5.559878826141357, 5.723726272583008, 6.441960334777832, 9.815664291381836, 8.37795639038086, 0.10241727525453237, 0.09871318707576933, 0.13720105968953378, 0.08261762298091059, 0.03916010603851609, 0.10508072550545837, 0.10008380992057958, 0.06406443748182786, 0.051562932682197825, 0.09509366069635958, 0.1468925226786528, 0.14650070913682026, 0.029006773246409885, 0.12397698723146298, 0.08785624799633149, 0.028826072016403116, 0.07544769444842356, 0.11826883241345805, 0.06068732165453435, 0.01348283305898839, 0.09531063401098919, 0.06869523781640137, 0.07144281064699241, 0.12380570339304926, 0.10197281889584375, 0.042431544935444404, 0.03800890282003866, 0.10525046926473179, 0.1409712105964618, 0.0175813617893212, 0.14581161360094336, 0.052933631829558694, 0.1499803197470895, 0.15214422225627428, 0.1261406782562125, 0.13569234840762892, 0.03519346602887374, 0.08268915373191375, 0.03321305456725246, 0.12828763135016993]"
A3OCG4F2HKKPD5,"[0.3575666844844818, 0.3575666844844818, 0.3575666844844818, 0.3575666844844818, 0.3575666844844818, 0.3575666844844818, 0.3575666844844818, 0.3575666844844818, 0.0, 0.0, 0.3575666844844818, 0.3575666844844818, 0.3575666844844818, 0.3575666844844818, 0.3575666844844818, 0.3575666844844818, 0.3575666844844818, 0.3575666844844818, 0.3575666844844818, 0.3575666844844818, 0.3575666844844818, 0.0, 0.3575666844844818, 0.0, 0.3575666844844818, 0.3575666844844818, 0.3575666844844818, 0.3575666844844818, 0.3575666844844818, 0.3575666844844818, 0.3575666844844818, 0.3575666844844818, 0.3575666844844818, 0.0, 0.3575666844844818, 0.3575666844844818, 0.0, 0.0, 0.3575666844844818, 0.3575666844844818, 0.021713800036217406, 0.03546112868395405, 0.10097156282891842, 0.05142908661750012, 0.08050005438528336, 0.09736487879402946, 0.07841975486160058, 0.06701265292273113, 0.028201152799973966, 0.016718312425842933, 0.039949897656897604, 0.16550556081972442, 0.15832589270951608, 0.036183637925219746, 0.15233384188247842, 0.13908808995564648, 0.06358147798809964, 0.10777812342218267, 0.05560912266980126, 0.1269984366210593, 0.16273891561421022, 0.07435810226119799, 0.07393037991504003, 0.01890126793789735, 0.15594447677952733, 0.03538844574537914, 0.09565682932993812, 0.14111078428033658, 0.10423508789430452, 0.09914982085403508, 0.047879659725965376, 0.055625409126045196, 0.1151127198267975, 0.06610074430671277, 0.11436926168212694, 0.12891660370394697, 0.027648738028506724, 0.10252385633999198, 0.1513981623036444, 0.05142530705641661]"
A3OOKCY6BCRNAT,"[13.8429594039917, 13.8429594039917, 13.8429594039917, 2.184903621673584, 13.8429594039917, 0.0, 13.8429594039917, 2.0779318809509277, 0.0, 13.8429594039917, 2.1955971717834473, 13.8429594039917, 13.8429594039917, 13.8429594039917, 13.8429594039917, 13.8429594039917, 13.8429594039917, 2.6552181243896484, 13.8429594039917, 0.0, 13.8429594039917, 13.8429594039917, 13.8429594039917, 13.8429594039917, 13.8429594039917, 0.0, 2.313262462615967, 13.8429594039917, 1.9317158460617065, 2.313262462615967, 6.795854568481445, 13.8429594039917, -0.11766515672206879, 0.0, 6.767304420471191, 13.8429594039917, 13.8429594039917, 13.8429594039917, 13.8429594039917, 13.8429594039917, 0.12204052444900299, 0.08563261594915746, 0.12879379958953355, 0.15596856751033056, 0.13597777176693776, 0.15355667047915766, 0.05210457192897486, 0.1604931962933658, 0.056716181590786285, 0.09219488899948325, 0.019406112446346643, 0.16123276986695653, 0.08357576111269695, 0.1475835261641772, 0.15341554073838307, 0.0466799674931935, 0.15484499600326904, 0.02104484181658957, 0.07673002930421537, 0.1450645201362275, 0.04215983496238319, 0.11030011782546595, 0.10200646739366906, 0.08277044692878206, 0.14613249208220863, 0.07930474056186759, 0.12681660176533266, 0.04624370392547256, 0.0983397394710301, 0.041870975701202635, 0.16050893750140385, 0.08052164877093967, 0.12832728197128662, 0.09876496470584492, 0.1165394577827849, 0.03454045793450646, 0.09416471102957225, 0.060957678466725965, 0.08424401777328981, 0.033687322571737024]"
A3OPJT8CDLLZON,"[9.503009796142578, 9.503009796142578, 9.533649444580078, 0.0, 9.503009796142578, 0.0, 19.036657333374023, 19.036657333374023, 0.0, 19.036657333374023, 0.0, 9.503009796142578, 0.0, 19.036657333374023, 19.036657333374023, 19.036657333374023, 9.503009796142578, 9.503009796142578, 9.503009796142578, 0.0, 9.503009796142578, 9.503009796142578, 9.503009796142578, 0.0, 19.036657333374023, 0.0, 0.0, 0.0, 0.0, 9.533649444580078, 0.0, 19.036657333374023, 0.0, 0.0, 9.533649444580078, 0.0, 19.036657333374023, 9.503009796142578, 19.036657333374023, 19.036657333374023, 0.11281596381342188, 0.05154962786066978, 0.16753724963923572, 0.17467389405967998, 0.047209502287484544, 0.03766485586463762, 0.06124117994953255, 0.046575673050774834, 0.09582140634686115, 0.10511166083354588, 0.11982579515223751, 0.04747964683221911, 0.17688562129412227, 0.11224437776117704, 0.03511606066406384, 0.08334717009185849, 0.15888641487339938, 0.034192442192677835, 0.04373133335318218, 0.04720340611785849, 0.07013200767912943, 0.04619441183639554, 0.08024912166861786, 0.10491874099843028, 0.12080715107337922, 0.05666174685215674, 0.04207918769728772, 0.10438458637480834, 0.09349241500049703, 0.17701890010466956, 0.04989886264649087, 0.1682710136583415, 0.13247722585058416, 0.09419047647186665, 0.17154895223474279, 0.15797472040797184, 0.1057839629133398, 0.1663351882916152, 0.13886175046879493, 0.1680224121747529]"
A3OTFWV6920FT,"[1.0946455001831055, 1.0946455001831055, 0.5473227500915527, 1.0946455001831055, 1.0946455001831055, 0.0, 1.0946455001831055, 0.5473227500915527, 0.5473227500915527, 1.0946455001831055, 0.5473227500915527, 1.0946455001831055, 1.0946455001831055, 1.0946455001831055, 1.0946455001831055, 1.0946455001831055, 1.0946455001831055, 1.0946455001831055, 1.0946455001831055, 0.5473227500915527, 1.0946455001831055, 1.0946455001831055, 1.0946455001831055, 0.0, 1.0946455001831055, 0.0, 0.5473227500915527, 1.0946455001831055, 0.5473227500915527, 1.0946455001831055, 0.5473227500915527, 1.0946455001831055, 0.0, 0.0, 1.0946455001831055, 0.5473227500915527, 1.0946455001831055, 1.0946455001831055, 1.0946455001831055, 1.0946455001831055, 0.028822213389744528, 0.03153942677578668, 0.06605251331079237, 0.09466436550282256, 0.1696779792828049, 0.07027346355252496, 0.05614947820869558, 0.08672896302221127, 0.06868479669217561, 0.05931798932341036, 0.12768465357538392, 0.08264688068068811, 0.08462965450764962, 0.16482064527420204, 0.16110041815355028, 0.12356934918837015, 0.1643850592883471, 0.036449475282674206, 0.15319764433952665, 0.13875128364005582, 0.024037518226694674, 0.09294276185836492, 0.11800876200854685, 0.08651158841828537, 0.14917000776922706, 0.08169197822431572, 0.09065186560183738, 0.03964206590316867, 0.04354592577265671, 0.04406176705586467, 0.11409816667864377, 0.14373762173259969, 0.04932658108108781, 0.06266263199459722, 0.10258502207563856, 0.16579739791913697, 0.06532200418917239, 0.13286123294894256, 0.10880588263654754, 0.16493785637988886]"
A3OXHLG6DIBRW8,"[5.861941337585449, 6.114201068878174, 7.406872749328613, 8.303997993469238, 6.805543899536133, 1.1216707229614258, 6.377349376678467, 3.7940661907196045, 1.1213387250900269, 6.282498836517334, 0.368633508682251, 6.675192356109619, 7.784913063049316, 5.952252388000488, 5.002960681915283, 6.893214702606201, 4.764395713806152, 5.860205173492432, 5.658595561981201, 1.1684203147888184, 6.244032382965088, 4.832016468048096, 9.800597190856934, 3.042825222015381, 8.789570808410645, 0.16065669059753418, 1.814244270324707, 8.801827430725098, 5.563441753387451, 0.3122774362564087, 7.649265766143799, 6.332988739013672, 0.8064806461334229, 0.16032469272613525, 7.959415912628174, 4.716919898986816, 6.329470157623291, 5.605288982391357, 7.457355499267578, 5.506618976593018, 0.039187037659517414, 0.07261494695969192, 0.13372425814330358, 0.12373264175110772, 0.012763968432102576, 0.1329452307741322, 0.12232644227949273, 0.15785626679142095, 0.1007827590225315, 0.14124417856832444, 0.12490865490120737, 0.057292853233593934, 0.045243244263291314, 0.14574262762244336, 0.04991050324571594, 0.04925547180049041, 0.1361991688721068, 0.10918041907496163, 0.06508772438465908, 0.15603566916852102, 0.13734342966096585, 0.015396959277054745, 0.08096741386564107, 0.018860151945708597, 0.12287287780275304, 0.09432871510283566, 0.14917155966150958, 0.1355810367500936, 0.12232959353181376, 0.161366980671308, 0.1374910198361421, 0.14358412130703546, 0.14716838984452213, 0.017053875817759676, 0.10354049305697653, 0.13962183245658796, 0.035128225365115257, 0.13946782906153096, 0.1373929609597248, 0.1625284989476543]"
A3OYM142VD8I7K,"[0.5151352882385254, 0.0, 0.5151352882385254, 0.0, 0.0, 0.0, 0.5151352882385254, 0.0, 0.0, 0.5151352882385254, 0.0, 0.0, 0.0, 0.0, 0.0, 0.5151352882385254, 0.0, 0.0, 0.0, 0.0, 0.0, 0.0, 0.0, 0.0, 0.0, 0.0, 0.0, 0.0, 0.5151352882385254, 0.0, 0.0, 0.0, 0.0, 0.0, 0.0, 0.0, 0.0, 0.0, 0.5151352882385254, 0.0, 0.07339452426434807, 0.14707728223106983, 0.030760673433384886, 0.12708872774069305, 0.06162594750486073, 0.0682407760129307, 0.14775655086176429, 0.03932769997535161, 0.03683465260392878, 0.12333828498353609, 0.13996257264912143, 0.10391336410704374, 0.16411773474170174, 0.1523084263242577, 0.13921529783062023, 0.13937693514941185, 0.11664200449953689, 0.07240030376567655, 0.1583952899835835, 0.15437610272831806, 0.12778464262302328, 0.0878441750406052, 0.06656152226074909, 0.024663940515414536, 0.13942084585142173, 0.15897035053974898, 0.15181608219106782, 0.04713615804568821, 0.1462877545416059, 0.08971761654726765, 0.04221173861300716, 0.06962534412551033, 0.10920799419666699, 0.08316509421882731, 0.027548982650638775, 0.01777308651550774, 0.12872920334145763, 0.11243449025496549, 0.16484806815693762, 0.09714433479141589]"
A3P7FOLR5SGXYN,"[0.7297601103782654, 0.7297601103782654, 0.0, 0.7297601103782654, 0.7297601103782654, 0.0, 0.7297601103782654, 0.0, 0.7297601103782654, 0.7297601103782654, 0.0, 0.7297601103782654, 0.7297601103782654, 0.7297601103782654, 0.7297601103782654, 0.7297601103782654, 0.7297601103782654, 0.7297601103782654, 0.7297601103782654, 0.7297601103782654, 0.7297601103782654, 0.7297601103782654, 0.7297601103782654, 0.0, 0.7297601103782654, 0.0, 0.0, 0.7297601103782654, 0.0, 0.7297601103782654, 0.0, 0.7297601103782654, 0.0, 0.0, 0.7297601103782654, 0.0, 0.7297601103782654, 0.7297601103782654, 0.7297601103782654, 0.7297601103782654, 0.12491567758448736, 0.17575356424536534, 0.0950006321600533, 0.12294565848309526, 0.12462814141694406, 0.03835972359845405, 0.071642908349002, 0.15280807887283157, 0.04624446076471373, 0.059616855691665284, 0.09131600695393648, 0.1265039911629225, 0.042326200152103775, 0.1448734921234693, 0.15830952777987325, 0.07317084404305188, 0.12747520255345152, 0.05256680229942218, 0.1683620920768532, 0.06188239690991964, 0.05834736388072325, 0.04093838222026853, 0.14425801957517875, 0.17116133699814648, 0.06423898727689725, 0.1478946016612785, 0.045605948139092266, 0.03933785872724222, 0.030715456856778272, 0.08947425075887219, 0.06039699207154521, 0.032669416198311985, 0.1220469571509784, 0.10725533490759744, 0.13163910693631908, 0.1433995384414811, 0.11289278396377209, 0.17252765975793924, 0.09821524389336027, 0.07881691264652296]"
A3PE70GMGCY2AL,"[2.7712717056274414, 2.1780059337615967, -1.706117868423462, 1.8594785928726196, 2.7712717056274414, 0.0, 5.313055515289307, -2.816166400909424, 4.471150875091553, 2.7010276317596436, -2.088650941848755, 2.7010276317596436, 4.79003381729126, 2.7712717056274414, 2.2482502460479736, 4.79003381729126, 2.8352773189544678, 1.7954730987548828, 3.901852607727051, 4.471150875091553, 5.24281120300293, 2.312255859375, 1.4240747690200806, 0.0, 3.965858221054077, 0.5230215191841125, -2.6819167137145996, 2.1780059337615967, -2.675678014755249, 1.7892343997955322, -2.222900867462158, 5.24281120300293, 0.0, 0.0, 2.312255859375, 0.38288840651512146, 2.7712717056274414, 2.382499933242798, 5.24281120300293, 2.452744245529175, 0.04086421036498506, 0.12187131869179663, 0.14869089771975755, 0.07561437530969, 0.11828611726030548, 0.12683287201060178, 0.09946249067181903, 0.12696411798200222, 0.12022717090211729, 0.05547439924420193, 0.15836595404974751, 0.03172817911580364, 0.09515765713673513, 0.12986014076378533, 0.08421817279037333, 0.08332379833254953, 0.08926162527757664, 0.053234711740382946, 0.09077068040985685, 0.1379938643434776, 0.052635964413799786, 0.1149732607935968, 0.07441964023084345, 0.05682339638131992, 0.14839388477250043, 0.0729747042105338, 0.14895840619353848, 0.10361065488482732, 0.0602204813067243, 0.15828615823315206, 0.023147948005208824, 0.09630421332075043, 0.14576583183481864, 0.15414637433822365, 0.1275495891647537, 0.07264261359922115, 0.12169892323692971, 0.06870735843130385, 0.07678597894175397, 0.03606379449656093]"
A3PQ3YQZYJ66HK,"[-0.8660305738449097, -0.8660305738449097, -0.43301528692245483, -0.43301528692245483, -0.43301528692245483, -0.43301528692245483, 1.3616371154785156, -0.43301528692245483, 0.0, 3.5893049240112305, 0.0, -0.8660305738449097, 0.0, 1.7946524620056152, 2.227667808532715, -0.43301528692245483, 0.0, 0.0, 1.3616371154785156, 0.0, 0.0, -0.43301528692245483, -0.8660305738449097, 0.0, -0.8660305738449097, 0.0, 0.0, 0.0, 0.0, 0.0, 0.0, 1.3616371154785156, 0.0, 0.0, -0.43301528692245483, 0.0, -0.8660305738449097, 0.0, 3.5893049240112305, 1.7946524620056152, 0.08819772007594621, 0.07142214060276252, 0.03727816481950787, 0.13512484716499584, 0.02473008397604623, 0.10816838309338439, 0.05123550135322835, 0.11960743908003568, 0.14817947649373459, 0.12444972814681964, 0.13481486184043376, 0.03815112373861039, 0.13443873844773765, 0.0404140164057016, 0.023205978365903296, 0.11296527232430052, 0.0266088846112897, 0.16169115643302479, 0.06914884952590566, 0.035317895588615505, 0.07506612287178516, 0.042063071295565926, 0.14857035366360333, 0.028971390145408588, 0.05497010082996467, 0.16094908673699143, 0.15972672100066876, 0.12143573875036134, 0.10394988251978432, 0.09873580412797182, 0.14699669484792613, 0.12268156338598415, 0.14804214623412534, 0.16847019335226782, 0.0908630641236672, 0.08369584872990836, 0.04143155835191715, 0.15647164363686353, 0.03541589757613469, 0.10833022352273405]"
A3PWCOTLFTGNJD,"[1.93448007106781, 3.86896014213562, 0.0, 1.8244069814682007, 3.86896014213562, 0.0, 3.86896014213562, 0.0, 1.8244069814682007, 3.86896014213562, 0.11007325351238251, 3.86896014213562, 1.93448007106781, 1.93448007106781, 1.93448007106781, 1.93448007106781, 1.93448007106781, 1.93448007106781, 1.93448007106781, 1.8244069814682007, 1.93448007106781, 1.8244069814682007, 1.8244069814682007, 0.0, 3.86896014213562, 0.0, 0.0, 1.8244069814682007, 0.11007325351238251, 1.8244069814682007, 0.0, 3.86896014213562, 0.0, 0.0, 1.93448007106781, 0.0, 3.86896014213562, 1.93448007106781, 1.93448007106781, 1.93448007106781, 0.07956941818021257, 0.15593204582741557, 0.08195076677001818, 0.10823270603960553, 0.1475692899614051, 0.1575247414787586, 0.11882858900713959, 0.125066404425282, 0.1523958897349797, 0.0911273581675814, 0.13450338708750478, 0.10407731663952746, 0.16746484978776466, 0.08428801125605799, 0.15974044298724774, 0.14111849368854174, 0.07208774674696464, 0.05278704318037675, 0.06667169065907283, 0.0964287181081505, 0.09695253374607685, 0.09772956128349261, 0.11580005823840282, 0.11688100170267281, 0.033726928293346496, 0.11083415272294676, 0.10613565217204511, 0.07694566735362969, 0.057916519789446196, 0.0694070450791828, 0.1440919727316294, 0.1568805623715544, 0.06759556938886457, 0.14650222903194846, 0.13709385389291615, 0.1565186396026538, 0.056390669730306923, 0.07052387471870288, 0.05814660446939268, 0.09829303342396932]"
A3Q33D02J9UTT0,"[3.0592639446258545, 2.398467779159546, -0.09132353216409683, 3.134364604949951, 3.6050524711608887, 0.0, 3.134364604949951, -0.09132353216409683, 2.4897913932800293, 2.398467779159546, -0.09132353216409683, 2.398467779159546, 2.475090503692627, 3.134364604949951, 3.210987091064453, 3.134364604949951, 2.3999898433685303, 2.475090503692627, 2.323367118835449, 2.5664138793945312, 3.134364604949951, 2.398467779159546, 3.134364604949951, 0.0, 2.398467779159546, 0.0, 0.6445733308792114, 2.475090503692627, 0.6445733308792114, 3.1358866691589355, 0.6445733308792114, 2.398467779159546, 0.0, 0.0, 3.210987091064453, 0.5679507255554199, 2.398467779159546, 2.475090503692627, 2.323367118835449, 2.398467779159546, 0.14740264349625531, 0.11079673028613789, 0.0559536805690661, 0.12755998467657184, 0.15911489431263995, 0.06845911718742655, 0.042110405787568236, 0.09137268344868862, 0.17022606380048536, 0.036550174528965404, 0.029937285984936432, 0.03640060327543247, 0.05780984752291992, 0.1638733621009068, 0.05733486860147572, 0.11343931484449064, 0.058370203820631066, 0.11429955503688194, 0.0856330342322462, 0.0852469705620483, 0.03373684145967517, 0.06781980270562929, 0.12489220098274872, 0.1473687402097396, 0.14947217572818622, 0.16075018806096483, 0.04227148497549001, 0.07660230853825004, 0.054966638271262344, 0.04440209244902268, 0.044597826481582406, 0.09033815762493003, 0.09829374792388702, 0.16301260035392443, 0.08380220312674592, 0.05870628602011896, 0.16445846772490255, 0.07720595048042665, 0.15917310246532126, 0.1097871251466716]"
A3Q5NCX0Y43DG1,"[0.6868481040000916, 0.0, 0.6868481040000916, 0.0, 0.0, 0.0, 0.6868481040000916, 0.0, 0.0, 0.6868481040000916, 0.0, 0.0, 0.0, 0.0, 0.0, 0.6868481040000916, 0.0, 0.0, 0.0, 0.0, 0.0, 0.0, 0.0, 0.0, 0.0, 0.0, 0.0, 0.0, 0.6868481040000916, 0.0, 0.0, 0.0, 0.0, 0.0, 0.0, 0.0, 0.0, 0.0, 0.6868481040000916, 0.0, 0.09012293121285221, 0.058623456151968754, 0.12134811626066384, 0.1267361156637376, 0.10246474154986311, 0.14611814797683792, 0.03932742804570763, 0.09672784868629457, 0.07582140030638614, 0.05753135943692753, 0.12600712141703108, 0.14607599195339094, 0.13385277429213013, 0.11415619642710029, 0.07275451526034729, 0.17434053353844736, 0.10784486751047187, 0.13991683501956756, 0.05111575534161444, 0.06876332783901747, 0.11524134948080877, 0.14106823853933156, 0.15719297955536132, 0.10309084918672372, 0.17095887264212636, 0.06788569461795796, 0.03013015436396626, 0.1223006901792023, 0.0467219912432032, 0.08568284462736621, 0.1474737287757773, 0.07630340210740034, 0.10368763098787667, 0.0403633830043148, 0.15519788270693913, 0.05599268528257696, 0.030266604989422234, 0.08628985236007505, 0.16447855115348994, 0.16208179903632816]"
A3Q6RS3X7VRVW3,"[0.0, 0.0, 0.0, 0.0, 0.0, 0.0, 0.0, 0.0, 0.0, 0.0, 0.0, 0.0, 0.0, 0.0, 0.0, 0.0, 0.0, 0.0, 0.0, 0.0, 0.0, 0.0, 0.0, 0.0, 0.0, 0.0, 0.0, 0.0, 0.0, 0.0, 0.0, 0.0, 0.0, 0.0, 0.0, 0.0, 0.0, 0.0, 0.0, 0.0, 0.05358552788357357, 0.07694990848696567, 0.09370822334591926, 0.13204033034052542, 0.0989010980759988, 0.1302671288805319, 0.12275084800729953, 0.049507035226396164, 0.023697443276887182, 0.1062427586932054, 0.04316071880459092, 0.021906684195712185, 0.14490460521913587, 0.06013284149760187, 0.1713046515018781, 0.11495125755320133, 0.07240815600154354, 0.05253674266948448, 0.06294699764348495, 0.13705623935483452, 0.14747413872955303, 0.10620143675049991, 0.057309941604214806, 0.042384678489963204, 0.08602546368900654, 0.16622214679379335, 0.10148437430270227, 0.12300059955573105, 0.14371307333247227, 0.13974029378882036, 0.057017282120253414, 0.12593240055831664, 0.1188157916788071, 0.024190194358945295, 0.15094718426335318, 0.05063321953326788, 0.1522266959178088, 0.1601805245296051, 0.02499711529270871, 0.12610426984193632]"
A3QDLODOQKUXGN,"[1.0946452617645264, 1.0946452617645264, 0.0, 0.5473226308822632, 1.0946452617645264, 0.0, 1.0946452617645264, 0.0, 1.0946452617645264, 1.0946452617645264, 0.0, 1.0946452617645264, 0.5473226308822632, 1.0946452617645264, 0.5473226308822632, 1.0946452617645264, 1.0946452617645264, 1.0946452617645264, 1.0946452617645264, 0.5473226308822632, 0.5473226308822632, 0.5473226308822632, 1.0946452617645264, 0.0, 1.0946452617645264, 0.0, 0.0, 1.0946452617645264, 0.0, 0.5473226308822632, 0.5473226308822632, 1.0946452617645264, 0.0, 0.0, 1.0946452617645264, 0.5473226308822632, 0.5473226308822632, 0.5473226308822632, 1.0946452617645264, 1.0946452617645264, 0.12224442367818608, 0.13962705987188062, 0.12671468778295367, 0.11624189324512277, 0.05383964209993395, 0.11863831440280674, 0.10194476905392669, 0.09201833538728571, 0.07597711354600808, 0.06175893792703214, 0.0665606625044552, 0.1257790390286945, 0.10846610548644078, 0.13086970466485404, 0.1463931005045591, 0.025737404903919594, 0.08590111599831206, 0.15563955064568172, 0.018317711251011393, 0.1631278356284782, 0.08369218665140632, 0.15892756020673998, 0.03147124107070635, 0.05537685568326269, 0.12049329250711875, 0.08737979747660697, 0.08368285076721602, 0.12398385448240071, 0.0313905675643225, 0.12214647317368804, 0.022732323283634552, 0.138949868194682, 0.03220456465038728, 0.15104643916892282, 0.16361104387812253, 0.03969496910366374, 0.05631046144904587, 0.16060329712867943, 0.12769359546103326, 0.0746056431380658]"
A3QUX4Z5YP6T4P,"[4.860030174255371, 4.860030174255371, 2.1365232467651367, 0.0, 4.130861282348633, 0.0, 4.130861282348633, 0.5869833827018738, 0.0, 2.7235066890716553, 2.1365232467651367, 4.860030174255371, 2.1365232467651367, 2.1365232467651367, 1.994337558746338, 4.493812084197998, 4.860030174255371, 0.0, 2.7235066890716553, 0.0, 2.7235066890716553, 4.130861282348633, 2.7235066890716553, 2.1365232467651367, 4.860030174255371, 0.0, 0.0, 2.7235066890716553, 0.0, 0.0, 0.0, 4.493812084197998, 0.0, 0.0, 0.0, 1.4073542356491089, 2.7235066890716553, 2.1365232467651367, 4.130861282348633, 2.7235066890716553, 0.04633028092957972, 0.022982054698017056, 0.08409350960871773, 0.030734282657542977, 0.07500721175420624, 0.04104044622525025, 0.14821135056928048, 0.11659854984401935, 0.16457520765092853, 0.08124459935650095, 0.07191020339180647, 0.15028443888950152, 0.10305736376320458, 0.05491766323277876, 0.1313504502892709, 0.039959514271224954, 0.0442633542533834, 0.028335545977693014, 0.06415787747628675, 0.09573524426242126, 0.09795470622936372, 0.09697984871278256, 0.1259558969866777, 0.01752905654322549, 0.16076582686524507, 0.1482350396505083, 0.09792062468174213, 0.04682451287361251, 0.0520968352707697, 0.07304945242657543, 0.04277759075930436, 0.07246784133301262, 0.06657392512470378, 0.10643683430397644, 0.11314573218380125, 0.0358068790433166, 0.027186190272653843, 0.020643872240841805, 0.1408241421277343, 0.11772871045192246]"
A3QYF175C7E1CN,"[7.018876075744629, 5.895239353179932, 4.76365852355957, 5.563535690307617, 7.018876075744629, 1.9713661670684814, 7.672855377197266, 0.0, 3.4252219200134277, 5.563535690307617, 1.9713661670684814, 5.1454057693481445, 4.9095563888549805, 5.895239353179932, 6.355466842651367, 5.895239353179932, 5.701488494873047, 5.701488494873047, 7.341150283813477, 3.4252219200134277, 5.563535690307617, 3.4252219200134277, 6.232400894165039, 0.0, 5.895239353179932, 0.0, 1.9713661670684814, 5.563535690307617, 3.1239962577819824, 2.6064858436584473, 2.0518884658813477, 7.672855377197266, 0.0, 0.0, 5.563535690307617, 2.3390066623687744, 4.410904884338379, 5.563535690307617, 7.672855377197266, 7.018876075744629, 0.05210399970069604, 0.13382969817955814, 0.16373056529386357, 0.09173667674619336, 0.16651863931413743, 0.1644973572269985, 0.13241241243051644, 0.13466714401922672, 0.0473321113313771, 0.14959362207254978, 0.14653449438119145, 0.05245986436837241, 0.04137986598428453, 0.08762384815154875, 0.04929963011124209, 0.08898927388926729, 0.10211056292481313, 0.03669561923275495, 0.10198692381623442, 0.04519684922260595, 0.14351894813375488, 0.04379371784370784, 0.14578681375460156, 0.12615297127221262, 0.15818802624517958, 0.11304853750772682, 0.10880455456241983, 0.16316402458237406, 0.08392738183814447, 0.03447285654771719, 0.04449584034952061, 0.022401976093440946, 0.07947707615911187, 0.1623922087904776, 0.14158288499100422, 0.08297081831889677, 0.02910530584673124, 0.13472504547732103, 0.15985078204674041, 0.1089621254501634]"
A3R33QRJ8AC767,"[6.386666297912598, 4.9460978507995605, 3.446835994720459, 4.2701029777526855, 6.518754005432129, 3.023545503616333, 10.360517501831055, -0.45091086626052856, 2.9155142307281494, 5.253561019897461, 0.0, 5.911438941955566, 4.540589809417725, 7.101753234863281, 4.775809288024902, 9.059648513793945, 9.089644432067871, 5.300708770751953, 6.386666297912598, 0.7582252025604248, 3.584603786468506, 3.401804208755493, 5.947115898132324, 2.9210455417633057, 6.218901634216309, 0.0, 0.0, 5.590871810913086, 1.133105754852295, 0.92598956823349, 5.825607776641846, 9.542299270629883, 0.0, 0.0, 4.861157417297363, 7.626652717590332, 3.416839599609375, 3.407484531402588, 9.37453556060791, 9.542299270629883, 0.058816032353782195, 0.1294269340013742, 0.09811874405275385, 0.08331928644248282, 0.15160557208109973, 0.124048167028493, 0.08653605785999598, 0.14595859010155, 0.15736873115810102, 0.12824965077103692, 0.03092723483849526, 0.16688092211400968, 0.03956941564228149, 0.0822232482037133, 0.10622373516703301, 0.04114248851695103, 0.1134393654377103, 0.13744969389474906, 0.16720819172518364, 0.1325474340845749, 0.11634628819427384, 0.14504627651862143, 0.056159549770835045, 0.04457229766088313, 0.07480395946084059, 0.0977042918442399, 0.11841888627372615, 0.1316832264254418, 0.04314995397870666, 0.028316442929581742, 0.09362752599211484, 0.12152404357549378, 0.11228343519791607, 0.07675900505125229, 0.103544027442382, 0.1012948922576952, 0.16347285841169415, 0.1559246152896574, 0.05886625653368577, 0.047863192229889696]"
A3R9H6OKZHHRJD,"[4.936920166015625, 3.764387845993042, 4.564914226531982, 3.4767699241638184, 5.186215877532959, 0.22318881750106812, 4.280738353729248, 1.923494577407837, 1.3711107969284058, 3.6529855728149414, 1.822438359260559, 3.659289598464966, 6.706625938415527, 6.706625938415527, 3.5882537364959717, 3.862928867340088, 4.971465110778809, 2.5952816009521484, 5.395627498626709, 0.22318881750106812, 4.042448043823242, 3.465878486633301, 6.706625938415527, 1.148396372795105, 4.625672340393066, 0.45132753252983093, 0.22318881750106812, 4.864535331726074, 5.299596786499023, 3.359541416168213, 4.756816387176514, 5.645773887634277, 1.2268691062927246, 0.0713873952627182, 5.0661139488220215, 4.454141616821289, 3.8183188438415527, 3.580134630203247, 4.558978080749512, 4.976493835449219, 0.08004773639053327, 0.022353463023480166, 0.05541149732934668, 0.1477170229659917, 0.012843543719978884, 0.14438088385584927, 0.032636497128048565, 0.035448175245103866, 0.1444908389947318, 0.07514895689623285, 0.07276952472644269, 0.04141506418109986, 0.04039408776576583, 0.07617211763481105, 0.1294470897444866, 0.11368488535441648, 0.018506574319634234, 0.14972653245308468, 0.07140570934648366, 0.09676579194710767, 0.08321628688085415, 0.04067285200966029, 0.10338240871081097, 0.014735447794924132, 0.025157380022718077, 0.0431378877293711, 0.07330630794213464, 0.00331967325985765, 0.09273124269641556, 0.04190960860675679, 0.08560254748411025, 0.01743568329244512, 0.08665427939683168, 0.14947362156684266, 0.08313667181486804, 0.04504841559224157, 0.08968176744837403, 0.08858172500962808, 0.04293633396631479, 0.08509619259537769]"
A3RDTNM03SH6TE,"[24.74947166442871, 24.74947166442871, 4.135822296142578, 21.851245880126953, 24.74947166442871, 21.851245880126953, 24.74947166442871, 0.0, 0.0, 24.74947166442871, 0.0, 24.581357955932617, 4.135822296142578, 24.74947166442871, 24.74947166442871, 24.74947166442871, 4.135822296142578, 21.851245880126953, 24.74947166442871, 0.0, 4.135822296142578, 24.74947166442871, 24.74947166442871, 4.135822296142578, 24.581357955932617, 0.0, 0.0, 24.74947166442871, 0.0, 21.851245880126953, 24.74947166442871, 24.74947166442871, 0.0, 0.0, 21.851245880126953, 24.74947166442871, 4.135822296142578, 4.135822296142578, 24.74947166442871, 24.74947166442871, 0.06339727112510216, 0.17933953935133504, 0.10281146224509875, 0.05516880434453075, 0.14959658393865818, 0.0910102128665948, 0.14666487890794058, 0.07175602818263109, 0.04891337451683539, 0.06325458507602345, 0.08607429675599447, 0.10208349173987788, 0.0773097850810022, 0.03830544047346435, 0.09340027662717924, 0.1339452941250133, 0.16278530139803304, 0.17864123345084254, 0.06651534256651326, 0.06855443777316686, 0.1512515590755108, 0.06635538527418536, 0.13843490775319678, 0.1502935371887228, 0.16048555238853635, 0.0751067609258649, 0.10239380046141466, 0.08699481036213302, 0.03486748805775893, 0.1565363991675874, 0.06950320871773363, 0.08336876228862132, 0.04402492879072771, 0.13586362080173103, 0.17468347434250123, 0.06413114532601535, 0.16091084650622695, 0.12245971945391838, 0.15358410511025866, 0.1738746353417315]"
A3RGQCA2GSFLX2,"[-0.5999226570129395, -2.209022045135498, -2.4495108127593994, -2.209022045135498, -2.209022045135498, 0.0, -4.658533096313477, 0.24048879742622375, -1.199845314025879, -2.209022045135498, 0.24048879742622375, -2.4495108127593994, 2.0900769233703613, -0.3594338297843933, 0.24048879742622375, -2.209022045135498, 0.24048879742622375, 0.24048879742622375, -0.3594338297843933, 0.0, -2.209022045135498, -2.209022045135498, -2.8089447021484375, 0.0, -0.5999226570129395, 0.0, 0.0, 1.6090996265411377, -2.209022045135498, 0.0, 0.0, -2.209022045135498, 0.0, 0.24048879742622375, 0.0, -2.209022045135498, -2.209022045135498, 0.0, -2.209022045135498, -0.3594338297843933, 0.029995112686170923, 0.14136862302128436, 0.05613558675530519, 0.11046688196786565, 0.08575814487621937, 0.048285908933405744, 0.046335387132266564, 0.1377860510158585, 0.13167827203253626, 0.16020211380725252, 0.06966796222977949, 0.04384230633612001, 0.10786538971968057, 0.16219241231965104, 0.030788929340133813, 0.11405808828384775, 0.13221770555551948, 0.05989060851423178, 0.08745638958085736, 0.16145610349203154, 0.04143748195855062, 0.046104209068368825, 0.020570810902923876, 0.13126159553145766, 0.07958955816331019, 0.08117299972845281, 0.14330508444240914, 0.16367518375004747, 0.03817638176135516, 0.12028131451233379, 0.13711264242879379, 0.07485584531453376, 0.1381461549524587, 0.06966201692108574, 0.04727059155056282, 0.15915704917062426, 0.1606092764651365, 0.16353799935108052, 0.15645749257741742, 0.1053291976637174]"
A3RMWHVP1CX5J1,"[0.0, 0.0, 0.0, 0.0, 0.0, 0.0, 1.097391963005066, 1.097391963005066, 0.0, 1.097391963005066, 0.0, 0.0, 0.0, 0.0, 0.0, 1.097391963005066, 0.0, 0.0, 0.0, 0.0, 0.0, 0.0, 0.0, 0.0, 0.0, 0.0, 0.0, 0.0, 0.0, 0.0, 0.0, 1.097391963005066, 0.0, 0.0, 0.0, 0.0, 0.0, 0.0, 0.0, 0.0, 0.120541909236638, 0.08679877572586414, 0.1195151014396045, 0.06649971742287795, 0.176692609953413, 0.10985970435213493, 0.042631066233823706, 0.15369280001067304, 0.08593281536302608, 0.03734132061995582, 0.15906768468323984, 0.07255697622346366, 0.15254060521776155, 0.11460412147484296, 0.12826359535132223, 0.15547182514433222, 0.0519683211162804, 0.03284076463393826, 0.03667475358142139, 0.14277944252242594, 0.0522817803183522, 0.06020223726445968, 0.06995204052984114, 0.11076473447290087, 0.15490889589859824, 0.03943704182812019, 0.13566962481343162, 0.13111023185029624, 0.07701767334690217, 0.11859381828126316, 0.1579962031491622, 0.05507274721969497, 0.048143206443063385, 0.10444637670798822, 0.1065434771768285, 0.08293128562663321, 0.09677102470210729, 0.04192007204869492, 0.09393713444959828, 0.06430668347421364]"
A3RQS9GT66TEB8,"[7.730224132537842, 4.58024263381958, 3.865112066268921, 4.58024263381958, 7.730224132537842, 3.865112066268921, 4.58024263381958, 3.865112066268921, 0.0, 0.0, 3.865112066268921, 3.865112066268921, 4.58024263381958, 4.58024263381958, 7.015092849731445, 4.58024263381958, 3.865112066268921, 11.595335006713867, 4.58024263381958, 3.865112066268921, 4.58024263381958, 0.0, 7.730224132537842, 0.0, 4.58024263381958, 3.865112066268921, 3.865112066268921, 3.865112066268921, 7.015092849731445, 4.58024263381958, 4.58024263381958, 4.58024263381958, 3.865112066268921, 0.0, 4.58024263381958, 3.865112066268921, 0.0, 0.0, 4.58024263381958, 4.58024263381958, 0.04920739025882934, 0.09553855130601453, 0.061432385811023976, 0.026366221070988613, 0.06805770829552028, 0.10141391473885643, 0.06963555532934194, 0.06939282459839019, 0.04761807314844197, 0.12253973883080528, 0.1722215428489951, 0.16584095656583972, 0.1707341493198948, 0.10030575755210626, 0.09058680022326902, 0.09448433166584927, 0.03484479166500502, 0.044635018650894455, 0.03978776275615637, 0.15218225554398648, 0.14905810609872425, 0.17682204321254172, 0.1650875271332438, 0.1533286477698846, 0.04045374217843597, 0.056683098477781246, 0.10620183937265863, 0.07116039250072076, 0.1193681922024578, 0.09050903350881892, 0.06520164852249222, 0.10948379068530092, 0.12342380350393604, 0.0930259490170814, 0.13608040380215447, 0.04737625881699994, 0.138583308343481, 0.14645226256278798, 0.16873499232690978, 0.17073608289899686]"
A3RTXSWBBPBU15,"[3.5587549209594727, 5.01708459854126, 3.2371127605438232, 1.0502128601074219, 3.5587549209594727, 0.0, 3.5587549209594727, 5.745655059814453, -0.7285706400871277, 5.01708459854126, 6.4742255210876465, 5.01708459854126, 1.0502128601074219, 4.287325382232666, 1.7799714803695679, 5.01708459854126, 3.5587549209594727, 2.50854229927063, 5.01708459854126, -0.7285706400871277, 1.7799714803695679, 1.7799714803695679, 0.3216422200202942, 0.0, 1.7799714803695679, 0.0, 3.2371127605438232, 1.7799714803695679, 3.2371127605438232, 2.50854229927063, 1.7787835597991943, 5.01708459854126, 0.0, 0.0, 1.0502128601074219, 3.2371127605438232, 5.01708459854126, 2.50854229927063, 5.01708459854126, 5.01708459854126, 0.13700883555181514, 0.04779112176784966, 0.17199339203911446, 0.12927778819682953, 0.03603677387887963, 0.13950789127038893, 0.054344307756056774, 0.14902399026346488, 0.10593216235550965, 0.163698194427195, 0.15292966857989268, 0.10600207035650468, 0.04241848003399538, 0.1440647536934402, 0.12945077322418966, 0.1600395524190852, 0.10921146041807427, 0.04032102158797042, 0.16794893990383972, 0.04331069657126247, 0.09628564058910143, 0.14697053170239427, 0.10539319976627734, 0.10655770577310054, 0.11247777427530851, 0.06609671300885296, 0.08787387658931127, 0.0857758438792526, 0.09325494464762418, 0.15552964058358865, 0.029789952889674426, 0.07531832102589994, 0.16574676506123384, 0.10994722935709052, 0.07019307723647199, 0.040528066084536164, 0.07721636344082991, 0.07432927564695024, 0.12311283615695284, 0.044476852597245535]"
A3RUBIOZYJNY0D,"[0.0, 0.0, 0.0, 0.0, 0.0, 0.0, 0.0, 0.0, 0.0, 0.0, 0.0, 0.0, 0.0, 0.0, 0.0, 0.0, 0.0, 0.0, 0.0, 0.0, 0.0, 0.0, 0.0, 0.0, 0.0, 0.0, 0.0, 0.0, 0.0, 0.0, 0.0, 0.0, 0.0, 0.0, 0.0, 0.0, 0.0, 0.0, 0.0, 0.0, 0.1750890728983102, 0.1908871065710524, 0.06520176064208512, 0.05931464557354836, 0.09612162265146125, 0.18324693049761545, 0.09150911810108651, 0.12879526200670607, 0.07091104887044872, 0.13236782321591792, 0.07786145740633289, 0.07191318427403642, 0.13550440534065972, 0.18056492589525353, 0.1489134714625536, 0.10421972807955175, 0.12217304421319208, 0.10311237897702029, 0.10924458313233325, 0.07883118529553255, 0.0588333952272764, 0.07169442776931503, 0.05976704579305842, 0.0688415528351608, 0.09900137038156889, 0.11962802341955041, 0.17784089880027978, 0.1302168605885148, 0.05443430464371368, 0.1911355035461234, 0.12984064547932184, 0.18685002062008052, 0.12284435417521808, 0.08807643571632104, 0.1387515274716958, 0.11406238474653498, 0.1568657406842611, 0.18821740831710196, 0.05165001718283431, 0.1424517205932015]"
A3RY7MA4VRMXN6,"[19.799453735351562, 19.799453735351562, 16.120220184326172, 3.3086371421813965, 19.799453735351562, 0.0, 19.799453735351562, 12.811582565307617, 0.0, 19.799453735351562, 3.3086371421813965, 19.799453735351562, 16.120220184326172, 19.799453735351562, 19.799453735351562, 19.799453735351562, 19.799453735351562, 12.811582565307617, 19.799453735351562, 0.0, 19.799453735351562, 19.799453735351562, 19.799453735351562, 12.811582565307617, 19.799453735351562, 3.3086371421813965, 3.3086371421813965, 16.120220184326172, 3.3086371421813965, 3.3086371421813965, 6.617274284362793, 19.799453735351562, 0.0, 0.0, 3.3086371421813965, 19.428857803344727, 19.799453735351562, 19.799453735351562, 19.799453735351562, 19.799453735351562, 0.17347557245950831, 0.16397126583154728, 0.07789426791649562, 0.04156383750816596, 0.03313621262094836, 0.14301442888267063, 0.06157311730869867, 0.029892030055443674, 0.061022810621101535, 0.1558120441804823, 0.14926630619701686, 0.11430523103870997, 0.0737071428890702, 0.11166492290980899, 0.14630389410269215, 0.11253671946534016, 0.15230278280038478, 0.03439038919116121, 0.16313088995349076, 0.02756450054074622, 0.11012537627063132, 0.15868985719846668, 0.0809827943605299, 0.11036256759057524, 0.09166049754574974, 0.06926292103218107, 0.1603078628513519, 0.10191050600212576, 0.03365073173002525, 0.11283837576488533, 0.14838518076779803, 0.15230404283447704, 0.07179318345884367, 0.08510997998670175, 0.1522589527513735, 0.12523384988687022, 0.16591966306143496, 0.14875999278396274, 0.13635013222000256, 0.05463009427015021]"
A3S2X46C2GHTDT,"[14.84968376159668, 14.84968376159668, 14.84968376159668, 12.157657623291016, 14.84968376159668, 0.0, 14.84968376159668, 7.409955024719238, 7.409955024719238, 14.84968376159668, 0.0, 11.942376136779785, 14.84968376159668, 14.84968376159668, 14.84968376159668, 14.84968376159668, 14.84968376159668, 7.229197025299072, 14.84968376159668, 0.0, 14.84968376159668, 14.604626655578613, 14.84968376159668, 7.194671630859375, 14.84968376159668, 0.0, 0.0, 14.84968376159668, 9.561227798461914, 9.561227798461914, 12.157657623291016, 14.84968376159668, 0.0, 0.0, 12.042722702026367, 14.84968376159668, 7.194671630859375, 9.345945358276367, 14.84968376159668, 14.84968376159668, 0.13721176000366994, 0.05673724121937325, 0.09904692351800364, 0.028492980626277975, 0.14237868939782677, 0.05034295315453091, 0.09465364452286244, 0.09300911010656318, 0.16896035395875308, 0.11947974557229665, 0.13515192559995762, 0.054405339519646004, 0.09542808511271388, 0.07327452709590325, 0.036636932919783344, 0.15473283927629145, 0.15997776325793936, 0.027926140526630724, 0.04857741450223453, 0.07756558568921382, 0.156754680794539, 0.0885271119301626, 0.1200189557267927, 0.09985972085620103, 0.12088000424519378, 0.12463441120022013, 0.16185145141692278, 0.07981793381846447, 0.13423347881020573, 0.04640826235827638, 0.11359902992984665, 0.16270738013806846, 0.07719242547571015, 0.08615854529184264, 0.021309447739865008, 0.12332046323877519, 0.06824742054190448, 0.03768462373912486, 0.12441539654797285, 0.057457288381921594]"
A3S3R88HA0HZG3,"[27.295124053955078, 25.62070083618164, 26.840274810791016, 27.029544830322266, 26.97746467590332, 6.943795204162598, 27.295124053955078, 12.727075576782227, 13.972938537597656, 15.295489311218262, 10.458108901977539, 16.283466339111328, 27.020517349243164, 25.58941078186035, 23.84292221069336, 27.295124053955078, 20.084665298461914, 26.5670166015625, 27.295124053955078, 7.336938381195068, 27.295124053955078, 11.845202445983887, 25.223430633544922, 0.2532442808151245, 26.525135040283203, 5.304719924926758, 7.817564010620117, 25.645160675048828, 25.583145141601562, 22.516998291015625, 20.669788360595703, 23.328622817993164, 5.304719924926758, 0.0, 27.295124053955078, 14.717109680175781, 14.31263256072998, 15.766798973083496, 27.295124053955078, 27.055938720703125, 0.1254812133594816, 0.0315681828670598, 0.05539576409756052, 0.08397698458724445, 0.08010292777390009, 0.05819899801453533, 0.12857999556055572, 0.11758814855176919, 0.04354761453244227, 0.1474296570275236, 0.16534608802187428, 0.14937386605035868, 0.06724738044742638, 0.14305119379243345, 0.04228244962637725, 0.1593946210184262, 0.07069657642155688, 0.014988591712526646, 0.049827376281743455, 0.10487456526177176, 0.036700854400666776, 0.13607290770960068, 0.12533546318628114, 0.018900347511916823, 0.15966996167614944, 0.02754504466333221, 0.15363140586690124, 0.15360249957719058, 0.025881858411167056, 0.03849498834202164, 0.12841763603842404, 0.06981027717974873, 0.09916988060633054, 0.11861292662220482, 0.08862415386174619, 0.10625978857620572, 0.06782737293939012, 0.03990907644315152, 0.08721203643011759, 0.09242310278695999]"
A3S5MHB0P2RTI5,"[5.708797931671143, 3.3514904975891113, 0.8790248036384583, 3.477712869644165, 5.193960666656494, 0.0, 9.416383743286133, 0.5399702787399292, 2.5488674640655518, 4.094084739685059, 0.0, 3.4278922080993652, 3.97365403175354, 3.477712869644165, 4.108266353607178, 9.416383743286133, 2.5986881256103516, 2.5488674640655518, 4.8526787757873535, 2.5488674640655518, 4.8526787757873535, 4.265115261077881, 3.477712869644165, 0.0, 4.802858352661133, 0.0, 0.0, 3.477712869644165, 0.0, 2.5488674640655518, 2.407127857208252, 9.466203689575195, 0.0, 0.0, 3.4278922080993652, 3.970238208770752, 3.301670551300049, 3.4278922080993652, 8.926233291625977, 3.3514904975891113, 0.050368560596622834, 0.06657555724509384, 0.16389721078911734, 0.11801657974695802, 0.07599436110790377, 0.16565718293536902, 0.12182899125834888, 0.05703173742792447, 0.06294806163359773, 0.06887113685589515, 0.08875363851917334, 0.11304585759306875, 0.08619067552894492, 0.04054580812614926, 0.09632121029686433, 0.07994921831605462, 0.16566188104176421, 0.10974713969889047, 0.12603316979014256, 0.1281746015971172, 0.09221182110311886, 0.048656281131518105, 0.06591174680552074, 0.1685370042467487, 0.06645366272205033, 0.09595487133277811, 0.05155456494804558, 0.165635065554001, 0.029688591506226866, 0.08623886883445049, 0.09278535628180361, 0.11060369916435894, 0.09443068744631657, 0.10020419510799096, 0.11282836840064528, 0.08980739949506752, 0.15031679532567016, 0.15581907447955895, 0.13465225031946484, 0.0910039211335576]"
A3SFRT223XXWF7,"[3.674159049987793, 3.0581445693969727, 1.4775934219360352, 1.4775934219360352, 4.756849765777588, 0.3575804829597473, 5.372864246368408, 3.427703857421875, 0.0, 2.196565866470337, 1.1570134162902832, 2.277026414871216, 1.521622657775879, 3.674159049987793, 4.756849765777588, 1.2130213975906372, 4.252851486206055, 1.7170199155807495, 2.3330345153808594, 0.3575804829597473, 3.6181509494781494, 0.0, 1.6729904413223267, 0.0, 5.372864246368408, 0.3575804829597473, 0.3575804829597473, 2.258711576461792, 3.4717330932617188, 0.3575804829597473, 0.9735949635505676, 4.868865966796875, 1.11298406124115, 0.0, 1.521622657775879, 2.258711576461792, 0.6040357351303101, 0.7994328737258911, 5.428872585296631, 2.277026414871216, 0.14602563465113594, 0.12916646909910853, 0.054220473670380034, 0.029909403022415394, 0.05684094351967378, 0.118337892779989, 0.13974271316841388, 0.13639666480530455, 0.059540447858900246, 0.06807499346137762, 0.13219003301337504, 0.09441920992408485, 0.15389174638339959, 0.11074848579025832, 0.11191685025603205, 0.15253679865189176, 0.06739549866400064, 0.12819670313897097, 0.09543865964060705, 0.04417275776718455, 0.10286428789611872, 0.058678405840839595, 0.08845365979213167, 0.029038060049864128, 0.0413736491232577, 0.1251220150960791, 0.10317839286929509, 0.016620907701031664, 0.05271446054083112, 0.06749465585355484, 0.022272017167619715, 0.06887484206113026, 0.10140022122934948, 0.027566908499145622, 0.046421253710752994, 0.016612209984992268, 0.06473656672818304, 0.11035252423992752, 0.15419159216569603, 0.13118778470448356]"
A3SLC8F6VIWXIR,"[8.035215377807617, 7.074196815490723, 5.68541145324707, 4.785196781158447, 7.367713928222656, 1.1990045309066772, 7.467239856719971, 4.276540756225586, 0.5828438997268677, 7.076076030731201, 3.0349955558776855, 8.438745498657227, 3.7491092681884766, 7.627764701843262, 6.720747947692871, 7.924648761749268, 6.7600860595703125, 5.694029331207275, 8.057101249694824, 1.5638688802719116, 7.888744354248047, 4.095805644989014, 7.352627754211426, 0.0, 7.402210235595703, 2.0077433586120605, 1.1990045309066772, 7.676969528198242, 2.2381491661071777, 2.186046600341797, 2.947136402130127, 7.959418773651123, 0.9810249209403992, 0.0, 5.391645908355713, 5.7511115074157715, 7.186142444610596, 6.4879374504089355, 7.924648761749268, 8.353790283203125, 0.0796732097803952, 0.09868582092192726, 0.0633556371282467, 0.0728024193943016, 0.05274435262010383, 0.1469619191098507, 0.11198628260772617, 0.07340413529042093, 0.1315954260426448, 0.06685803784910936, 0.03503549217755067, 0.10933166628271648, 0.09271879054438968, 0.1555621829390586, 0.09887097806778077, 0.017893238389073498, 0.024636371494615415, 0.09282044533391196, 0.12448064233453358, 0.07287502072814643, 0.15712144339539233, 0.05394023684930765, 0.07654360457840505, 0.10424226232725498, 0.06910379570366552, 0.15425757173009363, 0.15226533426772007, 0.14634858926918864, 0.053380115223456495, 0.08908281039604418, 0.14002721439361407, 0.04805628243739595, 0.013827922371639826, 0.08787478157283393, 0.10778754578753552, 0.1380929584585622, 0.07463196704905886, 0.1133224143416848, 0.03716443853158332, 0.031037482589379384]"
A3SMR4HRFJARSC,"[1.7297523021697998, 2.0372238159179688, 2.9491474628448486, 3.8842906951904297, 3.0114121437072754, -0.8016851544380188, 1.2310712337493896, 5.193023204803467, -1.4259099960327148, -1.1714166402816772, 2.494335889816284, 2.929793119430542, 1.232922077178955, 0.746734619140625, 1.450538158416748, 3.5791335105895996, 1.8811407089233398, -1.878659963607788, 1.0514588356018066, 2.494335889816284, 0.781249463558197, -1.1316691637039185, 5.111657619476318, 0.5963190793991089, 0.9620621204376221, 2.494335889816284, 2.3976657390594482, -0.11361467838287354, -0.390160471200943, 0.49113520979881287, 0.842321515083313, 1.759037733078003, 2.494335889816284, 0.0, 0.1339711993932724, 0.8297945261001587, 1.5388808250427246, 2.0975067615509033, 2.5200016498565674, 4.0928955078125, 0.0797305480205761, 0.0639601160720174, 0.08927343115154365, 0.07477823565687404, 0.13654635064221368, 0.1339302900494681, 0.017822544942172933, 0.03423488002327705, 0.0612760346568123, 0.007791301506242763, 0.010503342662392527, 0.11107411713342136, 0.11180068631214596, 0.1175243644991666, 0.032323628370308395, 0.11124770817294355, 0.07244144946927128, 0.1476952899902656, 0.1088510898620789, 0.14499259183312568, 0.08201155859894921, 0.13615120858456634, 0.06289392317731547, 0.1177665078422503, 0.07881358596557521, 0.021747880486465577, 0.08136688600079578, 0.15366701288110743, 0.047073418340239905, 0.09334301377339857, 0.13720250226893346, 0.15776716848856367, 0.04961906661018077, 0.011367429279821031, 0.13727076243737812, 0.11399605370250869, 0.08321255235989289, 0.1328061196265264, 0.019322880450490538, 0.08100591447701853]"
A3SR36PIOEYYO1,"[2.48149037361145, 2.48149037361145, 2.48149037361145, 0.0, 2.48149037361145, 0.0, 2.48149037361145, 0.0, 0.0, 2.48149037361145, 0.0, 2.48149037361145, 2.48149037361145, 2.48149037361145, 2.48149037361145, 2.48149037361145, 2.48149037361145, 0.0, 2.48149037361145, 0.0, 2.48149037361145, 2.48149037361145, 2.48149037361145, 2.48149037361145, 2.48149037361145, 0.0, 0.0, 2.48149037361145, 0.0, 0.0, 0.0, 2.48149037361145, 0.0, 0.0, 0.0, 2.48149037361145, 2.48149037361145, 2.48149037361145, 2.48149037361145, 2.48149037361145, 0.05224803503615182, 0.08929206485023058, 0.13580763044189023, 0.11587802963949151, 0.08519944193966975, 0.07335614640825416, 0.0848501653264723, 0.16100389202485535, 0.1366195101634376, 0.06669403793975982, 0.022456875820079544, 0.09457133305648198, 0.04296769800690847, 0.1268020305926419, 0.06311048215528361, 0.15807059169322113, 0.05862490220554175, 0.14884984697340642, 0.05849962351861118, 0.10403409824909218, 0.07341590708953084, 0.08588330701118446, 0.09502969504683065, 0.058851556677884796, 0.04310171677639279, 0.15637464525355985, 0.04693301128731541, 0.14626288550120717, 0.16739179844930416, 0.09493712377804962, 0.05883419716578798, 0.11403461749200426, 0.13398023220121255, 0.08766836411053257, 0.16609694125297753, 0.09665052831965892, 0.06830845037308614, 0.09799666800617428, 0.11396806871130928, 0.07584341139086703]"
A3T1HGP5MN7OB6,"[0.9122041463851929, 0.9122041463851929, 0.0, 0.9122041463851929, 0.9122041463851929, 0.0, 0.9122041463851929, 0.0, 0.9122041463851929, 0.9122041463851929, 0.0, 0.9122041463851929, 0.9122041463851929, 0.9122041463851929, 0.9122041463851929, 0.9122041463851929, 0.9122041463851929, 0.9122041463851929, 0.9122041463851929, 0.9122041463851929, 0.9122041463851929, 0.9122041463851929, 0.9122041463851929, 0.0, 0.9122041463851929, 0.0, 0.0, 0.9122041463851929, 0.0, 0.9122041463851929, 0.0, 0.9122041463851929, 0.0, 0.0, 0.9122041463851929, 0.0, 0.9122041463851929, 0.9122041463851929, 0.9122041463851929, 0.9122041463851929, 0.05370066093519967, 0.06114164488971468, 0.0351853039666102, 0.159434424762804, 0.16547904654439075, 0.16687751298511813, 0.08884822858348725, 0.042813315686472855, 0.17000923970239679, 0.08001015744955958, 0.0531669440656374, 0.14151509152146702, 0.09512211429629559, 0.07983057945916855, 0.05495856424279205, 0.08672104580864422, 0.16780996415216023, 0.07450848586814178, 0.047731707362125404, 0.09977869839138144, 0.09617639241692374, 0.0843158484685849, 0.11961130205551437, 0.1559291675432319, 0.12615210241758995, 0.0644743700463217, 0.10699818314249973, 0.11347313530938148, 0.12295340905435218, 0.07743311700966025, 0.14791375235823856, 0.08826499371867545, 0.12893934427476642, 0.0962198622398606, 0.12516204252588864, 0.15950162492944125, 0.09584012508048456, 0.13277728283636553, 0.08517054276114687, 0.03989422780552587]"
A3T2BPXBDMLJPE,"[7.244325637817383, 4.345736980438232, 7.6884026527404785, 6.26302433013916, 5.1713457107543945, 1.582798957824707, 5.996263027191162, 1.3965001106262207, 1.6645946502685547, 4.294447898864746, 5.208664417266846, 8.361082077026367, 7.5766921043396, 5.884552478790283, 6.931211948394775, 8.766210556030273, 5.089549541473389, 6.707100868225098, 12.936458587646484, 1.582798957824707, 5.884552478790283, 3.3731725215911865, 7.815514087677002, 0.0, 5.232408046722412, 1.582798957824707, 4.479018688201904, 7.459404468536377, 6.900606632232666, 4.448413372039795, 9.864751815795898, 8.780773162841797, 2.6811420917510986, -0.0439830906689167, 7.353667259216309, 5.721948623657227, 2.0149784088134766, 2.8539645671844482, 5.996263027191162, 6.767521858215332, 0.08486704772868398, 0.05391605660613983, 0.08259635991274523, 0.05027127985287931, 0.1082747418400145, 0.038312173106410705, 0.1609228233539658, 0.05985600187551488, 0.038357781940996025, 0.09564994138561539, 0.13105382289334902, 0.034003479596009197, 0.030596081490751034, 0.05879236852132683, 0.04972241838190858, 0.05076157677487572, 0.06659444016486112, 0.09078012027652853, 0.05581755189243883, 0.14458487926905073, 0.06820441971399085, 0.11982828834581283, 0.0489109055726103, 0.03360557156219455, 0.13551109460469607, 0.09520462245182125, 0.11562011801396223, 0.1464118933640647, 0.09943770918139508, 0.04342360980237533, 0.09863849878010232, 0.13398683906784964, 0.10861297020703135, 0.16824686125283214, 0.09997125648462636, 0.12082113499464349, 0.05963672505230489, 0.08504171667190996, 0.08359852603815687, 0.15418588716259055]"
A3T466V6635L3Z,"[10.599783897399902, 13.069652557373047, -1.0583932399749756, -1.0583932399749756, 11.537822723388672, 0.7200117707252502, 10.599783897399902, 13.190006256103516, 0.7200117707252502, 13.069652557373047, 0.7200117707252502, 13.069652557373047, 4.410689353942871, 11.411602973937988, 10.599783897399902, 12.131614685058594, 4.531044006347656, 12.007956504821777, 9.879772186279297, 0.7200117707252502, 13.069652557373047, 6.062874794006348, 4.531044006347656, 0.0, 6.282126426696777, 0.0, 0.7200117707252502, 4.65726375579834, 4.531044006347656, 0.0, 4.410689353942871, 12.257835388183594, 0.0, 0.0, -2.4698688983917236, -0.9380385875701904, 11.411602973937988, 7.720924377441406, 10.599783897399902, 5.130701065063477, 0.08658967310010518, 0.14715063158451885, 0.021299829587705228, 0.1248592962349804, 0.14781105560149674, 0.02085264506453549, 0.08696031092764031, 0.15574464563393883, 0.10859771252419544, 0.15741329852628594, 0.07233425462249948, 0.12661749441335493, 0.05703537894330475, 0.0607690096549308, 0.1366823262598477, 0.13741225344557087, 0.16673077553631324, 0.02260486209120985, 0.12085208050617076, 0.025299523344739307, 0.08405043103528219, 0.13037948625647666, 0.1311001226604497, 0.10903946105749625, 0.035738605747936594, 0.14071488462680284, 0.031114057913437763, 0.14563291717421253, 0.06982583496922976, 0.15872132959330712, 0.07701361312033399, 0.10381483515103954, 0.11110896498937627, 0.14226472508373003, 0.11010467852324782, 0.09620556100684328, 0.09985728367895531, 0.019960503519199115, 0.13328174777031218, 0.138516122246667]"
A3T94O0KWMLTNG,"[8.539127349853516, 3.0288169384002686, 7.991805553436279, 0.5473223924636841, 8.539127349853516, 0.0, 8.539127349853516, 0.0, 3.576139211654663, 8.539127349853516, 2.481494426727295, 8.539127349853516, 5.510311126708984, 8.539127349853516, 5.510311126708984, 5.510311126708984, 5.510311126708984, 0.5473223924636841, 8.539127349853516, 0.5473223924636841, 5.510311126708984, 5.510311126708984, 8.539127349853516, 2.481494426727295, 5.510311126708984, 2.481494426727295, 0.0, 5.510311126708984, 3.0288169384002686, 0.5473223924636841, 2.481494426727295, 8.539127349853516, 0.0, 0.0, 3.576139211654663, 7.991805553436279, 5.510311126708984, 5.510311126708984, 8.539127349853516, 8.539127349853516, 0.16869839131157, 0.16201751922710575, 0.04766018504140031, 0.03498574026686562, 0.036881207462440155, 0.11508572684114357, 0.10777388890382338, 0.09192627437980552, 0.02623707703749712, 0.04607733285546829, 0.05594728690661073, 0.037251011363164936, 0.04455360214738187, 0.1602387721649959, 0.07973153501538087, 0.08691777430741218, 0.07276294771994675, 0.0901747230735248, 0.06542932963711366, 0.03131274845791772, 0.11650620859114134, 0.12972852745738764, 0.09859070162753895, 0.048090892104884535, 0.153202094808672, 0.04499096812835162, 0.1434516141514509, 0.04300634604989169, 0.15341500512304715, 0.16252460952850786, 0.12934569071233942, 0.026726835129604873, 0.15797793847975625, 0.121822471235074, 0.1264612809093305, 0.056291247881721435, 0.1262826349072448, 0.1703558276464548, 0.06621679680737569, 0.03491762871595775]"
A3TBIPGY6C5KIL,"[8.271655082702637, 8.271655082702637, 8.271655082702637, 4.135827541351318, 8.271655082702637, 0.0, 8.271655082702637, 4.135827541351318, 0.0, 8.271655082702637, 4.135827541351318, 8.271655082702637, 8.271655082702637, 8.271655082702637, 8.271655082702637, 8.271655082702637, 8.271655082702637, 4.135827541351318, 8.271655082702637, 0.0, 8.271655082702637, 8.271655082702637, 8.271655082702637, 4.135827541351318, 8.271655082702637, 0.0, 4.135827541351318, 8.271655082702637, 4.135827541351318, 4.135827541351318, 4.135827541351318, 8.271655082702637, 0.0, 0.0, 4.135827541351318, 8.271655082702637, 8.271655082702637, 8.271655082702637, 8.271655082702637, 8.271655082702637, 0.17874124417701556, 0.172934643824219, 0.12899388336744821, 0.11369160829302165, 0.09720607226949533, 0.06688562313258876, 0.17414576231362552, 0.08352014687503086, 0.05814713993246905, 0.16625371016118298, 0.1513091956713277, 0.11832509032910667, 0.05655579555354817, 0.06142858747967214, 0.14433452140065992, 0.0757203010644026, 0.14319849303803073, 0.14574904602347058, 0.0538476803914093, 0.04779755908254538, 0.051474897412995387, 0.0578603847930395, 0.05272008283620567, 0.08815921983339148, 0.037634860708072954, 0.17712247503069953, 0.10007655595637535, 0.1618579769951358, 0.1755906124043919, 0.048805698739362975, 0.1557513796476757, 0.14824365398512349, 0.1098193815738627, 0.06560927504346618, 0.11116880074818546, 0.1687755819440245, 0.10327946781923597, 0.12473189304817292, 0.07487712894444139, 0.07182186483897308]"
A3TFW9R3OCAGUI,"[9.584813117980957, 9.584813117980957, 6.181765079498291, 10.490889549255371, 13.799541473388672, 0.0, 18.485797882080078, 0.0, 7.182236194610596, 18.485797882080078, 0.0, 9.584813117980957, 10.668194770812988, 13.364001274108887, 10.668194770812988, 9.584813117980957, 14.882923126220703, 12.045797348022461, 13.799541473388672, 4.0508880615234375, 14.271068572998047, 6.276159763336182, 9.584813117980957, 3.308652877807617, 9.584813117980957, 0.0, 0.0, 10.668194770812988, 2.873112201690674, 4.0508880615234375, 3.308652877807617, 9.584813117980957, 3.308652877807617, 0.0, 7.359541416168213, 5.533924102783203, 9.584813117980957, 10.668194770812988, 18.485797882080078, 13.799541473388672, 0.06695525139038412, 0.11301736420661988, 0.15675500364346903, 0.08280198567962391, 0.06152294731672557, 0.0761422778618196, 0.073493175056337, 0.022898576990135772, 0.0424858249635708, 0.14947237593187704, 0.16439084281784147, 0.1672022616186179, 0.07804678730294662, 0.1331055736670422, 0.091206085212084, 0.09532361997503458, 0.04564370073919516, 0.08779897946560525, 0.07062469838109196, 0.10078411310619709, 0.04479270490405655, 0.10899423968644181, 0.12071988187918571, 0.05593481713169299, 0.12634877366279101, 0.12127511315340328, 0.15836535022202386, 0.1305664346212311, 0.17145984452560356, 0.12180540388698073, 0.1178307329544176, 0.15476294610083188, 0.0862256403783755, 0.15783943051518984, 0.1530719554473083, 0.1284321024593335, 0.12988055300044105, 0.09682985229856503, 0.1278696671560546, 0.10968639740634306]"
A3TH0R81AWDJ49,"[-4.456629276275635, -4.402874946594238, -3.388155698776245, -3.045736789703369, -4.428345203399658, -3.337214946746826, -1.3400096893310547, -0.9392950534820557, 0.3169485330581665, -1.3400096893310547, 0.5885834693908691, -4.596271991729736, -4.570801734924316, -1.248543381690979, -1.122178554534912, -4.084149360656738, -2.748631477355957, -4.380218029022217, 0.8084878325462341, 0.0, -4.482099533081055, 0.29429173469543457, -2.7109196186065674, 0.0, -2.799572467803955, 0.0, 0.0, -4.893377304077148, -4.402874946594238, -3.296689510345459, -5.016928672790527, -1.4691879749298096, 0.24335093796253204, 0.3197621703147888, 0.04052557796239853, 0.1424565464258194, -1.2081164121627808, -2.850562334060669, -1.4437175989151, 0.06150411069393158, 0.14031726563956143, 0.09279360617423746, 0.09375930175553045, 0.09026206240646349, 0.04135473059254195, 0.12132846396378437, 0.1308506341728496, 0.10495234798070517, 0.12094822536943416, 0.16079907205322888, 0.1047090260289827, 0.033685341898884606, 0.07365353359277803, 0.10390520309892493, 0.02339341938240526, 0.05546944948118664, 0.10347196523303241, 0.11302385877403533, 0.0931870302823212, 0.06894068767170641, 0.04381687760465316, 0.029351584769201338, 0.12306244421917541, 0.05133895174701147, 0.04917129170109758, 0.08136955283047886, 0.07722021536298841, 0.1120301707028189, 0.03734462578176642, 0.026379658571057236, 0.06404487202409923, 0.07256926818837607, 0.1474412196693992, 0.16829077505102047, 0.09378737653163266, 0.06031399204127161, 0.1383449016343377, 0.10935553031952609, 0.022141635006438364, 0.1552727185804121]"
A3TIK2TSPADAH0,"[2.4809646606445312, 2.4809646606445312, 2.4809646606445312, 0.0, 5.037015438079834, 0.0, 5.037015438079834, 0.0, 0.0, 5.037015438079834, 0.0, 2.4809646606445312, 2.4809646606445312, 2.4809646606445312, 5.037015438079834, 5.037015438079834, 5.037015438079834, 0.0, 2.4809646606445312, 0.0, 5.037015438079834, 5.037015438079834, 5.037015438079834, 5.037015438079834, 2.4809646606445312, 0.0, 0.0, 2.4809646606445312, 0.0, 2.556051015853882, 0.0, 2.4809646606445312, 0.0, 0.0, 0.0, 2.4809646606445312, 2.4809646606445312, 5.037015438079834, 5.037015438079834, 2.4809646606445312, 0.0646142777381827, 0.06992367415602688, 0.055335574653568954, 0.09245195059053514, 0.159251711108975, 0.09448359532503715, 0.0712360017458151, 0.15788502341666316, 0.030479459986939066, 0.1296193720702407, 0.05571887346651303, 0.08139426979377938, 0.1006182643521552, 0.03681191078014088, 0.16368264778860891, 0.15039250931951617, 0.08603403341272417, 0.03176465950141345, 0.11563898378594199, 0.056322865121454666, 0.0882513676127048, 0.04988051444666319, 0.07926016630361353, 0.03894043720895862, 0.054229311807484366, 0.06652235290539832, 0.02513246865384441, 0.08853550294283612, 0.05220593813554063, 0.11013758044584002, 0.16433497464918173, 0.14066869865333795, 0.06358622659074106, 0.06323972987976251, 0.1652397995333755, 0.023111173757222592, 0.0525435567992127, 0.09477479656230445, 0.1348799784389372, 0.1030104471769219]"
A3TMBYDFP1B9DM,"[17.00884246826172, 13.124573707580566, 16.543243408203125, 15.25698471069336, 17.00884246826172, 2.3783457279205322, 17.00884246826172, 7.753453731536865, 4.10516357421875, 17.006614685058594, 2.896134614944458, 14.157856941223145, 16.872743606567383, 16.70594596862793, 17.00884246826172, 16.71718406677246, 13.050313949584961, 15.211499214172363, 17.00884246826172, 2.54276180267334, 16.671899795532227, 7.822542190551758, 17.00884246826172, 1.3910778760910034, 17.00884246826172, 2.0825343132019043, 2.0825343132019043, 12.447840690612793, 14.786848068237305, 13.8626708984375, 15.614450454711914, 16.400802612304688, 9.143394470214844, 0.2754581868648529, 15.701871871948242, 16.498085021972656, 12.252433776855469, 5.2828688621521, 17.00884246826172, 17.00884246826172, 0.1369586464549376, 0.05360782267635197, 0.13502865790420315, 0.13664368954241363, 0.11594084394595715, 0.13183550058100746, 0.035192135403464796, 0.016102650969994053, 0.14979568407658075, 0.02190679776084063, 0.07766028684758176, 0.14962035899318638, 0.10233701442318155, 0.0597008465102125, 0.04132088406274615, 0.014820044081347655, 0.03490808996432761, 0.10309909416244999, 0.1516389911182997, 0.05714155079854905, 0.1246845450381606, 0.13427847804146098, 0.13701752296924516, 0.123203069529472, 0.114098752848116, 0.051078638147368134, 0.14505006090710584, 0.07762765850029177, 0.043600531186103124, 0.06850738971406803, 0.05706254877889752, 0.15276716294170545, 0.09484190646180916, 0.08500113552269441, 0.08139189897297988, 0.023322474599965448, 0.150068852495538, 0.1009443214687089, 0.0489128891990811, 0.15970230367120716]"
A3TXZIWV9XZLMR,"[2.4814836978912354, 3.417752742767334, 2.4814836978912354, 0.0, 3.417752742767334, 0.0, 3.417752742767334, 0.0, 0.0, 2.4814836978912354, 0.0, 6.835505485534668, 2.4814836978912354, 5.899236679077148, 2.4814836978912354, 5.899236679077148, 2.4814836978912354, 0.0, 2.4814836978912354, 0.0, 2.4814836978912354, 2.4814836978912354, 2.4814836978912354, 2.4814836978912354, 2.4814836978912354, 0.0, 0.0, 2.4814836978912354, 0.0, 0.0, 0.0, 2.4814836978912354, 0.0, 0.0, 3.417752742767334, 2.4814836978912354, 2.4814836978912354, 2.4814836978912354, 2.4814836978912354, 2.4814836978912354, 0.1400348920282447, 0.13128526027548498, 0.11886194911263342, 0.09271358131031056, 0.1624034796310278, 0.07210640860865973, 0.13918957103432178, 0.14401398312622898, 0.036443716956145504, 0.030488811696363482, 0.07575441316337747, 0.08942443830725438, 0.11933755312208937, 0.11137959735774088, 0.07548429748052746, 0.12245935040304924, 0.12009873021821361, 0.10410228158405156, 0.12688449459749068, 0.04395343290179866, 0.031018240253613116, 0.07622641743587745, 0.07423795047123403, 0.07832789287939278, 0.1519631369143111, 0.08911450938972837, 0.05042656968211046, 0.0855607518825376, 0.11446534314558793, 0.04517467711385303, 0.1705072559245717, 0.04065611178723716, 0.0346086096517176, 0.06728691469090343, 0.1088560096591823, 0.05425599866041507, 0.05883004687010245, 0.16811510788023923, 0.06199242731099797, 0.12475560189419768]"
A3U05BH8UYBNLE,"[0.24048136174678802, 0.24048136174678802, 0.0, 0.24048136174678802, 0.24048136174678802, 0.0, 3.192930221557617, 0.24048136174678802, 0.24048136174678802, 0.48096272349357605, 0.24048136174678802, 0.0, 0.24048136174678802, 3.4334115982055664, 0.24048136174678802, 0.24048136174678802, 3.4334115982055664, 0.24048136174678802, 0.24048136174678802, 0.0, 0.24048136174678802, 0.24048136174678802, 0.24048136174678802, 0.0, 0.24048136174678802, 0.0, 0.0, 0.0, 0.24048136174678802, 0.0, 0.0, 0.24048136174678802, 0.0, 0.24048136174678802, 0.0, 0.24048136174678802, 0.24048136174678802, 0.0, 0.24048136174678802, 0.24048136174678802, 0.1593771571812822, 0.12513354115607234, 0.1590186179743395, 0.07115783292721628, 0.14043041406679538, 0.032379619684134546, 0.10510312582846855, 0.05928915366704514, 0.07559858437784613, 0.09250012003863223, 0.12741358642994238, 0.11124765968178041, 0.03680757302000415, 0.13407237069784392, 0.031557960870543064, 0.03439668455815612, 0.1261086808158519, 0.09925393324193037, 0.13137041627840534, 0.12762965945060828, 0.058407408535863736, 0.040678720278421815, 0.16327330584109442, 0.08186464251791366, 0.13261617042172308, 0.037308914352896204, 0.037325696475906986, 0.14809219391161058, 0.028373431524477022, 0.1478478574938169, 0.0412929402360511, 0.09938755414751875, 0.12366532843511838, 0.14407371938686958, 0.1558768261004117, 0.1542237890360077, 0.06581793501744022, 0.11587035730091891, 0.14778009989234475, 0.024835896441355212]"
A3UDCJBG2PMFRE,"[9.899779319763184, 9.899779319763184, 6.117147445678711, 0.0, 9.899779319763184, 6.117147445678711, 9.899779319763184, 9.899779319763184, 0.0, 9.899779319763184, 5.517171859741211, 9.899779319763184, 2.1313233375549316, 6.31066370010376, 9.899779319763184, 9.899779319763184, 9.899779319763184, 4.945013999938965, 9.899779319763184, 0.0, 6.31066370010376, 9.899779319763184, 9.899779319763184, 1.365649700164795, 9.899779319763184, 0.0, 0.0, 1.365649700164795, 0.7656736373901367, 0.0, 0.0, 9.899779319763184, 0.0, 0.0, 0.0, 1.365649700164795, 9.899779319763184, 6.31066370010376, 9.899779319763184, 6.31066370010376, 0.059830231975531806, 0.11664809417788409, 0.12855291565318153, 0.02873096501887666, 0.04225578963782829, 0.16080497191437917, 0.10068900218324504, 0.03926983151218786, 0.14240399431610143, 0.07502004027315763, 0.06934381722712285, 0.1504327202565301, 0.125608907579844, 0.11451405025921256, 0.08828603942376977, 0.04023382551263595, 0.03195528012770973, 0.04706354014136625, 0.05323064966090611, 0.15071596008983754, 0.13279238689751216, 0.1050248583684673, 0.13383424514020067, 0.02866682127471619, 0.0934984797703469, 0.1315977978839966, 0.15866972265664248, 0.1276031380501991, 0.0685716614256681, 0.017193540769668274, 0.05363205397549804, 0.10631871510983684, 0.0925057211742296, 0.022883527892966885, 0.12560129665076142, 0.13883958138731622, 0.14726150084813205, 0.13280507329607494, 0.1055194410948045, 0.06161294677021633]"
A3UE3Z1GP28DRW,"[14.849553108215332, 11.840736389160156, 11.840736389160156, 0.43954676389694214, 14.849553108215332, 0.0, 14.849553108215332, 0.0, 0.0, 11.401189804077148, 0.0, 0.0, 12.280284881591797, 14.849553108215332, 11.401189804077148, 14.849553108215332, 14.849553108215332, 14.849553108215332, 14.849553108215332, 0.0, 14.849553108215332, 11.401189804077148, 11.840736389160156, 11.401189804077148, 14.849553108215332, 0.0, 0.0, 11.401189804077148, 11.401189804077148, 0.0, 0.43954676389694214, 11.401189804077148, 0.0, 0.0, 11.401189804077148, 0.43954676389694214, 14.849553108215332, 0.0, 14.849553108215332, 14.849553108215332, 0.16000983083027637, 0.1418429767925414, 0.12837155158861227, 0.1486599569486874, 0.1131401259374778, 0.03994171506502061, 0.0709869708563476, 0.1334139003218546, 0.08761185665241907, 0.1463417289214213, 0.16705446675761176, 0.13049524358003992, 0.05740509867716387, 0.10803921696493547, 0.022366432379751697, 0.09573546752316271, 0.08640712736265173, 0.16458458434068923, 0.12023882011172826, 0.06418357612393719, 0.09734506211306003, 0.04590143061181197, 0.13550912105140658, 0.11467785956145281, 0.11755233210375407, 0.04765638403351855, 0.0841510259034991, 0.0845534407930089, 0.06033493467795061, 0.13607664529631092, 0.05530559403878458, 0.11756067002406187, 0.10257036942640779, 0.12869546506036178, 0.08723038159892978, 0.026604230997852137, 0.15144354210405658, 0.14838397259175887, 0.03784849861916081, 0.07262342760792684]"
A3UHBFT2EGPDG5,"[24.749412536621094, 24.749412536621094, 23.393516540527344, 11.235738754272461, 24.749412536621094, 0.20591512322425842, 24.749412536621094, 13.498639106750488, 10.637669563293457, 21.96139144897461, 0.0, 24.749412536621094, 10.9367036819458, 24.749412536621094, 24.749412536621094, 24.749412536621094, 20.67702293395996, 13.721075057983398, 24.749412536621094, 13.08650016784668, 24.749412536621094, 24.749412536621094, 24.749412536621094, 3.477972984313965, 24.749412536621094, 0.0, 0.0, 24.749412536621094, 1.7510210275650024, 14.452977180480957, 0.2990347743034363, 24.749412536621094, 0.0, 0.0, 10.975004196166992, 14.452977180480957, 24.749412536621094, 24.749412536621094, 24.749412536621094, 23.884979248046875, 0.06326258987263951, 0.07843346996447657, 0.10678431292599144, 0.06577914253849763, 0.09560650493428761, 0.16287104935107125, 0.09650251367444762, 0.03150509952600916, 0.17543119897251605, 0.08337202086229537, 0.038794075913983074, 0.034423777944085444, 0.17480380959244532, 0.1076859664722753, 0.12075198420121454, 0.1456162341103196, 0.12012374204411616, 0.0680705896551342, 0.09611640835245541, 0.08627107732999972, 0.08438843741329265, 0.13237835814395899, 0.07234983879460627, 0.16828933460572437, 0.13199013767534812, 0.09949786950822395, 0.10729667849679328, 0.13498717838657348, 0.1573231499120968, 0.03827780881017028, 0.1264363171276886, 0.11903230166910751, 0.14112582800007045, 0.13306194953476955, 0.03565212330117028, 0.1541524308679596, 0.1705366889651648, 0.1269294044805079, 0.07432363170156664, 0.1040973104842687]"
A3UIVN10P30BE2,"[8.708725929260254, 6.106773853302002, -0.5773313641548157, 4.029143333435059, 6.3054046630859375, -1.059678316116333, 3.3198533058166504, 6.083312511444092, 4.005681991577148, 4.322659969329834, 7.691762447357178, 0.9178202748298645, 4.005681991577148, 7.715223789215088, 3.5467963218688965, 6.206906318664551, 5.500833511352539, 4.005681991577148, 4.521488666534424, 0.0, 2.8223605155944824, 2.2633426189422607, 5.307300567626953, -0.4771992266178131, 1.9483449459075928, 0.0, 0.0, 0.0, 5.707779407501221, -1.059678316116333, 0.6007928848266602, 6.531902313232422, 0.0, 4.005681991577148, -0.5773313641548157, 5.125300407409668, 4.923501968383789, -0.4771992266178131, 6.160032749176025, 5.983180522918701, 0.06410763234999536, 0.12641517132689437, 0.10727179459278478, 0.042208043960381185, 0.06921200335427632, 0.1716074983172954, 0.0856572199766319, 0.13823733205929475, 0.03468240077225373, 0.11205396265538191, 0.04157325208266143, 0.14070021500630325, 0.11650481543509614, 0.06075770532154824, 0.06625599283281866, 0.12681569107853888, 0.055129421803921864, 0.1177202241404251, 0.06339814442940153, 0.043172348220914376, 0.07038912858980417, 0.1633276152407755, 0.11110443146639633, 0.13281729608664747, 0.07835489005695438, 0.09169127415014698, 0.11462310105150599, 0.14073006303780924, 0.025339071279228232, 0.05117116111184396, 0.14049332725472563, 0.08400142323696053, 0.06968755004395225, 0.1162672882925424, 0.052954340322799824, 0.10350690288056494, 0.06811315938009399, 0.07382156084030735, 0.13273491686825126, 0.11010068041175244]"
A3UJNWXI82I8P7,"[11.321218490600586, 4.135824203491211, 12.40747356414795, 7.813040733337402, 4.135824203491211, 0.0, 12.40747356414795, 0.0, 0.0, 12.40747356414795, 8.271648406982422, 12.40747356414795, 12.40747356414795, 12.40747356414795, 4.135824203491211, 4.135824203491211, 12.40747356414795, 8.271648406982422, 12.40747356414795, 0.0, 12.40747356414795, 4.135824203491211, 4.135824203491211, 4.135824203491211, 12.40747356414795, 0.0, 0.0, 3.677216053009033, 0.0, 0.0, 8.271648406982422, 12.40747356414795, 0.0, 0.0, 0.0, 4.135824203491211, 4.135824203491211, 4.135824203491211, 12.40747356414795, 12.40747356414795, 0.12986672127645418, 0.07460804805202961, 0.12421504281368685, 0.03998329955405198, 0.14370211266139135, 0.03314075303931508, 0.03889265343499402, 0.17589875181600267, 0.13785704910678237, 0.04418762288097022, 0.05870465474957678, 0.03189412736652054, 0.1352593223317549, 0.12942743619731506, 0.08266592894316697, 0.1721376115014079, 0.10637074450841195, 0.1658394915381534, 0.12115554440350557, 0.14499965937789808, 0.1093124396350573, 0.15274860538992233, 0.14892862458488043, 0.14283057886308612, 0.03544995705736988, 0.09207199456914493, 0.037938051909292426, 0.13560193964760453, 0.06572182352543933, 0.1340791483976186, 0.08847494832768218, 0.14475740794474998, 0.06391715777467465, 0.09537966853523241, 0.10030641653076891, 0.1137435660182542, 0.07090749945668119, 0.17245680551942014, 0.051160486551531624, 0.15432591938594606]"
A3UXFQUZ6P1JRB,"[19.799541473388672, 17.725292205810547, 19.799541473388672, 19.799541473388672, 19.799541473388672, 0.0, 19.799541473388672, 0.0, 0.0, -0.18037381768226624, -0.18037381768226624, 19.799541473388672, 19.799541473388672, 19.799541473388672, 19.799541473388672, 15.94605541229248, 15.677623748779297, 19.799541473388672, 19.799541473388672, 0.0, 19.799541473388672, 1.2423717975616455, 19.799541473388672, 1.5108040571212769, 19.799541473388672, -0.26843225955963135, 0.0, 17.796817779541016, 19.799541473388672, 0.0, -0.26843225955963135, 19.799541473388672, 0.0, 0.0, 19.799541473388672, -0.26843225955963135, 19.799541473388672, -0.18037381768226624, 19.799541473388672, 19.799541473388672, 0.038424420673241824, 0.12383123111234155, 0.04015447696978888, 0.1459431871398884, 0.13841482999621565, 0.06976904528833285, 0.10060276321444436, 0.16245451373913136, 0.026692552812986593, 0.07419834372863313, 0.15814151049389577, 0.11826362129929914, 0.1448742013499671, 0.06279460251174461, 0.13961263138606658, 0.12651550430858063, 0.06297649202960795, 0.0494371821022062, 0.1409138828326016, 0.06735697257479914, 0.10805347588707358, 0.16717316066581728, 0.16514065877002893, 0.10963374416892885, 0.06403270843144983, 0.15843232277818914, 0.13599747860518202, 0.08299648160302774, 0.06411831334334692, 0.11332433389017789, 0.16676021160077587, 0.09562178076668518, 0.10738330003545676, 0.12810700023397958, 0.062085812068471316, 0.12361147096246093, 0.048454364136329225, 0.08828246758077736, 0.15424099092659138, 0.07921681451468865]"
A3UXKTNN3U6E0D,"[1.0899666547775269, 1.0899666547775269, 1.0899666547775269, 1.0899666547775269, 1.0899666547775269, 1.0899666547775269, 1.0899666547775269, 0.0, 1.0899666547775269, 1.0899666547775269, 1.0899666547775269, 1.0899666547775269, 1.0899666547775269, 1.0899666547775269, 1.0899666547775269, 1.0899666547775269, 1.0899666547775269, 1.0899666547775269, 1.0899666547775269, 1.0899666547775269, 1.0899666547775269, 2.1799333095550537, 1.0899666547775269, 0.0, 1.0899666547775269, 0.0, 1.0899666547775269, 1.0899666547775269, 1.0899666547775269, 0.0, 1.0899666547775269, 1.0899666547775269, 0.0, 0.0, 1.0899666547775269, 1.0899666547775269, 1.0899666547775269, 1.0899666547775269, 1.0899666547775269, 1.0899666547775269, 0.13722089030030749, 0.11634954989076314, 0.14237988284768233, 0.17795095740629197, 0.1526460115908672, 0.11834420338009742, 0.03832677003154429, 0.17307014971835613, 0.12930504204343848, 0.17478185305836763, 0.17490678380103045, 0.06764706780998528, 0.16744727187217234, 0.09521856176537347, 0.07463461727094588, 0.17542786731706278, 0.03170512241032237, 0.07628848586834286, 0.04676691324131233, 0.05083136184493159, 0.13523257383132478, 0.10125928125919048, 0.05213779600475334, 0.07357748830514328, 0.14870909322772508, 0.08844898663532254, 0.11615347595875296, 0.03427352272444605, 0.0610240269860642, 0.06643486039366374, 0.12767204238106838, 0.1671480454745194, 0.08181271341955208, 0.14955307386059685, 0.10263129490246829, 0.10384319604579621, 0.11990569502769362, 0.10542091776944718, 0.13640697249694736, 0.10753693494912565]"
A3V0ZDC7WJX4G6,"[1.5515329837799072, 0.7452688813209534, 1.4468796253204346, 0.5500696897506714, 1.5515329837799072, 0.5500696897506714, 2.849210262298584, 0.0, 0.7452688813209534, 1.5515329837799072, 0.0, 0.19519919157028198, 1.1001393795013428, 1.7348895072937012, 0.5500696897506714, 2.5411534309387207, 1.1848198175430298, 1.1848198175430298, 1.7348895072937012, 0.0, 1.5396902561187744, 0.989620566368103, 1.7348895072937012, 0.43955087661743164, 1.624370813369751, 0.0, 0.0, 2.2121214866638184, 1.1001393795013428, 1.1001393795013428, 1.7348895072937012, 1.1848198175430298, 0.0, 0.0, 1.2953386306762695, 1.5515329837799072, 0.43955087661743164, 0.0, 2.5411534309387207, 1.1848198175430298, 0.03768402259416935, 0.1359694388369682, 0.09113900835466901, 0.10475922454587897, 0.13340961776037766, 0.055185501964223456, 0.14653537031262037, 0.032801546550157185, 0.12324825569664626, 0.10107870181510883, 0.09817783896936125, 0.16826216460006618, 0.05985672931987075, 0.1464075051351049, 0.04435673603663104, 0.06460045798806514, 0.1449613772023028, 0.1115808041052959, 0.0916165944422248, 0.03304184664500473, 0.10652356910989098, 0.10303160406151393, 0.030623176914797472, 0.138879915186328, 0.10500557583672299, 0.1388980226046609, 0.04843672792280021, 0.07623001604741092, 0.06101513053079647, 0.09289753041122377, 0.09361254843919582, 0.16665146701932795, 0.1336768401716413, 0.07355643864147426, 0.1643644275052658, 0.0968950563441714, 0.12138744183092504, 0.1519360191545796, 0.03843569964606324, 0.03908678958342043]"
A3V6HGWB3AKM8O,"[3.71223521232605, 2.1817896366119385, 2.1817896366119385, 2.1817896366119385, 2.621340274810791, 0.0, 3.0608906745910645, 3.2726845741271973, 0.0, 3.71223521232605, 2.1817896366119385, 2.1817896366119385, 2.1817896366119385, 2.621340274810791, 3.71223521232605, 3.0608906745910645, 2.621340274810791, 2.621340274810791, 2.621340274810791, 1.0908948183059692, 2.621340274810791, 4.151785850524902, 2.1817896366119385, 0.43955063819885254, 2.621340274810791, 0.0, 2.1817896366119385, 2.1817896366119385, 2.1817896366119385, 2.1817896366119385, 2.1817896366119385, 2.621340274810791, 0.0, 0.0, 2.1817896366119385, 2.1817896366119385, 2.621340274810791, 2.1817896366119385, 3.71223521232605, 2.621340274810791, 0.035413398318920195, 0.1035585730873978, 0.055237595068421165, 0.15123345128659169, 0.04317925405515702, 0.12831926514107816, 0.13019594965383882, 0.12544384322320432, 0.10947248820625155, 0.0438493176776062, 0.0458013273158514, 0.1594943591686509, 0.1299419742117626, 0.09251260776611334, 0.15883861238868757, 0.024181628843906566, 0.11227292433013963, 0.0295781594360266, 0.06598501145012288, 0.02736460062775467, 0.025593926844963366, 0.06597646708894848, 0.06040735024215094, 0.05021339458877411, 0.13054203341401954, 0.12687087314154843, 0.14148072552385077, 0.030133076419887363, 0.03480368683928103, 0.03962972330619175, 0.11262645615132992, 0.151129264917234, 0.029735439202380597, 0.1255465773051917, 0.062117039781415515, 0.025264171973860043, 0.16052810526503478, 0.036272253993514726, 0.04412238313082769, 0.11642258795715703]"
A3V6X81OCON26K,"[1.0222761631011963, 0.9122030735015869, 0.0, 1.832078456878662, 1.832078456878662, 0.0, 1.832078456878662, 0.0, 1.7220051288604736, 1.7220051288604736, 0.0, 0.9122030735015869, 0.9122030735015869, 1.832078456878662, 0.9122030735015869, 0.9122030735015869, 1.7220051288604736, 1.0222761631011963, 1.832078456878662, 0.9122030735015869, 0.9122030735015869, 0.9122030735015869, 1.0222761631011963, 0.0, 0.9122030735015869, 0.0, 0.0, 0.9122030735015869, 0.11007320135831833, 0.9122030735015869, 0.11007320135831833, 0.9122030735015869, 0.0, 0.0, 0.9122030735015869, 0.0, 1.0222761631011963, 0.9122030735015869, 1.7220051288604736, 1.832078456878662, 0.03890264946677569, 0.03399800309517722, 0.06723173228722994, 0.06015876603572642, 0.06512337811550746, 0.07963744020083048, 0.17516315141735003, 0.101498302442929, 0.04644927412402284, 0.16665459693474108, 0.06785258125369945, 0.16638176758630074, 0.08407212627369043, 0.17257007178279937, 0.13995745574658627, 0.05685737621633347, 0.040623729967507814, 0.08757233905641038, 0.10141896873190395, 0.18076965458606503, 0.15948793306009376, 0.147555177750654, 0.09558903205100501, 0.16508570628380012, 0.12117714044529423, 0.1532491559384087, 0.12151018109136623, 0.13116578283692928, 0.14077630278120254, 0.161681732471496, 0.06835002680828747, 0.15339772710114535, 0.05884370888274708, 0.044209422739081204, 0.03789927457649586, 0.15239271666491297, 0.14300591654313463, 0.08337136946530267, 0.03607697662315756, 0.1509482498775006]"
A3VC5W5GW7QAQK,"[6.263040542602539, 0.944130539894104, 5.350835800170898, 1.2686580419540405, 5.404480934143066, 0.0, 6.263040542602539, -1.0196163654327393, 0.9122037887573242, 5.16670036315918, -1.0196163654327393, 5.404480934143066, 5.404480934143066, 15.52045726776123, 5.404480934143066, 6.263040542602539, 4.390247344970703, 1.2686580419540405, 1.9583641290664673, 0.9122037887573242, 5.404480934143066, 4.0284104347229, 5.404480934143066, 4.135822772979736, 4.390247344970703, 0.0, -0.00538301095366478, 5.404480934143066, 1.2150135040283203, 0.3564542829990387, 4.492277145385742, 5.404480934143066, 1.9264373779296875, 0.0, -2.1774587631225586, 3.478043556213379, 4.940613746643066, 4.390247344970703, 2.7348170280456543, 7.938518047332764, 0.06811818834171277, 0.06135865578507818, 0.11134912168132532, 0.16889191879433238, 0.15196848345585312, 0.03991079186296678, 0.11165662170806175, 0.12557780415142275, 0.1371824665678033, 0.046104464228054906, 0.1567223112551098, 0.09385498701849392, 0.07428224140090782, 0.1543292958886532, 0.1091659123457788, 0.06244399866891507, 0.13775717839087848, 0.039395033279321645, 0.15825365840155567, 0.058073456616879425, 0.1562062886593343, 0.13825310411562086, 0.0982771744537983, 0.11670946045344, 0.17852440608352538, 0.11528258192799463, 0.10261277703340559, 0.034627959614858185, 0.08229839301935027, 0.03843608635143294, 0.11923163254697686, 0.07863873802445152, 0.08166054759566937, 0.13139743594510003, 0.1065186465362448, 0.15950351276777763, 0.1810171506691252, 0.11053355716345864, 0.03386420699416987, 0.14859003696945253]"
A3VHZAX3IU2ZWD,"[5.877999305725098, 5.7449212074279785, 3.832702875137329, 0.48001596331596375, 5.877999305725098, 0.48001596331596375, 7.443279266357422, 0.0, 2.1783740520477295, 5.877999305725098, 2.5253121852874756, 5.877999305725098, 4.179640769958496, 5.877999305725098, 4.179640769958496, 4.179640769958496, 4.179640769958496, 2.5253121852874756, 5.877999305725098, 0.48001596331596375, 4.179640769958496, 2.1343448162078857, 3.832702875137329, 1.6543288230895996, 4.179640769958496, 0.0, 0.48001596331596375, 2.1343448162078857, 4.223670482635498, 0.0, 0.48001596331596375, 5.877999305725098, 0.0, 0.0, 4.223670482635498, 3.832702875137329, 4.179640769958496, 4.179640769958496, 5.877999305725098, 7.443279266357422, 0.1259573135786326, 0.10955034861292019, 0.1045377664741973, 0.15122286504124896, 0.1289248257256777, 0.1177735162526673, 0.0945039782684468, 0.07395132897987239, 0.020010371922089744, 0.10614688165757782, 0.13095806784242764, 0.11725433530844297, 0.035882992393898534, 0.14338370605639003, 0.09583578530992755, 0.10260404960608581, 0.1544620979413856, 0.09341091609083949, 0.08694740777851123, 0.15709170653852517, 0.014724037697823144, 0.05639781784054308, 0.040060646109482116, 0.15742999776404643, 0.11146716155941762, 0.014032020801997667, 0.1592307968796348, 0.021739800204436114, 0.07329377740693363, 0.14573965355737786, 0.13468949131617045, 0.1419055312839099, 0.09771856878307329, 0.05780881074856679, 0.02625360425663842, 0.1061655927261735, 0.0982246674167811, 0.02440370479552009, 0.0905843072483511, 0.0434122323568319]"
A3VJ27010XUWTF,"[8.760287284851074, 3.813323736190796, 6.525250434875488, 4.999102592468262, 10.597555160522461, 2.271778106689453, 7.563782215118408, 2.017777681350708, 3.1909892559051514, 2.9558167457580566, 4.057931423187256, 3.583836078643799, 4.644218444824219, 5.235719203948975, 4.730772972106934, 5.048688888549805, 7.278659343719482, 7.657017707824707, 4.587729454040527, 3.880013942718506, 3.5529465675354004, 2.9558167457580566, 7.661144256591797, 0.0, 7.323925971984863, 0.9241970777511597, 2.5840089321136475, 3.925281286239624, 6.284517288208008, 3.1610054969787598, 3.992891311645508, 6.002168655395508, 0.9241970777511597, 0.0, 11.809932708740234, 2.830989360809326, 2.6596391201019287, 3.1909892559051514, 12.374857902526855, 6.689983367919922, 0.07779818262507984, 0.1414611640822384, 0.07888502348562, 0.09144400266482586, 0.06757430237556991, 0.1493049665794074, 0.08904151246889815, 0.11051527331590792, 0.14204178933287706, 0.08409619873579298, 0.061556153563022874, 0.15545477980242509, 0.13141342737400352, 0.1408140464154123, 0.15252078127957078, 0.1010109285224848, 0.0401215727512475, 0.10617200662003949, 0.10084533436116297, 0.08697063768507421, 0.11695237000332306, 0.08805563333233066, 0.09845883519537789, 0.096976801832551, 0.15353309348636768, 0.03259761528675145, 0.1559691684239378, 0.11123913518122212, 0.1378768814651345, 0.09944054081502089, 0.12956174806623635, 0.11029810621416096, 0.15405727263565283, 0.05207555035035426, 0.011509616547307484, 0.0424541295556311, 0.015524436090589446, 0.14746867107378142, 0.13585067900440667, 0.02200509340166438]"
A3VJQ5WRH77UKU,"[3.825860023498535, 1.0001230239868164, 2.122681140899658, 2.764519691467285, 2.67000150680542, 0.45280247926712036, 2.67000150680542, 0.0, 0.5473204255104065, 1.0001230239868164, 0.0, 2.764519691467285, 2.764519691467285, 1.6086609363555908, 2.764519691467285, 1.6086609363555908, 2.0614633560180664, 3.825860023498535, 2.764519691467285, 0.5473204255104065, 1.6086609363555908, 0.5473204255104065, 1.6086609363555908, 0.0, 2.0614633560180664, 0.0, 0.608538031578064, 1.6086609363555908, 2.122681140899658, 2.764519691467285, 1.061340570449829, 1.6086609363555908, 0.608538031578064, 0.0, 3.3730578422546387, 1.1558585166931152, 0.5473204255104065, 1.0001230239868164, 2.67000150680542, 1.6086609363555908, 0.07279614645321404, 0.11694076703132811, 0.12584826213055675, 0.029099764168200596, 0.044540472724372504, 0.09667246637498078, 0.02242378184432065, 0.0682166662886606, 0.06241515335696347, 0.10380588565886124, 0.05448172978756643, 0.15340589715768543, 0.14371289810126578, 0.08544454130363721, 0.16549535057857792, 0.027262109840909092, 0.0907080687624461, 0.11105730838849025, 0.16963707197198152, 0.025442558599600283, 0.11985144107523729, 0.03001415801647968, 0.04426395277305029, 0.1451174507767389, 0.16051890945348582, 0.13590600035680245, 0.15503175338604577, 0.1144767116079035, 0.027253430816707443, 0.14791336135397357, 0.12489044365701772, 0.02183362313422127, 0.11220075968772804, 0.15826226223007653, 0.07020561005613776, 0.11027004595058731, 0.10584904292931362, 0.1450442248708845, 0.11129972813673066, 0.08217160645577078]"
A3VLTT45T236B,"[14.422131538391113, 14.414112091064453, 12.582281112670898, 14.533376693725586, 14.414112091064453, 0.8959100842475891, 14.422131538391113, 11.308484077453613, 14.266889572143555, 14.422131538391113, 13.263875961303711, 13.906126022338867, 14.935160636901855, 14.422131538391113, 13.906126022338867, 14.422131538391113, 14.157597541809082, 14.414112091064453, 14.541396141052246, 8.759048461914062, 14.422131538391113, 13.906126022338867, 14.422131538391113, 0.8520686626434326, 14.414112091064453, 0.0, 3.2442870140075684, 10.61347484588623, 3.328731060028076, 13.906126022338867, 6.805536270141602, 14.422131538391113, 0.008019326254725456, 0.0, 14.422131538391113, 13.906126022338867, 14.157597541809082, 14.414112091064453, 14.414112091064453, 14.533376693725586, 0.08897957005302358, 0.024270214633022112, 0.11757774089202998, 0.015770627886620987, 0.034323829985935944, 0.1470914030403801, 0.06938923100837333, 0.06116635094916417, 0.13931818215906733, 0.11883003844307702, 0.06884394582487628, 0.06524156918150484, 0.07111920517109692, 0.008883324620632828, 0.1297171222302656, 0.10593279052151088, 0.11232104276192491, 0.01539458714365533, 0.01619294011721037, 0.1533878533953585, 0.06927261643576077, 0.15792215750139815, 0.01138852304646291, 0.059556185096609815, 0.0410581401443893, 0.016848437895727948, 0.0699863890179047, 0.08993068122539448, 0.11839859972581288, 0.12219987130016949, 0.010783237237615833, 0.12168201990515405, 0.012091904772927965, 0.10147747578775622, 0.03197418945422531, 0.0771322957903681, 0.05524323184113992, 0.10419303864856555, 0.14295892150200454, 0.0641746639692386]"
A3VUYRFM95CGJR,"[0.0, 0.0, 0.0, 0.0, 0.0, 0.0, 0.0, 0.0, 0.0, 0.0, 0.0, 0.0, 0.0, 0.0, 0.0, 0.0, 0.0, 0.0, 0.0, 0.0, 0.0, 0.0, 0.0, 0.0, 0.0, 0.0, 0.0, 0.0, 0.0, 0.0, 0.0, 0.0, 0.0, 0.0, 0.0, 0.0, 0.0, 0.0, 0.0, 0.0, 0.17022546725415283, 0.05870908791150485, 0.07916593604438865, 0.05196804915320807, 0.03359215210330876, 0.13390830097464337, 0.09647018769547967, 0.12827976718786016, 0.03150877160803387, 0.07465506823428456, 0.1747047949823252, 0.1665774234383693, 0.14920929272162683, 0.0874614885388341, 0.10511940694284129, 0.0642451284805637, 0.15425062995505992, 0.143654052560262, 0.10987570120860235, 0.06714254063023561, 0.11865057264698366, 0.11784003957332381, 0.05824493551818368, 0.03053324994839204, 0.15143337583785066, 0.028839142981106302, 0.1277089702668962, 0.055426596904982965, 0.1774366895079862, 0.0969966588461713, 0.10538597867775387, 0.05971383610104855, 0.09228154477343796, 0.04416092110851451, 0.12140941221024158, 0.10997982412437948, 0.12441191095556936, 0.05254196370600757, 0.038628172419111664, 0.11028709588863574]"
A3W3YT08F94PO7,"[-0.20872898399829865, 0.0, -0.09574219584465027, 0.0, -0.15451009571552277, 0.0, -0.04152331501245499, 0.05421888828277588, -0.20872898399829865, 0.0, 0.0, 0.05421888828277588, 0.16720566153526306, 0.0, -0.20872898399829865, 0.11298678070306778, 0.0, -0.20872898399829865, 0.2100543975830078, 0.0, 0.2100543975830078, 0.0, -0.3044711649417877, 0.0, 0.0, 0.0, 0.0, 0.11298678070306778, -0.1531846821308136, 0.11298678070306778, 0.11298678070306778, 0.05421888828277588, 0.0, 0.0, 0.11298678070306778, 0.0, 0.05421888828277588, 0.0, 0.0, 0.0, 0.10556028176963593, 0.14331913860942744, 0.1252939310569402, 0.06675467684087584, 0.11997967073400125, 0.04961218309961714, 0.02231299505715066, 0.04616265981779141, 0.09281178683919299, 0.09462460981676803, 0.06738197060870936, 0.08742408704226799, -0.0008135426532296486, 0.05449382370053646, 0.08228118232294489, 0.02711614568686952, 0.12220345173805344, 0.020214920965689942, 0.1416074482352236, 0.04838234800914195, 0.06735309502280643, 0.014881121030378067, 0.125514342067633, 0.026075005288165927, 0.05153125112469174, 0.1135908395109186, 0.01835854108960708, 0.13991707991269461, 0.05647101361381103, 0.10155439710587336, 0.09209950313254969, 0.009342964354724677, 0.04118594288418019, 0.07186206669276445, -0.002135142397535434, 0.06363478098377916, 0.1079098820065066, 0.01154548974164986, 0.006630844403415107, 0.12522261409420146]"
A3YUWJTIW15EE,"[3.851818561553955, 4.083436489105225, 4.523209571838379, 4.291591167449951, 3.851818561553955, 4.523209571838379, 6.333309173583984, -0.43977293372154236, 2.0417182445526123, 4.083436489105225, -0.43977293372154236, 1.601945161819458, 4.523209571838379, 4.291591167449951, 3.851818561553955, 6.333309173583984, 6.564927577972412, 2.0417182445526123, 4.083436489105225, -0.43977293372154236, 3.851818561553955, 4.083436489105225, 3.851818561553955, 2.4814910888671875, 4.083436489105225, 0.0, -0.6713907122612, 4.083436489105225, 1.8101005554199219, 2.249873399734497, 4.291591167449951, 6.564927577972412, 0.0, 0.0, 1.8101005554199219, 6.773082733154297, 1.601945161819458, 2.0417182445526123, 6.564927577972412, 6.564927577972412, 0.043227802955933654, 0.09966051239153947, 0.09543085643486043, 0.17212670519525888, 0.1470857533101584, 0.028129147841496015, 0.13482669529629449, 0.06802681717745825, 0.12461287803195441, 0.16826370664955043, 0.05270914260636638, 0.16928655534735532, 0.04425749749202647, 0.024479153080524927, 0.12289941184699599, 0.14235045633652954, 0.061344474101975764, 0.04501020502756522, 0.10222613909784145, 0.15322181681954597, 0.05695337884472939, 0.1672491216113171, 0.14225179374605687, 0.1637313454868093, 0.16631937425796672, 0.11142236620086497, 0.03258559235756617, 0.16819101590728044, 0.08770412326043756, 0.1464144325443784, 0.026850887167322646, 0.06281680087276056, 0.05773878748163317, 0.16456795108077954, 0.021539655648022387, 0.021915874638576867, 0.06060568317393897, 0.11645215146467155, 0.04210630616890192, 0.050894129439937666]"
A41D5III07SB6,"[2.4814929962158203, 2.4814929962158203, 2.4814929962158203, 0.0, 2.4814929962158203, 0.0, 2.4814929962158203, 0.0, 0.0, 2.4814929962158203, 0.0, 2.4814929962158203, 2.4814929962158203, 2.4814929962158203, 2.4814929962158203, 2.4814929962158203, 2.4814929962158203, 0.0, 2.4814929962158203, 0.0, 2.4814929962158203, 2.4814929962158203, 2.4814929962158203, 2.4814929962158203, 2.4814929962158203, 0.0, 0.0, 2.4814929962158203, 0.0, 0.0, 0.0, 2.4814929962158203, 0.0, 0.0, 0.0, 2.4814929962158203, 2.4814929962158203, 2.4814929962158203, 2.4814929962158203, 2.4814929962158203, 0.09391206272435043, 0.13467353789371733, 0.16438700666238107, 0.02362334610398631, 0.11340918580183776, 0.029537929951316374, 0.03019400015659306, 0.08060850516049678, 0.08835401722799623, 0.057084169455716545, 0.09283911225420623, 0.10396974326190739, 0.16627658849301227, 0.1326128132594359, 0.15868847236654343, 0.1667739943522401, 0.06261480767425562, 0.02543097292779662, 0.0894646594748502, 0.10355784694548259, 0.09866077443605792, 0.12493077715474689, 0.1450682673678025, 0.09385194659150786, 0.10708663032450001, 0.1375587099878416, 0.11869709323489139, 0.0948574293321368, 0.13330124790500322, 0.06207544926992455, 0.06444809038361793, 0.10336819603676152, 0.1147962700479512, 0.15282482839036296, 0.04940862973222269, 0.10755260505012504, 0.06830832437179783, 0.05668439616291465, 0.13066076503008808, 0.025430254247279623]"
A4DEEDXZK8L78,"[1.172135353088379, 0.0, 0.5860676765441895, 0.5860676765441895, 1.172135353088379, 0.5860676765441895, 1.758203148841858, 0.0, 0.0, 1.172135353088379, 0.5860676765441895, 0.5860676765441895, 0.5860676765441895, 1.172135353088379, 0.5860676765441895, 1.758203148841858, 1.758203148841858, 0.5860676765441895, 1.172135353088379, 0.0, 1.172135353088379, 1.172135353088379, 0.5860676765441895, 0.5860676765441895, 1.172135353088379, 0.5860676765441895, 0.0, 0.5860676765441895, 0.0, 0.0, 1.172135353088379, 1.758203148841858, 0.0, 0.0, 0.0, 1.172135353088379, 1.172135353088379, 0.5860676765441895, 1.758203148841858, 1.758203148841858, 0.07590602233444997, 0.06536489632539576, 0.10462534947546984, 0.13335690061378289, 0.06705129596699158, 0.1389461144523819, 0.1582359547732554, 0.08486336946331463, 0.051491762080349265, 0.09632672191717445, 0.16410734977701497, 0.07266183384079382, 0.09464771145950414, 0.14057533630089045, 0.11501947315497153, 0.02712873329053909, 0.1443198685075723, 0.11107962812738291, 0.1722436394894403, 0.09137862917504731, 0.1328695233772368, 0.1103027154046921, 0.07335803408530017, 0.16510350623347647, 0.13550992818550703, 0.15593628789252295, 0.10200019646156733, 0.05426974717925596, 0.17628412932065957, 0.0456766914622432, 0.06894357102505648, 0.0750129485709725, 0.16894285406295964, 0.08482898505006177, 0.0585946907626301, 0.06865527736353981, 0.11437224863715714, 0.06550480291410235, 0.07949179679918332, 0.13106910748752404]"
A4EKBPGD0LK2K,"[6.238877296447754, 5.444149494171143, 6.731043815612793, 4.6617960929870605, 3.549236536026001, 0.24058887362480164, 6.731043815612793, 4.041402816772461, 0.24058887362480164, 4.836130619049072, 2.3308980464935303, 5.880134582519531, 5.880134582519531, 6.372300624847412, 4.041402816772461, 4.400145053863525, 3.985222101211548, 2.3308980464935303, 5.880134582519531, 0.24058887362480164, 5.880134582519531, 3.549236536026001, 3.549236536026001, 1.6543238162994385, 6.372300624847412, 0.0, 1.8949127197265625, 5.444149494171143, 2.253655195236206, 2.1464903354644775, 4.225810527801514, 4.477388381958008, 0.0, 0.0, 4.08659553527832, 5.444149494171143, 4.041402816772461, 3.549236536026001, 6.731043815612793, 6.372300624847412, 0.05597326415462552, 0.025337688613479042, 0.03778669376950649, 0.07544374641199168, 0.015759654718205694, 0.05290508707568681, 0.039436018722163985, 0.06403989894111098, 0.016914076395791053, 0.03574913029662928, 0.1397042047602508, 0.14289873061439734, 0.157266934071097, 0.13352955262394595, 0.05359451645380662, 0.05576481162368059, 0.1419481994063459, 0.14824141693781603, 0.11167900240260285, 0.15704843251730727, 0.04735695190975831, 0.13330697652708676, 0.125713224753309, 0.04758804575925347, 0.1336960064995627, 0.13902633796028988, 0.09683818575535272, 0.1219989988358383, 0.1565732715051307, 0.07081129091893192, 0.12266096763454833, 0.12677409715496887, 0.14588440980186484, 0.15753763219831515, 0.13220719532610217, 0.07496413622338086, 0.11404917649511914, 0.10240744619694554, 0.104887366344289, 0.09884314385973861]"
A4IV41UZ0Y789,"[0.3648819029331207, 0.3648819029331207, 0.18244095146656036, 0.3648819029331207, 0.3648819029331207, 0.0, 0.1926996111869812, 0.18244095146656036, 0.18244095146656036, 0.020517336204648018, 0.18244095146656036, 0.3648819029331207, 0.3648819029331207, 0.3648819029331207, 0.3648819029331207, 0.3648819029331207, 0.3648819029331207, 0.3648819029331207, 0.3648819029331207, 0.18244095146656036, 0.3648819029331207, 0.1926996111869812, 0.3648819029331207, 0.0, 0.3648819029331207, 0.0, 0.18244095146656036, 0.3648819029331207, 0.18244095146656036, 0.3648819029331207, 0.18244095146656036, 0.1926996111869812, 0.0, 0.0, 0.3648819029331207, 0.010258668102324009, 0.3648819029331207, 0.3648819029331207, 0.3648819029331207, 0.3648819029331207, 0.1483055563100272, 0.10424203020698936, 0.0652949235429702, 0.025356219031653148, 0.024172097399686388, 0.0845508513176533, 0.07082523386542573, 0.14256129034571777, 0.1166423159635956, 0.04039713691519182, 0.03134221119617925, 0.1238625100654597, 0.025014969429816656, 0.1332116276681764, 0.14495015795249447, 0.018896525968915806, 0.11649864012914438, 0.00976661563557665, 0.06366848540660082, 0.1291477278145675, 0.11929948738852271, 0.06282483459580576, 0.009626065240209794, 0.09209998596993002, 0.04604866946180571, 0.07856496583184559, 0.08461497907964453, 0.10022072830380889, 0.018780379512336007, 0.14171495716833618, 0.09775757886325792, 0.07739566432784714, 0.11086918970945388, 0.10259506264616618, 0.08569620553119427, 0.09548362334425667, 0.06302062171198393, 0.03545365044483238, 0.010696445429706688, 0.059291224866726014]"
A4SD8F79JBYG2,"[14.631490707397461, 15.920574188232422, 7.250097751617432, 4.4373955726623535, 14.457181930541992, 0.14263659715652466, 14.378143310546875, 7.357931613922119, 1.2605668306350708, 12.399691581726074, 6.104241371154785, 14.198675155639648, 8.243121147155762, 15.05958366394043, 15.002461433410645, 15.373653411865234, 12.199036598205566, 11.291650772094727, 16.490718841552734, 0.6248751878738403, 14.649168968200684, 10.425389289855957, 15.871283531188965, 3.9426236152648926, 13.553168296813965, -0.1505424678325653, 0.4958105981349945, 7.712819576263428, 11.601122856140137, 1.1752976179122925, 3.957216501235962, 12.936883926391602, 2.1226792335510254, 0.20232635736465454, 9.81710433959961, 10.400945663452148, 11.532453536987305, 11.049325942993164, 14.208980560302734, 17.002500534057617, 0.03323637292524898, 0.024468426466413843, 0.11950800229547359, 0.04556947262045173, 0.15853483504737417, 0.06061782518769395, 0.02552418655881653, 0.10231999547784455, 0.028030751773713135, 0.05530867145849383, 0.022199565125695084, 0.13690596478217165, 0.0432910673214555, 0.09404467620258657, 0.05412190509398211, 0.1048013023543167, 0.101765018028863, 0.09042514966602208, 0.0848926607955268, 0.08885292006997123, 0.038638602162857354, 0.13730683962452309, 0.013946085914052218, 0.07988628447884123, 0.1600745927537893, 0.06331757164504784, 0.08600075555369982, 0.1269498856973019, 0.14272248241997093, 0.08542415383987363, 0.031209108057501975, 0.13691314475908808, 0.06403033059879147, 0.063180320874014, 0.0847571363766707, 0.14219072394460064, 0.04561193448255094, 0.13668382099921875, 0.1559635033071768, 0.15779649784015082]"
A4UCVNYL7GY61,"[6.617300510406494, 6.617300510406494, 6.617300510406494, 3.308650255203247, 6.617300510406494, 0.0, 6.617300510406494, 0.0, 0.0, 6.617300510406494, 0.0, 6.617300510406494, 6.617300510406494, 6.617300510406494, 6.617300510406494, 6.617300510406494, 6.617300510406494, 3.308650255203247, 6.617300510406494, 0.0, 6.617300510406494, 3.308650255203247, 6.617300510406494, 3.308650255203247, 6.617300510406494, 0.0, 0.0, 6.617300510406494, 3.308650255203247, 0.0, 3.308650255203247, 6.617300510406494, 3.308650255203247, 0.0, 3.308650255203247, 6.617300510406494, 6.617300510406494, 6.617300510406494, 6.617300510406494, 6.617300510406494, 0.16678057628581544, 0.16565759792307116, 0.11607637452398827, 0.06654888746527915, 0.06259612231145849, 0.03979606980820848, 0.09740145477025919, 0.07640860833181243, 0.08590107674375563, 0.1528789866653689, 0.07147758035740229, 0.1494428265342522, 0.042926901030454434, 0.1295558206615942, 0.0643399069872776, 0.048911727360809884, 0.16531608490051009, 0.13278061299704974, 0.05938227632121332, 0.1313011880465497, 0.029689392953292815, 0.13134057650147055, 0.04820450984274137, 0.10995396441568546, 0.08197094933684777, 0.08869738345640923, 0.06657503029228591, 0.06825594887848545, 0.1191458990891817, 0.08014242683330304, 0.0972521699163515, 0.16272851373069872, 0.09042353784654708, 0.1631598305021818, 0.03933225047969073, 0.15926795619984774, 0.17563541496077095, 0.08150322759846865, 0.08824356715099091, 0.03410264561003566]"
A4UJH2NJW002Y,"[14.128337860107422, 5.856814861297607, 19.985153198242188, 1.721053123474121, 14.128337860107422, 1.721053123474121, 14.128337860107422, 4.135761737823486, 5.856814861297607, 14.128337860107422, 1.721053123474121, 19.985153198242188, 5.856814861297607, 14.128337860107422, 9.992576599121094, 15.849390983581543, 5.856814861297607, 1.721053123474121, 14.128337860107422, 7.5778679847717285, 9.992576599121094, 5.856814861297607, 9.992576599121094, 4.135761737823486, 15.849390983581543, 0.0, 1.721053123474121, 15.849390983581543, 9.992576599121094, 0.0, 1.721053123474121, 14.128337860107422, 0.0, 0.0, 5.856814861297607, 14.128337860107422, 11.713629722595215, 5.856814861297607, 19.985153198242188, 14.128337860107422, 0.1326091779042261, 0.1285638026583006, 0.06472210348784417, 0.167691566706974, 0.09164987087137882, 0.0651576373697655, 0.12685782599062423, 0.17330294351975767, 0.055607897532249796, 0.06103662938330438, 0.06466387609651832, 0.07339789998775771, 0.11926370011737861, 0.14690428229750738, 0.1724262975979222, 0.06877200968809216, 0.1625513456378929, 0.06949389620594319, 0.14657626477823596, 0.14839338822304432, 0.0693857596337962, 0.03899171114526164, 0.05538492200809605, 0.07887787761731806, 0.05814198403588043, 0.07215231264057025, 0.08195519650509207, 0.16726723910930236, 0.16380329338366276, 0.14213215598296985, 0.12017753346098393, 0.05857814339110844, 0.08271391255255088, 0.08944614202108757, 0.042998984680319985, 0.16335082254109223, 0.044862620899703574, 0.039154819117111155, 0.14803226501667088, 0.06334865075083553]"
A4WYCR7FYUSPS,"[-2.6009092330932617, -1.847328543663025, 0.0, -0.7535805702209473, -2.6009092330932617, 0.0, -2.6009092330932617, -1.847328543663025, 0.0, -1.847328543663025, 0.0, -1.847328543663025, 0.0, -0.7535805702209473, -2.6009092330932617, -4.448237419128418, -1.847328543663025, 0.0, -1.847328543663025, 0.0, -2.6009092330932617, -1.847328543663025, -2.6009092330932617, 0.0, -1.847328543663025, 0.0, -0.7535805702209473, -1.847328543663025, -0.7535805702209473, -0.7535805702209473, -0.7535805702209473, -1.847328543663025, 0.0, 0.0, -0.7535805702209473, -0.7535805702209473, -1.847328543663025, 0.0, -1.847328543663025, -1.847328543663025, 0.04147672675461104, 0.10309478314309721, 0.03614376731785701, 0.0874402737628194, 0.14654474837983816, 0.05866113725453104, 0.12573389253521478, 0.07705361809075321, 0.15582068175322578, 0.1711238524615567, 0.134180669108481, 0.09956859100825406, 0.08117701724634968, 0.12169810899674298, 0.02779206494626794, 0.04639670126565143, 0.07353389344334474, 0.07290811921986849, 0.074038115216135, 0.08464691502956898, 0.06557916415295803, 0.1519882117492727, 0.08562239152898034, 0.07042440751265956, 0.16303772694622654, 0.10145142492963533, 0.07388364067750752, 0.04688873367818065, 0.06991152849975701, 0.08408721722724015, 0.12567492543744735, 0.052883202054805484, 0.13337706762099558, 0.030713727590554015, 0.08122018418396536, 0.10385466983302746, 0.04220152120401393, 0.1377419986867629, 0.15673572716600856, 0.16428072184300066]"
A59KNJGQD1ZJL,"[6.47422456741333, 6.47422456741333, 0.0, 0.0, 7.612692832946777, 0.0, 10.069904327392578, 3.237112283706665, 5.694323539733887, 6.47422456741333, 3.237112283706665, 6.47422456741333, 0.0, 8.931435585021973, 2.457211494445801, 12.527116775512695, 6.47422456741333, 3.237112283706665, 6.47422456741333, 0.0, 0.0, 2.457211494445801, 3.237112283706665, 0.0, 6.263558387756348, 0.0, 0.0, 3.237112283706665, 0.0, 0.0, 3.237112283706665, 7.612692832946777, 0.0, 0.0, 3.237112283706665, 3.237112283706665, 3.237112283706665, 0.0, 7.043458461761475, 6.47422456741333, 0.046175017255547374, 0.13195547738619656, 0.15817583745792427, 0.0937112811713108, 0.16478753275258082, 0.12114072914451941, 0.12584794625949544, 0.07181112384824971, 0.04784652411070243, 0.11063002545209813, 0.1379494992738248, 0.047136837967442155, 0.09139336954097267, 0.0937835014089189, 0.028555990373440684, 0.13954486638675892, 0.03204473491658719, 0.16224652515918947, 0.04565876185552088, 0.08932918157269136, 0.05868913524789028, 0.0839370781399885, 0.07140202796864736, 0.039207193996739186, 0.11573447928002148, 0.059818520071059374, 0.14637284019241711, 0.1313744633265592, 0.0962975012929059, 0.16266422419287288, 0.0332002513595879, 0.041298155315517115, 0.08280520322252005, 0.12752254713798522, 0.0575041899254599, 0.10408716322250026, 0.11547421584265734, 0.04035655808485649, 0.14247166447772125, 0.15540903020246885]"
A5BJMAHZWGJ7N,"[13.418580055236816, 11.726469039916992, 13.579451560974121, 8.446982383728027, 14.016595840454102, 0.06948255747556686, 11.919991493225098, 6.612922668457031, 5.212353229522705, 11.892322540283203, 0.6467477083206177, 5.870174407958984, 14.066963195800781, 14.65047836303711, 11.092506408691406, 11.02851676940918, 10.423844337463379, 9.366897583007812, 16.52227210998535, 1.7512339353561401, 13.069232940673828, 8.988860130310059, 17.099109649658203, 4.427165985107422, 10.451482772827148, 0.06948255747556686, 0.4623715579509735, 10.268304824829102, 9.84914779663086, 6.179506301879883, 8.616166114807129, 14.23484992980957, 1.5918874740600586, 0.3822779059410095, 8.405925750732422, 12.1773681640625, 6.978578567504883, 5.281198501586914, 12.522796630859375, 11.253402709960938, 0.038338614052864664, 0.016624785007962488, 0.07416873630035171, 0.15264077423084488, 0.05937173532932565, 0.06716428503671497, 0.030322490110826602, 0.08984963256149722, 0.13301268691496143, 0.02070810557406048, 0.07424424164385253, 0.14860508715039641, 0.05604073836260681, 0.1283335992342586, 0.06533842337259975, 0.1300290378618511, 0.05802720090733521, 0.059823708092345926, 0.1364979873841567, 0.12863132390628718, 0.06620847390509124, 0.023845555482644477, 0.0941859229971633, 0.11969521956530477, 0.10554265787967201, 0.08709047267446718, 0.10412793359181517, 0.13411432094080902, 0.1301380223101288, 0.033111933405067934, 0.0545164060580529, 0.10191134913638521, 0.13926659569875585, 0.12887369106716567, 0.06567063763501019, 0.073953600031371, 0.14915129900262936, 0.08013887575896561, 0.05181853196681804, 0.05443665612344717]"
A62R447U5SPTV,"[0.0, 0.0, 0.0, 0.0, 0.0, 0.0, 0.0, 0.0, 0.0, 0.0, 0.0, 0.0, 0.0, 0.0, 0.0, 0.0, 0.0, 0.0, 0.0, 0.0, 0.0, 0.0, 0.0, 0.0, 0.0, 0.0, 0.0, 0.0, 0.0, 0.0, 0.0, 0.0, 0.0, 0.0, 0.0, 0.0, 0.0, 0.0, 0.0, 0.0, 0.07535969087630397, 0.020492306281039183, 0.03099480808128885, 0.15341025317609966, 0.07260259955056907, 0.04890288799080741, 0.10116956338558789, 0.1646228288656472, 0.05029548258039633, 0.12013454689310636, 0.04844142967414995, 0.11868440645888834, 0.0545191193359483, 0.06935186220782193, 0.07375053365707956, 0.07188467817738332, 0.0531320802797396, 0.04569466751653359, 0.14014442445044514, 0.020184620731780175, 0.0346492325238651, 0.07587772485538462, 0.14208894516368523, 0.029417884802642156, 0.1288764144883772, 0.141278774511342, 0.06788966854795744, 0.14213899543331487, 0.07688189461465655, 0.05534184168990068, 0.09865241615302861, 0.016926502979540264, 0.06162087485962375, 0.10243064301733076, 0.11010184955118259, 0.05926975484117042, 0.1501765654221498, 0.06875596047335106, 0.07913052279458577, 0.15954371260314654]"
A62S8THB8S60B,"[7.8041911125183105, 7.558669090270996, 7.8041911125183105, 7.9945807456970215, 8.240102767944336, 7.558669090270996, 7.558669090270996, 0.4359114468097687, 0.4359114468097687, 7.9945807456970215, 0.4359114468097687, 7.558669090270996, 7.558669090270996, 6.9805216789245605, 7.558669090270996, 7.558669090270996, 7.8041911125183105, 7.558669090270996, 8.653470993041992, 0.4359114468097687, 8.413293838500977, 0.4359114468097687, 9.898079872131348, 0.0, 8.797438621520996, 0.0, 0.4359114468097687, 7.9945807456970215, 8.217558860778809, 7.028280258178711, 7.8041911125183105, 8.240102767944336, 0.0, 0.0, 0.4359114468097687, 5.585957050323486, 0.4359114468097687, 7.9945807456970215, 7.8041911125183105, 7.558669090270996, 0.07738268472772576, 0.02048559117496449, 0.07462713116978545, 0.13064040187925136, 0.02207710140745009, 0.15319297134980103, 0.12888146929599315, 0.04762102722732921, 0.10533700081254646, 0.1421494536948505, 0.10911981737379359, 0.11308379805530636, 0.08545162153055676, 0.08954202868665043, 0.09565280906581987, 0.03469176724634492, 0.1453090907170454, 0.05894704411389373, 0.07880868991475179, 0.042280228341981176, 0.030210860284042917, 0.09593987368063397, 0.049638476242216074, 0.034813150053914554, 0.02725258418081037, 0.14258129471760408, 0.09143044814511007, 0.16288721058023564, 0.0953887434683313, 0.11191165918434577, 0.0471049312810866, 0.10877996568625227, 0.1289373404842424, 0.034944866289925755, 0.09057143619877002, 0.0822924695655681, 0.12398634481449608, 0.12116386595874669, 0.07076399871857343, 0.0658230465960943]"
A6CEOJ5ISIGRB,"[7.640541076660156, 7.640541076660156, 7.8509111404418945, 3.715085029602051, 7.640541076660156, 0.0, 7.640541076660156, -0.2103707194328308, 0.0, 7.640541076660156, 0.0, 7.640541076660156, 7.640541076660156, 7.640541076660156, 7.640541076660156, 7.640541076660156, 8.06128215789795, 3.5047144889831543, 7.640541076660156, 0.0, 7.640541076660156, 4.135826587677002, 8.06128215789795, 4.135826587677002, 8.06128215789795, 0.0, 0.0, 7.8509111404418945, 3.715085029602051, 0.0, 3.5047144889831543, 7.640541076660156, 3.9254555702209473, 0.0, 3.9254555702209473, 8.06128215789795, 7.640541076660156, 8.06128215789795, 7.640541076660156, 7.8509111404418945, 0.12115288244871562, 0.15061596727745283, 0.0920241378165695, 0.06012444249433325, 0.104139874703615, 0.060099211880001065, 0.10646704274081616, 0.08658898731533471, 0.06518828785704739, 0.04098275287599122, 0.1533721859563859, 0.1180735885265964, 0.15928391635461817, 0.04718944634422615, 0.14562521598061487, 0.08378962591248486, 0.06702861019492994, 0.12921493482898538, 0.09102049946917923, 0.15271440355578772, 0.0402313903432958, 0.07548451426684218, 0.055560836365408116, 0.0590844697212279, 0.060843075732225534, 0.06907186845765655, 0.1469807095223647, 0.04647690367688689, 0.16293666980634397, 0.0727224944049286, 0.13018879464796987, 0.14693768842337834, 0.13927033479959916, 0.16769483075021602, 0.1054800336578307, 0.12212352266921839, 0.16512046948151793, 0.09315259498223746, 0.09184173046705653, 0.050126927100322]"
A71OPGFA90NJL,"[24.74948501586914, 24.74948501586914, 24.74948501586914, 2.6438632011413574, 24.74948501586914, 0.0, 24.74948501586914, 0.0, 0.0, 24.74948501586914, 7.573465824127197, 24.74948501586914, 24.74948501586914, 24.74948501586914, 24.74948501586914, 24.74948501586914, 24.74948501586914, 4.676785945892334, 24.74948501586914, 0.0, 24.74948501586914, 24.74948501586914, 24.74948501586914, 24.74948501586914, 24.74948501586914, 0.0, 0.0, 24.74948501586914, 4.676785945892334, -0.7738544940948486, -1.4553934335708618, 24.74948501586914, 0.0, 0.0, 3.9029314517974854, 24.74948501586914, 24.74948501586914, 24.74948501586914, 24.74948501586914, 24.74948501586914, 0.05046648843942497, 0.12683332416887869, 0.03185045859347995, 0.15797860804908545, 0.12518651848089254, 0.151343679851931, 0.049013016519979996, 0.0934201720646628, 0.12019086171621123, 0.17913042668668355, 0.09199528136999628, 0.029881547512978397, 0.0476944049071805, 0.034980053190227206, 0.11321800060688066, 0.02731247674363968, 0.15368018598810562, 0.17075346306400246, 0.08429935512984772, 0.04737365315101781, 0.08715966194075467, 0.17455642447010292, 0.030439384656995094, 0.10919728273410866, 0.1706932113006522, 0.05464018587591865, 0.16653063845901675, 0.11746180916269318, 0.12082783153979211, 0.08777763212088616, 0.1757112232711741, 0.11221980278257741, 0.03816623664647694, 0.16362000704815688, 0.057068728055253114, 0.11845900966991779, 0.14633643618433073, 0.11855999390622653, 0.12841256261128234, 0.13672036578828153]"
A73DFWJE0CGY6,"[24.749454498291016, 24.749454498291016, 24.749454498291016, 2.312898635864258, 24.749454498291016, 0.0, 24.749454498291016, 2.312898635864258, 0.0, 6.448719024658203, 4.135819435119629, 6.448719024658203, 24.749454498291016, 24.749454498291016, 24.749454498291016, 24.662029266357422, 24.749454498291016, 24.749454498291016, 24.749454498291016, 0.0, 24.749454498291016, 6.448719024658203, 23.822589874267578, 4.135819435119629, 21.99966812133789, 0.0, 4.135819435119629, 24.749454498291016, 23.332611083984375, 4.135819435119629, 4.975259780883789, 24.749454498291016, 0.0, 0.0, 23.332611083984375, 8.271638870239258, 24.749454498291016, 8.271638870239258, 24.749454498291016, 24.749454498291016, 0.17918953657283718, 0.12656902169934234, 0.11325706709591742, 0.11702944167281096, 0.10184770624089097, 0.12312588930386809, 0.11118983009950446, 0.053794912596334246, 0.04796176079524979, 0.13242878688586637, 0.0746587236328989, 0.15844710428382996, 0.06679398429023901, 0.15471698053018962, 0.11903659297275218, 0.05682316255212537, 0.17227396525901806, 0.17296617215155893, 0.13029849454209028, 0.14907614746136139, 0.07717714124508884, 0.12432097356551143, 0.10864880506260162, 0.05175079369435388, 0.03171210142868092, 0.08199999208639316, 0.1011553965376292, 0.10093790557693269, 0.057814962912384124, 0.12782758756111928, 0.07628667109168542, 0.07995408531483843, 0.031404928696136696, 0.11879075411217287, 0.12961125932016093, 0.14397407483793992, 0.16928938468283994, 0.12589432003360254, 0.11020261066671072, 0.06965604659432127]"
A74WRG7ZEKXX7,"[15.758231163024902, 14.886271476745605, 15.758231163024902, 14.886271476745605, 15.758231163024902, 7.443135738372803, 15.758231163024902, 7.443135738372803, 17.50214958190918, 15.758231163024902, 7.443135738372803, 9.187054634094238, 14.886271476745605, 15.758231163024902, 14.886271476745605, 14.886271476745605, 15.758231163024902, 7.443135738372803, 15.758231163024902, 7.443135738372803, 14.886271476745605, 15.758231163024902, 16.630189895629883, 0.0, 15.758231163024902, 0.0, 7.443135738372803, 15.758231163024902, 15.758231163024902, 7.443135738372803, 14.886271476745605, 15.758231163024902, 0.0, 0.0, 16.630189895629883, 15.758231163024902, 7.443135738372803, 7.443135738372803, 15.758231163024902, 15.758231163024902, 0.04273675745660624, 0.13802543874797216, 0.07622266480976654, 0.05150146080667851, 0.07729501505355728, 0.17195110803557204, 0.15343258132506885, 0.08164747917741312, 0.17716400754118433, 0.07360898041793856, 0.0301163157664388, 0.10454728788640909, 0.11698229833041904, 0.05608323878966911, 0.06351819832721294, 0.14059093181060334, 0.13485592491930104, 0.11643670867858792, 0.0807251713003648, 0.08269508165116828, 0.14095559645396322, 0.14577566409567572, 0.05623548822807336, 0.0815738292808284, 0.05517915537341462, 0.08429421843644808, 0.15904839434047924, 0.0872331860637147, 0.17131937503650205, 0.13470791463854845, 0.08061047402368579, 0.14488065252185203, 0.11633358765138892, 0.14598211584793902, 0.05296709487268122, 0.06411418979471753, 0.04681250223783656, 0.11988620659766222, 0.08191915770930105, 0.07742597482907784]"
A7C77J4MH94B6,"[10.502463340759277, 9.307303428649902, 9.478805541992188, 9.618184089660645, 10.127492904663086, 2.0043528079986572, 11.561151504516602, 4.764050006866455, 6.025140762329102, 8.460650444030762, 6.128606796264648, 8.251053810119629, 11.127799034118652, 10.560885429382324, 10.814722061157227, 10.167936325073242, 9.062934875488281, 6.653129577636719, 10.755146026611328, 2.834815502166748, 9.516313552856445, 9.026265144348145, 11.15403938293457, 0.0, 9.753291130065918, 3.6015496253967285, 2.677290678024292, 9.48193645477295, 8.869240760803223, 5.126116752624512, 8.994168281555176, 9.62547492980957, 1.0278419256210327, 0.36072462797164917, 9.822248458862305, 9.84052562713623, 6.104544639587402, 6.980686187744141, 10.548876762390137, 11.213623046875, 0.08529461992477029, 0.10054800973558377, 0.14947962083468508, 0.10982245395619677, 0.10404287910419283, 0.023628199769272325, 0.11462165537794644, 0.1143569512027884, 0.07788770080097587, 0.10187694724560428, 0.015146584479405855, 0.14367848954121298, 0.05048705432087686, 0.055354739534363866, 0.09575641083534026, 0.018513547401892434, 0.08344889659738372, 0.09709360487057761, 0.07685865287791026, 0.10497921248315494, 0.08733581547733157, 0.14746822447127328, 0.13280925836906032, 0.033517592889289495, 0.08711526668974945, 0.04294095400234696, 0.016070821349520262, 0.0379063906529508, 0.10350596814998747, 0.11894463898544777, 0.07786318813108503, 0.11147235471257522, 0.08075940274493017, 0.055923042140092666, 0.0395800443727057, 0.05013108637595247, 0.0808679869999388, 0.06940773510403113, 0.08499709019441254, 0.12957507194042164]"
A7COTFQZZ86N,"[24.749217987060547, 24.749217987060547, 20.004234313964844, 22.35770034790039, 24.749217987060547, 0.529076337814331, 24.749217987060547, 0.0, 0.9121942520141602, 1.4412707090377808, 0.0, 22.35770034790039, 24.749217987060547, 24.749217987060547, 24.749217987060547, 24.749217987060547, 24.749217987060547, 24.749217987060547, 24.749217987060547, 0.9121942520141602, 24.749217987060547, 0.9121942520141602, 24.749217987060547, 0.0, 24.749217987060547, 0.0, 1.0142228603363037, 24.749217987060547, 20.004234313964844, 3.896763801574707, 20.004234313964844, 2.455493450164795, 1.0142228603363037, 0.0, 21.828624725341797, 1.4412707090377808, 19.37312889099121, 1.4412707090377808, 24.749217987060547, 24.749217987060547, 0.11973318114105476, 0.1671764899282543, 0.08175084891599634, 0.13022612476358522, 0.17461079561062554, 0.034096211815333254, 0.11754583390080808, 0.11976083381709826, 0.06057143882105482, 0.10532948525080847, 0.02789124384367561, 0.14840987546875256, 0.07820879241195913, 0.10477058946711584, 0.10106427698141865, 0.17519807874034157, 0.1368108396203967, 0.1697910828089073, 0.17043150476322697, 0.057064431359606746, 0.10142785643084047, 0.1254636072794704, 0.17401343926502547, 0.10920997372392724, 0.0633716211314365, 0.14680191815788052, 0.1368716279333135, 0.1550743621639432, 0.15097197491877337, 0.07886052260737983, 0.08826046719987239, 0.09040582695915982, 0.08493101028469062, 0.10877694796859035, 0.0860586212445235, 0.14857123449802545, 0.1580048530414156, 0.037496580187535884, 0.0686529690605689, 0.17057015571762757]"
A7GC7S8AXFAU8,"[8.557156562805176, 5.327963829040527, 1.7386215925216675, 0.6792457103729248, 5.137994766235352, 0.1654953956604004, 5.941939353942871, 4.233738422393799, 0.8039448261260986, 5.261731147766113, 0.038057953119277954, 5.327963829040527, 1.842911958694458, 5.779182434082031, 7.008588790893555, 6.880595684051514, 6.076650619506836, 4.6301703453063965, 5.886682033538818, 0.0, 6.269528865814209, 6.484163761138916, 7.468557834625244, 1.4464802742004395, 2.610767126083374, 0.0, 0.0, 1.9977322816848755, 0.330199271440506, 0.1654953956604004, 0.3583737015724182, 6.563702583312988, 0.12664592266082764, 0.0, 0.1647038757801056, 0.643220067024231, 4.968242168426514, 6.138411998748779, 6.204644203186035, 6.076650619506836, 0.15438084600385565, 0.0977397997611983, 0.14104939643466438, 0.08631905675087352, 0.05384920236651588, 0.02300514333500015, 0.13560145886385525, 0.1491702549960707, 0.08454908718454039, 0.06974871779514377, 0.09855544492098313, 0.016111419857637144, 0.1369786128021693, 0.07371618774466601, 0.055184012972064, 0.06469142193336255, 0.04831262370693576, 0.02118914561720942, 0.06055141681568754, 0.09482504046293479, 0.07037592800185152, 0.09260932901366763, 0.15725888436754917, 0.1438897740128994, 0.11913993383218983, 0.1289440654560514, 0.09690597171108299, 0.11335234458581975, 0.083715617307398, 0.13851251804183973, 0.10354507079102403, 0.1523746874111623, 0.0754666154915445, 0.11619402345180373, 0.14643065693648072, 0.071652505339696, 0.10992360291274618, 0.10593789805825765, 0.039211207275823924, 0.06672274808374394]"
A7IB2KI9HJZWU,"[18.105934143066406, 10.340676307678223, 1.2086858749389648, 1.2086858749389648, 13.741124153137207, 1.2086858749389648, 13.741124153137207, 0.0, 0.0, 1.2086858749389648, 3.156125783920288, 10.340676307678223, 1.2086858749389648, 7.184550762176514, 10.584997177124023, 4.364811897277832, 7.765258312225342, 14.949809074401855, 10.584997177124023, 0.0, 1.2086858749389648, 3.156125783920288, 10.584997177124023, 0.0, 4.364811897277832, 0.0, 0.0, 7.184550762176514, 7.184550762176514, 1.2086858749389648, 1.2086858749389648, 13.741124153137207, 0.0, 0.0, 0.0, 0.0, 5.975864887237549, 1.2086858749389648, 13.741124153137207, 8.973943710327148, 0.16794324711590466, 0.13768514541897448, 0.0304160378671014, 0.03718105747324908, 0.15179662726020085, 0.13572398291861526, 0.07427606255328784, 0.11318357103875695, 0.1757256914584078, 0.15317228094824725, 0.06150198908296047, 0.08015619351502827, 0.038043698512726896, 0.049360202091919186, 0.1505957763089066, 0.07027674933220161, 0.09401712106075844, 0.15383241326042688, 0.09106093566904812, 0.09037099578052903, 0.08073719847106585, 0.0634384074217419, 0.03400705469310737, 0.07999520547242057, 0.1334430569904946, 0.16548835673914314, 0.04522158612046701, 0.08497187543508217, 0.08675395403710684, 0.17314115547421668, 0.1010069582752075, 0.13589671863615138, 0.06996368738672998, 0.09881544966445774, 0.08778780473666525, 0.15218118592471377, 0.030713880673552782, 0.1725626625233842, 0.029634922039621363, 0.033408833973457244]"
A7ID5H7FWLJHC,"[0.13432757556438446, 0.18271735310554504, -2.0746095180511475, 0.4846653342247009, -0.041537873446941376, 0.11555356532335281, 0.018774017691612244, -0.09577497094869614, 0.11555356532335281, -0.10233309119939804, 0.06716378778219223, 0.018774017691612244, -0.23081332445144653, 0.08694237470626831, -2.0746095180511475, 0.018774017691612244, -0.21788664162158966, 0.5933669805526733, 0.02663048356771469, -0.12211167067289352, 0.13432757556438446, 0.06716378778219223, -0.2792031168937683, 0.0, -0.26627641916275024, 0.0, 0.06716378778219223, -0.041537873446941376, -2.1314337253570557, -2.0814614295959473, 0.4175015389919281, -0.028611186891794205, 0.0, 0.0, -0.041537873446941376, -0.041537873446941376, 0.06716378778219223, 0.018774017691612244, -0.21103474497795105, -0.054947882890701294, 0.007793202708830206, 0.039191906506187826, 0.024951651479414704, 0.06896162527647583, 0.012752680570311122, -0.011028488007574909, 0.002791321206059571, 0.04464104739492009, 0.04312306471286921, 0.06699233462722254, 0.12706265652921522, 0.09013487664076207, 0.03665189766193567, 0.12924242698378233, 0.07367067910720503, 0.07517213258369972, 0.08605951984108609, 0.039043102097918295, 0.10936766703555795, 0.027693731380888358, 0.0848420006974675, 0.0043479090972084545, 0.13559921187722357, 0.04044359283160306, 0.06812732026042038, 0.0041980372379336, 0.06992418973919044, 0.12360163036363066, 0.00807744708382503, 0.002395235864356915, 0.0727939075031814, -0.010124288323876332, 0.1003989677578836, 0.0645023087092143, 0.10231904285206961, 0.13003878781020198, 0.09536228678855191, 0.06740658394927444, -0.009637813138332663, 0.054508045735853924]"
A7LAYX9R7IMOO,"[0.0, 0.0, 0.0, 0.0, 0.0, 0.0, 0.0, 0.0, 0.0, 0.0, 0.0, 0.0, 0.0, 0.0, 0.0, 0.0, 0.0, 0.0, 0.0, 0.0, 0.0, 0.0, 0.0, 0.0, 0.0, 0.0, 0.0, 0.0, 0.0, 0.0, 0.0, 0.0, 0.0, 0.0, 0.0, 0.0, 0.0, 0.0, 0.0, 0.0, 0.15178977860202142, 0.04508249358597208, 0.027908780151696018, 0.07013216974010529, 0.08419094342575173, 0.029784983705322225, 0.05075942864604502, 0.13050660216554563, 0.10764288875568907, 0.11753548683244441, 0.10540474591314994, 0.17010416934209605, 0.08595992275786982, 0.1604377024643917, 0.1175283103834176, 0.10426107634931023, 0.17146154899933558, 0.1729506891588825, 0.11469078154411172, 0.1659102121841811, 0.09445713647373633, 0.03857815316943975, 0.0977094218719783, 0.09451311332717718, 0.12568801774642507, 0.052548447642180654, 0.1605594494265016, 0.1578614889365541, 0.08026851786867424, 0.07009161378717119, 0.06985722007082054, 0.16988735295871932, 0.16239230216595418, 0.1450149343104168, 0.02724342432132974, 0.09597113008338702, 0.1530698345671186, 0.050228987232889544, 0.09212441056383229, 0.06321450988809628]"
A7M85H7UTJEKI,"[2.9422974586486816, 3.118415355682373, 3.3086647987365723, 0.0, 3.212512731552124, 0.0, 3.212512731552124, -1.2927666902542114, 0.0, 2.5982298851013184, 1.102517008781433, 1.7375898361206055, 3.8849573135375977, 4.061075210571289, 1.129345417022705, 3.212512731552124, 3.036395311355591, 0.5762926340103149, 2.4601025581359863, 0.0, 2.5101709365844727, 2.6362202167510986, 1.9338781833648682, 3.4027626514434814, 2.9422974586486816, 0.0, 0.0, 2.0158982276916504, 0.5762926340103149, 0.09409768879413605, 0.0, 3.118415355682373, 0.0, 0.0, 0.5762926340103149, 3.4847824573516846, 2.4160733222961426, 3.9790549278259277, 3.212512731552124, 2.592190742492676, 0.039502190341663856, 0.11130050794317874, 0.09861788835028161, 0.10538941934186406, 0.03717652368650258, 0.019913962594603568, 0.09762398682647225, 0.1130019808918166, 0.14204138271615932, 0.10858269012776474, 0.10410101355542213, 0.08912203898555406, 0.14040215077681956, 0.10370196871813049, 0.03175727720433454, 0.027867347256289546, 0.029665837544935163, 0.04322337917065949, 0.10972419454351358, 0.1050733350936294, 0.10199742334796615, 0.16239524973775496, 0.07969217653420635, 0.12689041484358834, 0.0922766916433586, 0.1541582122247389, 0.11566005142176146, 0.10036692569384346, 0.041317275324725324, 0.12117474521889589, 0.08911330349107431, 0.03963720610607887, 0.10703196838850879, 0.13730526053101763, 0.11064588415528964, 0.06885162782132136, 0.08719345700488747, 0.11273763700807356, 0.04636570105789224, 0.07785450790526409]"
A7QMV1ENEUAC9,"[6.61731481552124, 6.61731481552124, 3.30865740776062, 0.0, 6.61731481552124, 0.0, 9.925971984863281, 3.30865740776062, 0.0, 9.925971984863281, 3.30865740776062, 6.61731481552124, 3.30865740776062, 6.61731481552124, 6.61731481552124, 6.61731481552124, 6.61731481552124, 3.30865740776062, 6.61731481552124, 0.0, 9.925971984863281, 9.925971984863281, 6.61731481552124, 3.30865740776062, 6.61731481552124, 0.0, 0.0, 3.30865740776062, 3.30865740776062, 0.0, 0.0, 9.925971984863281, 3.30865740776062, 0.0, 0.0, 3.30865740776062, 3.30865740776062, 6.61731481552124, 9.925971984863281, 6.61731481552124, 0.07032209296267598, 0.07959195652620146, 0.12948831798870591, 0.09315848082854444, 0.08930318852344546, 0.055127130923681524, 0.04928274708734523, 0.16557446678596618, 0.11011721428569056, 0.09184742401495172, 0.08335776142468193, 0.12914943080775446, 0.14698394727157377, 0.03223584521286069, 0.07751858487218115, 0.1007168755323111, 0.08939744767719583, 0.1574034830505564, 0.03919876777537447, 0.12048398531757337, 0.08006921118887281, 0.12719691619741816, 0.030533335206217677, 0.09578131293606065, 0.14945551099679374, 0.10034570754420966, 0.051449783736135825, 0.07322057830241172, 0.09453295740181245, 0.11362332008405061, 0.0656899994736784, 0.14169518578094908, 0.053228268064330335, 0.08339381455954326, 0.07584167359343945, 0.16756282397604375, 0.03756485865059155, 0.07797011638138356, 0.15999120539632866, 0.10822313809537426]"
A7VOU5ARHQ20F,"[14.84782600402832, 14.84782600402832, 12.357733726501465, 11.279189109802246, 14.84782600402832, -0.3899410665035248, 14.84782600402832, 0.0, 14.84782600402832, 14.84782600402832, 11.744222640991211, 1.078546166419983, 14.84782600402832, 14.84782600402832, 14.84782600402832, 14.84782600402832, 14.84782600402832, -0.3899410665035248, 14.84782600402832, 11.744222640991211, 14.84782600402832, 14.84782600402832, 14.84782600402832, 5.037459373474121, 14.84782600402832, 0.0, 0.0, 13.760372161865234, -1.7925779819488525, 13.835464477539062, -0.3899410665035248, 14.84782600402832, 0.0, 0.0, 14.84782600402832, 14.448976516723633, 2.504160165786743, 14.84782600402832, 14.84782600402832, 14.84782600402832, 0.11268287119270654, 0.0736950432419257, 0.15577085854219025, 0.03978708300875013, 0.11116372014937012, 0.15201141433554793, 0.1663802338330354, 0.06278679774593558, 0.043618950480154094, 0.04314892345048721, 0.06417384289849361, 0.03184687820867386, 0.14930363203821903, 0.06980967436250678, 0.055703054555578, 0.13955749460825156, 0.15752429585197883, 0.05402295752879951, 0.1600403459637212, 0.03505750150781096, 0.13103328925498064, 0.0785606004818002, 0.11930366821370708, 0.03366488409936773, 0.16134735828386895, 0.14205620975727717, 0.17022700634800222, 0.12276200508937142, 0.10585354211851859, 0.11011131291203181, 0.031665022802440594, 0.10644980772927236, 0.12758508905593957, 0.10017658841866282, 0.08793506719659115, 0.11223682381572077, 0.06457864116565804, 0.045597398966289254, 0.07596071371115161, 0.06890851446893644]"
A80A8PCDT0NFB,"[-4.084935188293457, -2.0424675941467285, -2.0424675941467285, -2.0424675941467285, -2.0424675941467285, 0.0, -4.084935188293457, 0.0, 0.0, 0.0, 0.0, -2.0424675941467285, -2.0424675941467285, -4.084935188293457, -2.0424675941467285, -4.084935188293457, -4.084935188293457, -2.0424675941467285, -2.0424675941467285, 0.0, 0.0, -4.084935188293457, -4.084935188293457, 0.0, -2.0424675941467285, 0.0, 0.0, 0.0, -4.084935188293457, 0.0, -2.0424675941467285, -2.0424675941467285, 0.0, 0.0, -4.084935188293457, -4.084935188293457, -2.0424675941467285, -2.0424675941467285, -4.084935188293457, -4.084935188293457, 0.13800039638493164, 0.08660802370782479, 0.04873653762912237, 0.0758660454641449, 0.13775935138166226, 0.07930643612709404, 0.05055988235181202, 0.1475492081476829, 0.12621321279577455, 0.1278488567452042, 0.14919872936398357, 0.12330649526057492, 0.14509486459991158, 0.058258758759678925, 0.08965366349505326, 0.07009608093420923, 0.08676742432382982, 0.1569141956624252, 0.06680383794275124, 0.1757840320005689, 0.08582377741835906, 0.14410155558741922, 0.036046465631756924, 0.1485709233733825, 0.04175348123992412, 0.16643397753966926, 0.058340032776544176, 0.12989745921210247, 0.09696618860789878, 0.03223573710727134, 0.04099745037927797, 0.03042875513060968, 0.07246363774311802, 0.029499532374379057, 0.11093271948952163, 0.056341973373582134, 0.16258569281587787, 0.08686509821249855, 0.14372653397614413, 0.12016274498386555]"
A84MTP7LSOTXG,"[5.307470321655273, 3.5597009658813477, 4.268448352813721, 1.8804857730865479, 9.56836986541748, 0.0, 10.277118682861328, 1.7477695941925049, 0.0, 8.529348373413086, 0.0, 6.016218185424805, 4.268448352813721, 5.307470321655273, 8.529348373413086, 8.529348373413086, 8.529348373413086, 1.1717381477355957, 5.307470321655273, 0.0, 9.56836986541748, 8.396632194519043, 9.56836986541748, 8.396632194519043, 6.016218185424805, 0.0, 0.0, 6.016218185424805, -0.5760313868522644, 3.684868335723877, -0.5760313868522644, 3.5597009658813477, 0.0, 0.0, 0.2654322683811188, 3.5597009658813477, 4.135732173919678, 8.529348373413086, 11.672091484069824, 6.213776588439941, 0.11854469973066567, 0.11989606553397532, 0.07001299519153845, 0.05017601332239026, 0.16571973196838483, 0.1414298206925858, 0.13836179673692714, 0.05850547648142514, 0.11912251377724495, 0.04882026195190301, 0.060479794975217264, 0.09177865467436468, 0.1021738249202927, 0.15729756382512386, 0.1280932465096126, 0.14000206775497512, 0.13632881491119267, 0.1008130509370194, 0.12423664373905652, 0.0420547788227706, 0.14640783739921615, 0.161447477352019, 0.09680707330439974, 0.06009289242348601, 0.08678574051257756, 0.06269959075451509, 0.1678726347852422, 0.034364500519944385, 0.1305213538820864, 0.0968219140563893, 0.11895474192073553, 0.1056258745013126, 0.1485263373434041, 0.1252465973310729, 0.14693296499110517, 0.040885104842149154, 0.16493769116551185, 0.14935059966404107, 0.08350868057742435, 0.11937103085426683]"
A85ENSL5HBBZF,"[5.976006031036377, 19.38634490966797, 7.434331893920898, 14.868663787841797, 13.410337448120117, 0.0, 13.410337448120117, -1.4583253860473633, 7.434331893920898, -1.4583253860473633, 0.0, -1.4583253860473633, 7.434331893920898, 7.434331893920898, 5.976006031036377, 5.976006031036377, -1.4583253860473633, 7.434331893920898, 5.976006031036377, 0.0, 13.410337448120117, 5.976006031036377, 13.410337448120117, 0.0, 5.976006031036377, 0.0, 0.0, 13.410337448120117, 7.434331893920898, 7.434331893920898, 7.434331893920898, 5.976006031036377, 0.0, 0.0, 7.434331893920898, 7.434331893920898, -1.4583253860473633, 7.434331893920898, 13.410337448120117, 13.410337448120117, 0.06941373103238166, 0.10460500138541289, 0.031082079135273534, 0.10200263275267177, 0.1743488405499919, 0.15391044631906317, 0.053212753162174865, 0.13516765784494292, 0.14839337780257983, 0.16668331367610906, 0.06969902079525606, 0.1122878533562686, 0.041209817487502874, 0.12269006735626255, 0.046289184166196595, 0.11643756547898794, 0.16504565386580425, 0.1185201101090116, 0.11214586872516204, 0.122889309295529, 0.13595859921467152, 0.12468970020931673, 0.04483899031429281, 0.09529392627004034, 0.04022627024720738, 0.13049097319811392, 0.05878446065230535, 0.06005193195656971, 0.1692194095104836, 0.13161159433506062, 0.10780877699002511, 0.042864221106345156, 0.028186795254730914, 0.08474283119136794, 0.1439027049842495, 0.16813558748130414, 0.13021603172899965, 0.08755976768047607, 0.06328294506898217, 0.07994200157294665]"
A89GFB5RTGC8Z,"[5.063737392425537, 4.94683313369751, 4.94683313369751, 4.94683313369751, 5.063737392425537, 0.06764024496078491, 5.063737392425537, 4.928456783294678, 4.928456783294678, 9.942930221557617, 0.0, 0.018376465886831284, 4.94683313369751, 5.063737392425537, 9.992194175720215, 4.94683313369751, 5.113000869750977, 0.13528048992156982, 4.94683313369751, 0.11690402030944824, 5.063737392425537, 5.045360565185547, 4.996097087860107, 0.0, 5.113000869750977, 0.0, 0.0, 5.113000869750977, 4.996097087860107, 4.996097087860107, 5.063737392425537, 5.063737392425537, 0.0, 0.0, 4.928456783294678, 4.928456783294678, -0.04926377534866333, 0.06764024496078491, 5.0144734382629395, 4.94683313369751, 0.1341538315456493, 0.08007569934465807, 0.12803440651478304, 0.0269700939311743, 0.051999354985962434, 0.15690113147382265, 0.08635766071008945, 0.05701873278132299, 0.08676927144722268, 0.09509265823992746, 0.1496806175091533, 0.09220859914553291, 0.046714307978842996, 0.1429479766724844, 0.10394533273379912, 0.03142442605305078, 0.12778070821137705, 0.06537303118401733, 0.1620947322212962, 0.13408371069693722, 0.06687554709935413, 0.08427745553543309, 0.15427964186741294, 0.03904073657681609, 0.07705751312976791, 0.12471054888806464, 0.13930898964952237, 0.11008802996395531, 0.09616518607796165, 0.06650257203439368, 0.1017088121219074, 0.030559846133288934, 0.14487056616046495, 0.1085945809002849, 0.0888088423735916, 0.0647517614299312, 0.03464433119519485, 0.02954965740481416, 0.0326454640721918, 0.16524120637929487]"
A8B6JCPLPWVK5,"[13.229865074157715, 10.931581497192383, 11.345937728881836, 4.031436920166016, 13.229865074157715, 0.0, 13.797469139099121, 3.593421459197998, 0.0, 11.345937728881836, 3.87625789642334, 11.783952713012695, 8.190531730651855, 11.783952713012695, 9.636444091796875, 7.622927665710449, 12.945097923278809, 5.477349281311035, 13.229865074157715, 0.0, 11.783952713012695, 7.184912204742432, 13.229865074157715, 3.308654308319092, 13.229865074157715, 0.5676037669181824, 3.308654308319092, 9.353607177734375, 3.593421459197998, 3.593421459197998, 4.314273834228516, 12.791849136352539, 0.0, 0.0, 8.9155912399292, 7.469679355621338, 11.06117057800293, 7.469679355621338, 13.797469139099121, 9.353607177734375, 0.08291886703841488, 0.11389001940011134, 0.028981002942680367, 0.16081746096528418, 0.09403669601247477, 0.1650179846014572, 0.07108020303140984, 0.1650241736500055, 0.03412483946106534, 0.144930373460756, 0.10010032624251317, 0.13289771846939324, 0.06436269955243214, 0.16041634868049806, 0.0634280725624935, 0.08493353931291468, 0.11598018196142904, 0.09574764099393952, 0.09476576813036452, 0.09675636478483995, 0.051287343396744775, 0.08263386285420572, 0.04191458944209156, 0.08222842394698973, 0.043446909840769696, 0.03954194954876196, 0.04243710479123345, 0.1666474148135061, 0.1233620652592179, 0.07381367944295182, 0.06491124735448148, 0.057680383730095, 0.03550218954773707, 0.14396813383671325, 0.08849701295321412, 0.13355889008641417, 0.0877637188847279, 0.12138672594424733, 0.06251587637941503, 0.12665306790123676]"
A8CGEXNIB402C,"[1.9356940984725952, 0.0, 0.0, 0.0, 1.9356940984725952, 0.0, 1.9356940984725952, 0.0, 0.0, 0.0, 0.0, 0.0, 0.0, 3.8713881969451904, 1.9356940984725952, 1.9356940984725952, 0.0, 1.9356940984725952, 1.9356940984725952, 0.0, 1.9356940984725952, 3.8713881969451904, 1.9356940984725952, 0.0, 0.0, 0.0, 0.0, 1.9356940984725952, 1.9356940984725952, 0.0, 0.0, 0.0, 0.0, 0.0, 0.0, 0.0, 0.0, 0.0, 1.9356940984725952, 1.9356940984725952, 0.1131575727892489, 0.1253109587319282, 0.16747365715663862, 0.1436444609376926, 0.08034991377917543, 0.12139902034672367, 0.1239501477388989, 0.06227934070807337, 0.04190758672062194, 0.12852575215217513, 0.08516593693650926, 0.08634358704471662, 0.14465719013156544, 0.06718662192656295, 0.1066701771025869, 0.12793423378542176, 0.025772148589179145, 0.060838218659304395, 0.12628774387659167, 0.150705692122554, 0.08213756027725365, 0.06128720473546301, 0.1426492173801018, 0.059184674405647994, 0.032810729214461626, 0.1241416694759565, 0.08498682342864587, 0.07387199406604952, 0.059182178305763666, 0.14829770746454773, 0.02553869482308085, 0.05806350892830615, 0.10838199773070403, 0.08752226996292249, 0.09491672079424253, 0.12024364253617438, 0.038504182803373435, 0.15194747907921693, 0.1556563507893158, 0.062890841300493]"
A8FTL366YFPRX,"[1.824390172958374, 2.7365853786468506, 0.0, 0.912195086479187, 1.824390172958374, 0.0, 1.824390172958374, 0.0, 0.912195086479187, 1.824390172958374, 0.0, 4.302469253540039, 0.8547149896621704, -0.1724403202533722, 1.824390172958374, 2.478079319000244, 0.912195086479187, 1.824390172958374, 2.7365853786468506, 0.912195086479187, 0.912195086479187, 1.824390172958374, 1.824390172958374, 0.0, 0.8547149896621704, 0.0, 0.0, 2.7365853786468506, 0.912195086479187, 1.824390172958374, -2.53555965423584, 1.824390172958374, 0.0, 0.0, 3.3902745246887207, 0.912195086479187, 1.824390172958374, 0.912195086479187, 2.7365853786468506, 1.824390172958374, 0.12577589863953612, 0.1290183439526554, 0.16894853396527582, 0.1188238678671584, 0.1408664488926044, 0.17415945819164805, 0.17135576783385698, 0.04550190953657889, 0.16164239957493998, 0.17330290019608646, 0.17094957796291566, 0.03784697407996898, 0.14335585883175042, 0.08568130559798547, 0.03242620408770647, 0.09963966964452525, 0.08064047295468581, 0.12585162772915434, 0.09290349243032246, 0.17370565884778846, 0.12993876939049248, 0.09584860787235905, 0.057637651999889815, 0.1631868544428931, 0.13163573459598657, 0.13804687141289804, 0.042677201285557284, 0.10831993844067815, 0.1080259558269254, 0.07952582956405896, 0.09993774153708855, 0.11650143420096125, 0.14659800005849713, 0.10616576438957452, 0.05283831695002669, 0.0984549045968035, 0.09928176156802421, 0.1649924689571388, 0.02413077637071383, 0.024701278590382715]"
A8KB4X4BRD00L,"[3.287684917449951, 3.287684917449951, 1.6438424587249756, 3.287684917449951, 1.6438424587249756, 1.6438424587249756, 3.287684917449951, 0.0, 0.0, 1.6438424587249756, 0.0, 1.6438424587249756, 1.6438424587249756, 1.6438424587249756, 1.6438424587249756, 1.6438424587249756, 1.6438424587249756, 4.931527137756348, 3.287684917449951, 0.0, 1.6438424587249756, 0.0, 1.6438424587249756, 0.0, 1.6438424587249756, 0.0, 0.0, 1.6438424587249756, 1.6438424587249756, 1.6438424587249756, 1.6438424587249756, 1.6438424587249756, 0.0, 0.0, 0.0, 0.0, 0.0, 1.6438424587249756, 1.6438424587249756, 3.287684917449951, 0.16267018373593906, 0.12527594340952578, 0.08425317659833334, 0.03827700210634468, 0.04462623718616079, 0.1545641196543595, 0.07521223596075156, 0.08706772818144319, 0.05440187549867903, 0.1123045447424214, 0.1175103317503238, 0.15406823907884099, 0.1385169947438539, 0.07277844894407554, 0.15934684925889817, 0.07880822002612962, 0.08431395573732871, 0.11269794315566463, 0.1495120201053209, 0.11042108299999151, 0.14724879700014154, 0.13641512538930783, 0.13810636612018765, 0.1284095088787848, 0.12849014397499217, 0.08220883184951196, 0.04494142630427079, 0.10826501436582979, 0.10037536553522558, 0.13599014540461454, 0.14569027899128004, 0.12197113903927423, 0.04919422749931, 0.022975430822355605, 0.04153927050150826, 0.0677185398565741, 0.11211682316270687, 0.144802946189206, 0.13014616286129924, 0.15085551396781116]"
A8N02S3VNT60S,"[0.30481472611427307, 0.30481472611427307, 0.0, 0.15240736305713654, 0.30481472611427307, 0.15240736305713654, 0.30481472611427307, 0.15240736305713654, 0.15240736305713654, 0.30481472611427307, 0.0, 0.30481472611427307, 0.15240736305713654, 0.15240736305713654, 0.15240736305713654, 0.30481472611427307, 0.15240736305713654, 0.15240736305713654, 0.30481472611427307, 0.15240736305713654, 0.15240736305713654, 0.15240736305713654, 0.30481472611427307, 0.0, 0.30481472611427307, 0.0, 0.0, 0.15240736305713654, 0.0, 0.15240736305713654, 0.0, 0.30481472611427307, 0.0, 0.0, 0.15240736305713654, 0.0, 0.30481472611427307, 0.15240736305713654, 0.30481472611427307, 0.15240736305713654, 0.04042488564292991, 0.1487596591903638, 0.04333980571872363, 0.17090281958199247, 0.02983578848064606, 0.17245830029735984, 0.1118693181923735, 0.11952325093482369, 0.16372975909358253, 0.14530279713105404, 0.042443855435151626, 0.09806092225737799, 0.0629427524475832, 0.09989878565533436, 0.07625655459296916, 0.10648706001678623, 0.14214121994279053, 0.07086300244471143, 0.03858863467361215, 0.029498735606808917, 0.13520277832577998, 0.05345315890759548, 0.07155413544918188, 0.1006142190116186, 0.11742948926398701, 0.16894195479154214, 0.1253084916120665, 0.12639790667323086, 0.08421019826526037, 0.10322731097776541, 0.10682382949989809, 0.033057462269812106, 0.14513502827378583, 0.14487365505213812, 0.14030526016970765, 0.16378089643895805, 0.06714943047015393, 0.16690925605320858, 0.05065071965931755, 0.07649702902660303]"
A914TQVHI872U,"[3.434997797012329, 5.758817672729492, 4.206354141235352, -0.3528599143028259, 1.9567409753799438, -0.08231610804796219, 3.580920934677124, -3.497304916381836, 1.4515104293823242, 3.955343246459961, 1.5599275827407837, 3.874159574508667, 5.283655166625977, 6.079554557800293, 1.2478684186935425, 2.848978281021118, 3.0620272159576416, -0.32799461483955383, 3.8489580154418945, 0.0, 0.4171614646911621, 3.29329514503479, -0.4811289310455322, 2.4776453971862793, 2.202125310897827, 0.0, -0.05860556289553642, 2.769571542739868, 1.3876779079437256, 3.8209376335144043, 0.8119825124740601, 2.060535430908203, 0.0, 0.0, 4.021363258361816, 5.970167636871338, 1.5876553058624268, 1.1559102535247803, 5.518290996551514, 5.22406530380249, 0.13597640732531313, 0.1159506458676754, 0.01678934539423791, 0.13539332583094804, 0.030494251654133653, 0.15499583013431326, 0.14467472044014812, 0.042388240744003554, 0.11224892333891244, 0.11861097713188505, 0.11153301424625889, 0.10105911569600465, 0.03113592208944411, 0.0878017455012525, 0.048786912875371666, 0.06082699026505328, 0.061742825524860996, 0.11075685928972508, 0.05909701124226693, 0.03817706936298841, 0.059535910641770495, 0.10301357967615057, 0.05886887982813647, 0.12257743831872286, 0.14847085159249834, 0.1562785632634912, 0.13941843473987015, 0.06473404863315216, 0.061613823354809805, 0.13260282152955447, 0.06855355989689194, 0.16120151931954443, 0.15935354099960544, 0.1057942308917537, 0.10862054411182014, 0.07421881464691034, 0.02235700238880975, 0.15429185574580934, 0.034695321795996326, 0.06499732275281998]"
A9MRAYG97FQML,"[2.050083875656128, 0.31176698207855225, 0.459916353225708, -0.05098357051610947, -0.14411520957946777, 0.0, -0.0931316390633583, 0.1742103546857834, 0.0, 1.6451853513717651, 0.0, -0.0931316390633583, -0.05098357051610947, 1.4199914932250977, 0.1742103546857834, -0.5530480146408081, -0.14411520957946777, 0.0, -0.14411520957946777, 0.7272583246231079, -0.14411520957946777, 0.1742103546857834, -0.14411520957946777, 0.0, -0.0931316390633583, 0.0, 0.0, -0.6040315628051758, 0.0, 0.0, -0.05098357051610947, 0.31176698207855225, 0.0, 0.0, 0.459916353225708, 0.0, -0.0931316390633583, 0.0, 1.5942018032073975, -0.6040315628051758, 0.042876617578048185, 0.0248571877784779, 0.1303334308292155, 0.1465428175691988, 0.0649557236675675, 0.11495367562738217, 0.14353587196610482, 0.13975124339498865, 0.09731162025502957, 0.07917867651971253, 0.03273226571091859, 0.12842618169575953, 0.10207899590310796, 0.024914517464422414, 0.03319595394767247, 0.14672624854760127, 0.15761754752572646, 0.09226000502929721, 0.03563303394898929, 0.07688074532945043, 0.13748853486606488, 0.057739144507614824, 0.10887346457416786, 0.04654095139196045, 0.14601916949221044, 0.15177686157871328, 0.132344356514125, 0.11465935258091323, 0.07849988619900045, 0.08840293808727957, 0.07550869987145044, 0.10246501022676326, 0.04899249087510439, 0.09262388455521361, 0.11537226704711924, 0.060819147856338615, 0.03063670268968533, 0.11669685249411396, 0.1412063302590199, 0.12806140321484438]"
A9QBM4RNQ7L9T,"[2.8478128910064697, 2.699876070022583, 2.706669807434082, 4.870186805725098, 4.870186805725098, 0.536359429359436, 6.751416206359863, 0.536359429359436, 2.0223734378814697, 2.0223734378814697, 0.536359429359436, 2.558732748031616, 2.706669807434082, 2.558732748031616, 6.899242401123047, 2.558732748031616, 2.706669807434082, 0.536359429359436, 2.8478128910064697, 0.536359429359436, 2.706669807434082, 2.0223734378814697, 2.8478128910064697, 0.0, 6.751416206359863, 0.536359429359436, 0.536359429359436, 2.706669807434082, 0.536359429359436, 0.536359429359436, 2.706669807434082, 2.706669807434082, 0.536359429359436, 0.0, 2.706669807434082, 2.706669807434082, 0.0, 2.0223734378814697, 2.699876070022583, 0.536359429359436, 0.16269273682606908, 0.11345739232523694, 0.07091009439318653, 0.13063572851061342, 0.09440806639593015, 0.09576450439117691, 0.026922478476662518, 0.16989123992547442, 0.10650071675076342, 0.13968703670491575, 0.023867587352395983, 0.07668606021012275, 0.15262330976289692, 0.13094340054966805, 0.16516725606185412, 0.048572473915288426, 0.07865211645999456, 0.03929609191365303, 0.113985216592346, 0.10885207960392974, 0.07581718773027403, 0.05309864825287658, 0.0533365473056179, 0.07020454844397395, 0.10275196758101593, 0.15900623736702982, 0.07896761006507375, 0.05287048454435969, 0.04108574463235183, 0.14869182470561965, 0.13182484391867708, 0.06098092964304689, 0.15546178231708818, 0.08247355918956299, 0.02972232319937499, 0.0413782818078986, 0.03306921374567795, 0.11259716126958798, 0.14115788489892372, 0.12019510130013439]"
A9SA7CY8HA291,"[0.0, 0.0, 0.0, 0.0, 0.0, 0.0, 0.0, 0.0, 0.0, 0.0, 0.0, 0.0, 0.0, 0.0, 0.0, 0.0, 0.0, 0.0, 0.0, 0.0, 0.0, 0.0, 0.0, 0.0, 0.0, 0.0, 0.0, 0.0, 0.0, 0.0, 0.0, 0.0, 0.0, 0.0, 0.0, 0.0, 0.0, 0.0, 0.0, 0.0, 0.12359220439710772, 0.11304455139643092, 0.028980592934816668, 0.16431054041804982, 0.15554095174721344, 0.16984564356788026, 0.06316798247365805, 0.15954880216794148, 0.06390100020995727, 0.044138571748600405, 0.06132320999048871, 0.03569058321050378, 0.16435346962897182, 0.12867218683536827, 0.047983600915057524, 0.054519628570733523, 0.05741939494243169, 0.17515639454591414, 0.0737366568309836, 0.0327030496379837, 0.07217194634482099, 0.07519854097475846, 0.03177186732550889, 0.050067937250486805, 0.1626785582671072, 0.11486888078196665, 0.051186614375086634, 0.1594955954605927, 0.09965553705909351, 0.12206183033380608, 0.14630700658164994, 0.04751409136000109, 0.17495028436977605, 0.09941915461708634, 0.07558318110461157, 0.13120855749541263, 0.1137733015301732, 0.08907064057993193, 0.11824615480260456, 0.10580234424241132]"
A9ZMABTHVLKOL,"[4.7795186042785645, 4.7795186042785645, 4.414642810821533, 4.7795186042785645, 6.007815837860107, 0.0, 7.236112594604492, 4.414642810821533, 1.5931729078292847, 4.7795186042785645, 4.414642810821533, 4.7795186042785645, 4.7795186042785645, 4.7795186042785645, 4.7795186042785645, 7.236112594604492, 3.5512213706970215, 4.7795186042785645, 6.007815837860107, 0.36487576365470886, 7.236112594604492, 4.7795186042785645, 4.7795186042785645, 0.0, 6.007815837860107, 0.0, 3.1863458156585693, 4.7795186042785645, 4.414642810821533, 4.7795186042785645, 4.414642810821533, 7.236112594604492, 0.0, 0.0, 4.7795186042785645, 5.642940044403076, 3.5512213706970215, 4.7795186042785645, 7.236112594604492, 4.7795186042785645, 0.0829499399651309, 0.09976565837839377, 0.035888423942436215, 0.12645604945832245, 0.031100675105449626, 0.1262433047379687, 0.08491324119548717, 0.15739123986620127, 0.03955017605866083, 0.04576271915111819, 0.06029280271470393, 0.051616258292992795, 0.09308346246671502, 0.04038912099629823, 0.11325046069885922, 0.15978157961732406, 0.14260362603115753, 0.14518338961728164, 0.02328755902225232, 0.04745544680710386, 0.09485633399860999, 0.07511808338393595, 0.032294986471645935, 0.13581992105255486, 0.0821119948284194, 0.14182063331551947, 0.029259311830527598, 0.06759749431053226, 0.15126332802630094, 0.1189113744281644, 0.05530973191870143, 0.06492680459065157, 0.07403931944392281, 0.10169031794656001, 0.1267463920677015, 0.0923295462007259, 0.12331465038580376, 0.07276179202620386, 0.14133773372421626, 0.14094204770047533]"
AA0KFWC049J0U,"[6.617286205291748, 3.308643102645874, 9.925929069519043, 3.308643102645874, 3.308643102645874, 0.0, 9.925929069519043, 0.0, 0.0, 6.617286205291748, 3.308643102645874, 6.617286205291748, 6.617286205291748, 9.925929069519043, 3.308643102645874, 6.617286205291748, 6.617286205291748, 3.308643102645874, 6.617286205291748, 0.0, 6.617286205291748, 3.308643102645874, 6.617286205291748, 3.308643102645874, 6.617286205291748, 0.0, 0.0, 3.308643102645874, 0.0, 0.0, 3.308643102645874, 6.617286205291748, 0.0, 0.0, 3.308643102645874, 3.308643102645874, 3.308643102645874, 3.308643102645874, 6.617286205291748, 6.617286205291748, 0.08808374262788836, 0.04786967609444569, 0.05884372349423558, 0.11398826443615984, 0.1358533776308021, 0.1545857817607517, 0.15951348293775777, 0.12755796810264022, 0.07336340271001984, 0.10886959487500357, 0.15363261342708018, 0.05460496583339684, 0.042635710621802526, 0.12138913179293012, 0.0927840249881629, 0.03526793300076269, 0.045993746564908414, 0.09357950677404056, 0.06621575629218712, 0.04392224071792982, 0.1437695961937621, 0.05489163591843889, 0.16872468397342913, 0.09378122363064333, 0.156842902326391, 0.14294467814790693, 0.06851939869019061, 0.04651617738458695, 0.11747435991978784, 0.0570479260754699, 0.07801918841252097, 0.1687674538614469, 0.042683114605326915, 0.05611097579477228, 0.051546103396255864, 0.10058713293299959, 0.15404904267488326, 0.1251774457248739, 0.13669150654956572, 0.12364607748159287]"
AA91G2AGEGOEJ,"[19.799476623535156, 19.799476623535156, 19.799476623535156, 16.01787567138672, 19.799476623535156, 15.48754596710205, 19.799476623535156, 0.0, 15.48754596710205, 19.799476623535156, 19.799476623535156, 19.799476623535156, 19.799476623535156, 19.799476623535156, 19.799476623535156, 19.799476623535156, 19.799476623535156, 19.799476623535156, 19.799476623535156, 15.48754596710205, 19.799476623535156, 15.48754596710205, 19.799476623535156, 0.0, 19.799476623535156, 0.0, 15.48754596710205, 19.799476623535156, 19.799476623535156, 0.0, 15.48754596710205, 19.799476623535156, 0.0, 0.0, 19.799476623535156, 16.01787567138672, 19.799476623535156, 19.799476623535156, 19.799476623535156, 19.799476623535156, 0.10891440417904624, 0.056840901057029866, 0.08885831537357504, 0.062300792359115974, 0.16796529361787296, 0.15388021604832725, 0.07619990980233653, 0.13541063474698745, 0.040817485139605286, 0.05439090099365263, 0.09109128925420902, 0.0343744212343469, 0.05047516646304958, 0.1518663786446829, 0.14330357583865483, 0.14975547505918274, 0.1178714103736589, 0.06657553890945395, 0.0352362112711646, 0.042943596707578094, 0.1741417397952195, 0.17580064629718414, 0.04379753757352833, 0.026952719660595523, 0.07916886423109301, 0.13494733966550895, 0.16100082849834585, 0.10417358726551744, 0.1562953377526701, 0.15470995356742273, 0.06742276998374017, 0.04962208482105411, 0.11671863939143787, 0.10551025522309107, 0.08479156507264814, 0.13005428222330995, 0.15272254465083374, 0.1290577007576633, 0.0376389320173852, 0.15737102025384148]"
AAB7D8L1RXAK8,"[4.962991714477539, 4.962991714477539, 7.467467308044434, 0.0, 4.962991714477539, 0.0, 9.948963165283203, 2.5044755935668945, 0.0, 7.467467308044434, 0.0, 4.962991714477539, 4.962991714477539, 7.467467308044434, 7.467467308044434, 7.467467308044434, 4.962991714477539, 0.0, 4.962991714477539, 0.0, 4.962991714477539, 4.962991714477539, 4.962991714477539, 4.962991714477539, 7.467467308044434, 0.0, 0.0, 4.962991714477539, 0.0, 2.5044755935668945, 0.0, 9.948963165283203, 0.0, 0.0, 2.5044755935668945, 4.962991714477539, 7.467467308044434, 4.962991714477539, 7.467467308044434, 7.467467308044434, 0.06938331597809846, 0.16297469682447902, 0.07574166584199538, 0.13516247735995093, 0.0656753737345173, 0.029861726306831832, 0.0516775055125257, 0.1004508188674555, 0.13689096212380422, 0.07182973136576044, 0.15224166339873085, 0.1413938537565793, 0.1455516993560083, 0.08123113744131041, 0.03854911049977448, 0.14239757375685116, 0.08362376632331202, 0.07511953148453451, 0.16147099872189405, 0.0408896468410665, 0.16273567341741732, 0.08883957876000191, 0.03907401715306212, 0.0850863591947974, 0.1285959071885728, 0.04297202459861413, 0.1680896846759265, 0.13238253673119943, 0.0674030392692827, 0.04404542625833195, 0.07748782110365594, 0.05334582476016008, 0.05023968935223791, 0.14582086781028974, 0.05633704297638049, 0.10797202226688579, 0.14370912166128066, 0.02719304485565171, 0.16085130025927039, 0.11272530857142918]"
AABWJ79OLTS38,"[1.7466707229614258, 1.6939802169799805, 1.0550576448440552, 1.3328461647033691, 1.4688823223114014, 1.0023669004440308, 1.2555724382400513, 0.42792296409606934, 0.5744439363479614, 1.2660572528839111, 1.416191577911377, 1.416191577911377, 1.416191577911377, 1.7466707229614258, 1.2555724382400513, 1.4688823223114014, 1.2555724382400513, 1.6939802169799805, 1.5860517024993896, 1.0023669004440308, 1.7466707229614258, 0.5744439363479614, 1.0023669004440308, 0.0, 1.3082630634307861, 0.42792296409606934, 1.0023669004440308, 1.0023669004440308, 2.174593925476074, 0.42792296409606934, 1.0550576448440552, 1.416191577911377, 0.42792296409606934, 0.0, 1.4688823223114014, 1.0550576448440552, 0.9882686734199524, 0.9882686734199524, 2.174593925476074, 1.7466707229614258, 0.08753325375505176, 0.14215321137437323, 0.06059534743507612, 0.14440341290067002, 0.15007995758577794, 0.03562011561512141, 0.0987930420130734, 0.07877303925961193, 0.013985130640113688, 0.014680453798723554, 0.06864197337869449, 0.07957250230113802, 0.1126587638930354, 0.02632150136970824, 0.06785621549256482, 0.0623521255786683, 0.14341381275045528, 0.13987282660508563, 0.05957167883779174, 0.09428318185871509, 0.12843255770878634, 0.05217423773677027, 0.11733270044218748, 0.12265302477822482, 0.04307073455785102, 0.10331246002138181, 0.02341898594157068, 0.09382105677706239, 0.10948315364288265, 0.022414461236413906, 0.06407015625525794, 0.03066230635965043, 0.04228099259983802, 0.1410968601687609, 0.032181166192805206, 0.058867971870229185, 0.1524115062070111, 0.14320011905910446, 0.08191476518620985, 0.05367496288962421]"
AAJSS6CLCYC0M,"[19.79869842529297, 17.253427505493164, 16.207115173339844, 16.610166549682617, 19.79869842529297, -1.6010217666625977, 19.79869842529297, 13.987284660339355, 14.881246566772461, 14.663460731506348, 0.4729909300804138, 1.9601701498031616, 16.420446395874023, 19.79869842529297, 16.268095016479492, 19.79869842529297, 19.79869842529297, 5.922780513763428, 19.79869842529297, 0.5733208060264587, 19.79869842529297, 19.79869842529297, 19.79869842529297, 4.6242828369140625, 17.244321823120117, 0.0, 0.0, 19.79869842529297, 17.390483856201172, 16.137176513671875, 15.56385612487793, 19.79869842529297, 0.0, 0.4729909300804138, 8.670246124267578, 19.79869842529297, 5.670594692230225, 5.87105655670166, 19.79869842529297, 19.79869842529297, 0.0767081028001213, 0.04696600231584275, 0.11101407694008739, 0.1424571237889481, 0.1653051685344409, 0.06530360409288888, 0.17397419209852252, 0.05856461020452868, 0.07621746486058693, 0.16663913409971243, 0.16300883189190643, 0.09053695259165878, 0.13084235076445114, 0.08409585411817916, 0.04188122136382989, 0.032156557088022446, 0.12191338205619325, 0.08172286481897095, 0.12575845010825124, 0.14050026214876235, 0.134163720440824, 0.09063320522777978, 0.04492904344251297, 0.16653565013462485, 0.16704745883434102, 0.13319995787285127, 0.07620747151332942, 0.1548221223151135, 0.10322482694106194, 0.10116281989735568, 0.03424665020237924, 0.054966756251366634, 0.11641145938310439, 0.04162298664190965, 0.05465616600785023, 0.1250507232815539, 0.1026719777667211, 0.06720983066564791, 0.07941428510009729, 0.11012321704208722]"
AAP5XCA30G532,"[10.337207794189453, 5.967137813568115, 8.437952041625977, 14.601995468139648, 10.337207794189453, 5.967137813568115, 10.337207794189453, 0.0, 5.967137813568115, 5.967137813568115, 5.967137813568115, 9.309917449951172, 8.437952041625977, 14.601995468139648, 8.437952041625977, 5.967137813568115, 5.967137813568115, 10.337207794189453, 10.337207794189453, 10.231925010681152, 8.437952041625977, 11.103890419006348, 10.337207794189453, 0.0, 8.437952041625977, 0.0, 5.967137813568115, 5.967137813568115, 10.337207794189453, 4.264787197113037, 7.86639404296875, 8.437952041625977, 0.0, 0.0, 8.437952041625977, 5.967137813568115, 15.473959922790527, 5.967137813568115, 8.437952041625977, 10.337207794189453, 0.1727436297454903, 0.03577244289380609, 0.033032892634715934, 0.10875406966537075, 0.05649488443395782, 0.17350856921048194, 0.06685457038067294, 0.08764649494201696, 0.08996690699686045, 0.04875590360471476, 0.07073053994105703, 0.15026741910579186, 0.16887924735052975, 0.10313989704566574, 0.16482480329399563, 0.16567767667155542, 0.07926602275197304, 0.08203375008548248, 0.0432877325265521, 0.08688849763828978, 0.050649606831979645, 0.0588104801350009, 0.10422308246536016, 0.09104017687345989, 0.1011298781193336, 0.04439173896284652, 0.12825796711502377, 0.049785735110313145, 0.1585686794938772, 0.09556209934953797, 0.16236438037118026, 0.06929999241904283, 0.14054430257360997, 0.06828776865551123, 0.06571160835302105, 0.11919677199432455, 0.06627218507220733, 0.040682863310789075, 0.03484341929742604, 0.1567455288354307]"
AB4T4E0AGMKRA,"[6.596248626708984, 6.51223611831665, 6.51223611831665, 6.51223611831665, 6.51223611831665, 0.6769580841064453, 6.3513407707214355, 0.08401185274124146, 6.51223611831665, 0.760969877243042, 0.6999379396438599, 0.6769580841064453, 6.267328262329102, 6.3513407707214355, 6.51223611831665, 6.3513407707214355, 0.760969877243042, 0.6769580841064453, 6.596248626708984, 0.6769580841064453, 6.51223611831665, 6.51223611831665, 6.51223611831665, 0.0, 6.596248626708984, 0.0, 0.6769580841064453, 7.189194202423096, 0.5160622000694275, 5.590371131896973, 0.760969877243042, 6.68026065826416, 0.0, 0.0, 6.51223611831665, 6.267328262329102, 0.6769580841064453, 6.51223611831665, 6.68026065826416, 6.267328262329102, 0.13635330208730537, 0.06077439714989928, 0.09611638051564174, 0.11171470478722706, 0.07051763137821196, 0.043248615750974016, 0.05644633298767213, 0.09345064250251844, 0.07392484871463868, 0.15297845722579112, 0.12299268028629265, 0.13609974360270308, 0.14998624580862124, 0.09782492960203544, 0.10136247232883776, 0.028873733053042944, 0.029183811278034946, 0.05639585430022293, 0.023575676710948557, 0.10256189169409592, 0.10621335784015691, 0.045417721107034445, 0.1154379969343136, 0.02785993534647927, 0.1644358613051026, 0.058966766796399395, 0.03155292391871761, 0.14095001857498832, 0.05793571980086647, 0.10535323172402006, 0.14849762266680122, 0.10738395202158932, 0.10277602142263419, 0.15362308820994608, 0.15563372551153945, 0.02181945948426309, 0.12871976458121726, 0.13403223308459267, 0.04511685618501514, 0.11401125565912966]"
ABCIDPOKCXJOB,"[19.594865798950195, 16.846887588500977, 5.430222988128662, 8.178200721740723, 16.846887588500977, 1.9794098138809204, 17.37306022644043, 14.164643287658691, 2.747978687286377, 16.846887588500977, 2.682244062423706, 14.164643287658691, 5.956395626068115, 17.615455627441406, 17.615455627441406, 17.43879508972168, 14.867477416992188, 14.933212280273438, 17.43879508972168, 0.0, 18.14162826538086, 12.185233116149902, 16.912622451782227, 0.0, 19.799543380737305, 0.0, 2.682244062423706, 8.112466812133789, 5.430222988128662, 5.430222988128662, 2.682244062423706, 19.799543380737305, 0.0, 0.0, 5.430222988128662, 5.890661239624023, 14.164643287658691, 14.933212280273438, 19.799543380737305, 14.933212280273438, 0.06151432051236254, 0.06771263597037282, 0.1612271945869693, 0.12065364660341639, 0.1481194033670889, 0.10429357139822545, 0.13635988505576116, 0.10165147137104423, 0.07288161103016183, 0.11165415097961758, 0.15983436690519712, 0.06125672724533042, 0.1379613964260299, 0.10881599988310894, 0.1730102337219864, 0.15040263635456755, 0.11182809116309336, 0.14987816765081333, 0.02972178792038142, 0.14443105086254668, 0.12108403420620734, 0.09605203351563069, 0.16204215512347836, 0.10352355937506842, 0.12318563904694352, 0.055644804566947, 0.14576930853473208, 0.045971112385261165, 0.12963949979072298, 0.10815318895976268, 0.09051310798717568, 0.17109429770171908, 0.06346195993522488, 0.07548191511315584, 0.04873220070040894, 0.10365334427957247, 0.16622723095131114, 0.056144126682215946, 0.12996455520932448, 0.06974022705251447]"
ABQWMANK4AR63,"[3.4262588024139404, 2.558410167694092, 2.9893298149108887, 2.557373285293579, 3.332416534423828, 0.0, 3.6828677654266357, 4.105920314788818, 2.970608949661255, 2.281595230102539, 0.245514914393425, 2.424741268157959, 2.4042232036590576, 2.9241271018981934, 4.815794944763184, 2.881577491760254, 4.051695823669434, 0.6773434281349182, 3.0272862911224365, 0.0, 2.8296122550964355, 2.3833470344543457, 4.028306007385254, 0.9485254883766174, 4.040591239929199, 0.0, 0.14511120319366455, 4.107205867767334, 4.234781265258789, 1.8620526790618896, 2.8417062759399414, 4.061633586883545, 0.14511120319366455, 0.6100751757621765, 1.6994256973266602, 1.677772045135498, 0.31595852971076965, 0.4614410400390625, 4.248736381530762, 4.355761528015137, 0.0674460345381227, 0.0088500747203536, 0.05728674519420664, 0.05362596017372167, 0.14658767896054392, 0.051581733623309534, 0.05384255641031379, 0.035043995892873235, 0.09784510178735806, 0.11439321314674136, 0.027166916880872083, 0.12689660923256582, 0.11032104724596288, 0.04863207346431101, 0.14092493723601762, 0.12495575075680336, 0.10707518257550142, 0.0761143462927996, 0.03079433630928245, 0.04050584122492791, 0.027941005917802714, 0.0163011234919012, 0.12958018962200424, 0.03186033886622671, 0.010952106170948736, 0.1415262824252754, 0.03995843286940212, 0.022091361760844412, 0.1093457720225543, 0.07263185085726392, 0.14607875342175644, 0.10076019322519292, 0.13842407796914724, 0.05919018294314748, 0.07952410794618824, 0.06414861761982775, 0.1117885813198839, 0.08860997576898026, 0.016031274888977272, 0.11607922594817956]"
ABWHWMXZDQ25C,"[7.516901969909668, 7.516901969909668, 1.9350603818893433, 3.6467819213867188, 8.068826675415039, 0.0, 8.068826675415039, 1.3877387046813965, 3.6467819213867188, 8.068826675415039, 1.0992467403411865, 7.516901969909668, 6.12916374206543, 6.681088447570801, 7.516901969909668, 7.516901969909668, 8.068826675415039, 4.194103240966797, 8.068826675415039, 3.0948567390441895, 7.516901969909668, 6.417656421661377, 6.417656421661377, 1.9350603818893433, 7.516901969909668, 0.0, 0.0, 6.417656421661377, 1.0992467403411865, 3.0948567390441895, 0.0, 7.516901969909668, 0.0, 0.0, 4.194103240966797, 1.9350603818893433, 7.516901969909668, 6.12916374206543, 8.068826675415039, 8.068826675415039, 0.07600281836405057, 0.09295203586761232, 0.14175509687413876, 0.15296628338649737, 0.06386653077670454, 0.09779330454676946, 0.16568655224987353, 0.13565355934896234, 0.04139152969121249, 0.12782794428783362, 0.16809334596675515, 0.08294989142409996, 0.038373786497321656, 0.09077419235654909, 0.029315347724889588, 0.0870618051555808, 0.16706750916531388, 0.05865487163514375, 0.07959883777736307, 0.0901897265745455, 0.13967837734472024, 0.12363337196570967, 0.09850327057559016, 0.13189046512155073, 0.14864780558909574, 0.12579253727977704, 0.16270524781709197, 0.05466748211679088, 0.027938638644417653, 0.15302374693752024, 0.11269254238508204, 0.10737549886588314, 0.12819200418749804, 0.11003523467689898, 0.13006983283585005, 0.05235398075293852, 0.14267911329331648, 0.09932107726148466, 0.1174637032417898, 0.1371917350879352]"
ABXNHW16GPL6F,"[15.521063804626465, 5.408156394958496, 12.920960426330566, 3.7117929458618164, 14.143580436706543, 2.179819107055664, 14.6435546875, -4.708710670471191, 2.179819107055664, 11.699201583862305, 11.064226150512695, 9.754120826721191, 17.143245697021484, 20.353885650634766, 10.730621337890625, 10.989673614501953, 9.640711784362793, 7.035348415374756, 11.647356033325195, 2.179819107055664, 11.647356033325195, 5.112044334411621, 6.791826248168945, 3.9473953247070312, 13.481382369995117, 4.1356048583984375, 2.179819107055664, 11.486245155334473, 13.744516372680664, 5.847311973571777, 12.162737846374512, 16.977432250976562, 1.089909553527832, 0.0, 12.150115013122559, 11.908202171325684, 9.640711784362793, 14.904895782470703, 15.112161636352539, 11.668330192565918, 0.1224110827404913, 0.036866191495552134, 0.05792733713141329, 0.10854942545283268, 0.08045607405499217, 0.054837500515559315, 0.18196794242750405, 0.08294195534823298, 0.16831182611716966, 0.12142863440232687, 0.16419768354927688, 0.07327078109178892, 0.06521917656258927, 0.07230193613339399, 0.14898070310919215, 0.11724972669186251, 0.09563237548881524, 0.06007425147064129, 0.1735281222535044, 0.10412701887433376, 0.08355359128480803, 0.11495767762465416, 0.13026340413146859, 0.13612900694487834, 0.06502245679745876, 0.058386365034540214, 0.0526896967629546, 0.12849703007312632, 0.18533409677154175, 0.07404534563705739, 0.09234268563224017, 0.15410380247332806, 0.08876120271980173, 0.043055610245913103, 0.045826183655956726, 0.15099869569378227, 0.11292062765806476, 0.0827093333036702, 0.05736660413561348, 0.11565060128342594]"
ACA81N25RHH2N,"[2.1290547847747803, 2.1069045066833496, 6.6433820724487305, 4.1346116065979, 2.1069042682647705, -2.556041717529297, 3.998490333557129, 2.5911855697631836, -0.7333206534385681, 3.675698757171631, 0.8939432501792908, -0.260485976934433, 12.221060752868652, 5.134913921356201, 8.205802917480469, 2.978140115737915, 10.92908763885498, 0.46776100993156433, 1.5901397466659546, 0.8939432501792908, 8.346997261047363, 2.9620532989501953, 1.739068627357483, 0.954084038734436, 9.82520866394043, 0.8939432501792908, 0.8939432501792908, 9.040596008300781, 4.523112773895264, 5.827955722808838, 7.332215785980225, 5.349058151245117, 0.8939432501792908, 0.0, 7.128591537475586, 6.333335876464844, 1.498876929283142, 2.6461288928985596, 16.117273330688477, 17.758708953857422, 0.16068316078146494, 0.11782386354902881, 0.1604789480452623, 0.14049212528348334, 0.12611235595936462, 0.143567646076788, 0.05215990049052854, 0.0795016819530013, 0.052038507613305765, 0.07789627825288373, 0.1395281141596285, 0.0978086767455476, 0.16854144448254588, 0.08733182943168336, 0.1542383555258721, 0.04329566488016588, 0.06863281796071564, 0.09000184651279589, 0.041089872356937326, 0.046949589023130484, 0.10266569389217786, 0.11887713609239738, 0.05598056723594161, 0.11864147562249075, 0.07935505132728907, 0.1576863528373017, 0.12454416795009421, 0.07408965648209692, 0.13721969594255096, 0.06523018374674285, 0.03592422929638408, 0.16955034360079457, 0.1728681621091215, 0.14166184742752552, 0.14828474019361518, 0.059572104345310344, 0.1345027408009407, 0.11455057705928931, 0.1612495286546654, 0.09752285273242639]"
ACAA46YVXMZTJ,"[1.1030919551849365, 1.1030919551849365, 0.8785309791564941, 0.8785309791564941, 1.4027540683746338, 0.8785309791564941, 1.4027540683746338, 0.2245609313249588, 1.3079402446746826, 1.4027540683746338, 1.532500982284546, 1.1030919551849365, 0.8785309791564941, 1.1030919551849365, 1.4027540683746338, 1.4027540683746338, 1.4027540683746338, 1.1030919551849365, 1.1030919551849365, 1.3079402446746826, 1.4027540683746338, 1.6076021194458008, 1.4027540683746338, 0.2996620535850525, 1.1030919551849365, 0.0, 1.3079402446746826, 0.8785309791564941, 1.1030919551849365, -0.12974713742733002, 0.8785309791564941, 1.1030919551849365, 0.2245609313249588, 0.0, 1.3079402446746826, 1.3079402446746826, 1.3079402446746826, 1.0484459400177002, 1.4027540683746338, 1.1030919551849365, 0.14876469078076707, 0.12254512799121962, 0.13460044451463918, 0.11265661463605713, 0.10904819723018731, 0.11613308390842857, 0.11437163662980411, 0.038131455177185414, 0.15426887625489163, 0.16345424028318659, 0.09484044472999938, 0.10122938972560186, 0.10666630287147173, 0.14253944621251663, 0.04150521741676202, 0.14040939861623714, 0.054872390927886094, 0.10869537112990865, 0.07913750119605786, 0.046365824434397275, 0.1660097128625001, 0.07029574798355526, 0.16393136402969205, 0.025096003856761785, 0.11218402638900674, 0.12474497244885643, 0.15746029289333133, 0.12902651558058567, 0.03269123614493028, 0.022247762726459723, 0.11021335581302366, 0.02969248492593587, 0.09442017790384041, 0.08835616235513001, 0.11461100521218529, 0.08136451991982127, 0.15489452602595946, 0.06272577543222893, 0.08015996958577544, 0.021623876816970613]"
ACDH4NYWRB1PR,"[0.9122017025947571, 0.9122017025947571, 0.0, 0.9122017025947571, 0.9122017025947571, 0.0, 1.8244034051895142, 0.0, 0.9122017025947571, 1.8244034051895142, 0.0, 0.9122017025947571, 0.9122017025947571, 0.9122017025947571, 0.9122017025947571, 0.9122017025947571, 0.9122017025947571, 1.8244034051895142, 0.9122017025947571, 0.9122017025947571, 1.8244034051895142, 0.9122017025947571, 0.9122017025947571, 0.0, 0.9122017025947571, 0.0, 0.0, 0.9122017025947571, 0.0, 0.9122017025947571, 0.0, 0.9122017025947571, 0.0, 0.0, 0.9122017025947571, 0.0, 0.9122017025947571, 0.9122017025947571, 1.8244034051895142, 0.9122017025947571, 0.11068810753462681, 0.16646823667952934, 0.14404911408914176, 0.06255385874211844, 0.09638548368882899, 0.10194832843366586, 0.05134211364884717, 0.13767180686159153, 0.1603149648367855, 0.048908550319344914, 0.10063338276172823, 0.15089954367627212, 0.05241139833754949, 0.11378195706349566, 0.051970287387995, 0.07225380767684753, 0.03998023704134704, 0.17116246593299217, 0.0951025457588626, 0.05892411496840296, 0.15712215874227034, 0.0849828891483638, 0.1610174103256138, 0.12979306010189387, 0.052368263549191836, 0.08342232983374943, 0.15401308953107937, 0.15383460842438637, 0.060598859087555, 0.07550381553421887, 0.05790994175462222, 0.09510911527449827, 0.07005689256692936, 0.1691461849934561, 0.03600611816229574, 0.061402714421176924, 0.1660616393654707, 0.12450727792313698, 0.06370558312579597, 0.1324253196627734]"
ACK0K1VME15R7,"[12.003881454467773, 12.003881454467773, 0.12516999244689941, 0.12516999244689941, 24.007762908935547, 0.12516999244689941, 24.007762908935547, 11.878713607788086, 0.0, 24.007762908935547, 0.0, 12.003881454467773, 0.12516999244689941, 12.003881454467773, 24.007762908935547, 24.007762908935547, 24.132936477661133, 12.003881454467773, 12.003881454467773, 0.0, 24.007762908935547, 23.88259506225586, 24.007762908935547, 12.003881454467773, 12.003881454467773, 0.0, 0.0, 0.12516999244689941, 0.12516999244689941, 12.129053115844727, 0.12516999244689941, 12.003881454467773, 0.0, 0.0, 0.0, 0.0, 11.878713607788086, 24.007762908935547, 24.007762908935547, 12.003881454467773, 0.1457801875969774, 0.10584615581380687, 0.046476977942348334, 0.16743646460148398, 0.10605877560244129, 0.07764662669426146, 0.04218426259684764, 0.08603964510742387, 0.07803405777169821, 0.09178375767463615, 0.07434022250015679, 0.06466459714572621, 0.1730821446330538, 0.0624855895885063, 0.06672570454028422, 0.04956487577088902, 0.06719076094908635, 0.1448973034807297, 0.1607344358235661, 0.17635284644587074, 0.09792475410419996, 0.12176244121276726, 0.16246656642622542, 0.06482972993769108, 0.06994616989671994, 0.13400870555924974, 0.05115231442299098, 0.08768604659585051, 0.15137120807039744, 0.04922343622526639, 0.1801925768508313, 0.06774392797702213, 0.08748803435790374, 0.09048389346861947, 0.1603590277557772, 0.07515882776957855, 0.17026851071049762, 0.12194124909066759, 0.1610034561084785, 0.04372705609531271]"
AD1RIYOFGGS37,"[0.0, 0.0, 0.0, 0.4858817160129547, 0.4858817160129547, 0.0, 0.4858817160129547, 0.0, 0.4858817160129547, 0.4858817160129547, 0.0, 0.0, 0.0, 0.4858817160129547, 0.0, 0.0, 0.4858817160129547, 0.0, 0.4858817160129547, 0.0, 0.0, 0.0, 0.0, 0.0, 0.0, 0.0, 0.0, 0.0, 0.0, 0.0, 0.0, 0.0, 0.0, 0.0, 0.0, 0.0, 0.0, 0.0, 0.4858817160129547, 0.4858817160129547, 0.07449294146899531, 0.1196492111137202, 0.15089927853972987, 0.03768705245832239, 0.08694038443697835, 0.1217765375984481, 0.13007258787590428, 0.1608551202514972, 0.08507291490187656, 0.14352791444758123, 0.16574607384058315, 0.12694566864328005, 0.038154790404718635, 0.07765825514900007, 0.03779577573111889, 0.05514426269367289, 0.09922358947971409, 0.15018912358388226, 0.04717022647309274, 0.13118425381053486, 0.11387574867635705, 0.05243756927843039, 0.12432100118613593, 0.04009270016696919, 0.06651400930065389, 0.08443090744796616, 0.16914600002199062, 0.07409457411789958, 0.13878331536155591, 0.13831077193950111, 0.16746915720218866, 0.06963161254309014, 0.13659040011382803, 0.09232384022145475, 0.06005139707484538, 0.10227220446023591, 0.051623688087242305, 0.1492507042322625, 0.07037033477720823, 0.12550599153014338]"
AD42QCRPG1RKG,"[0.87197345495224, 0.87197345495224, 0.87197345495224, 1.5198155641555786, 1.5198155641555786, 0.87197345495224, 3.0396311283111572, 0.0, 3.0396311283111572, 3.0396311283111572, 2.391788959503174, 2.391788959503174, 0.87197345495224, 1.5198155641555786, 0.87197345495224, 0.87197345495224, 3.0396311283111572, 0.87197345495224, 1.5198155641555786, 0.87197345495224, 0.87197345495224, 0.87197345495224, 0.87197345495224, 0.0, 0.87197345495224, 0.0, 0.87197345495224, 0.87197345495224, 0.87197345495224, 0.0, 0.87197345495224, 0.87197345495224, 0.0, 0.0, 0.87197345495224, 0.87197345495224, 0.87197345495224, 0.87197345495224, 1.5198155641555786, 1.5198155641555786, 0.058787272622736024, 0.029842526971718977, 0.15056267916725433, 0.11599995039443364, 0.11773092808612486, 0.1636447777382117, 0.05669700626104832, 0.11121233144701542, 0.15716199888046278, 0.17309719831818304, 0.03334883892542209, 0.08871028311008355, 0.028919006369360695, 0.06824169272870621, 0.05373538752124353, 0.09836868194789965, 0.04647150278670378, 0.1664854299599575, 0.0620848180741477, 0.14406987403311985, 0.10253787823577856, 0.13782352120733163, 0.17077415459494674, 0.11411605035889599, 0.1665136276048431, 0.1235842577769737, 0.09571828765311517, 0.053665840957357554, 0.13083293988151098, 0.12816745883415198, 0.0914245886853108, 0.10962640043787754, 0.08161791081887508, 0.1206207810157101, 0.08578239817280749, 0.047013206171080485, 0.13888353568247225, 0.10777507260428186, 0.03850348764324436, 0.05643225112208149]"
AD6WIZKKXYQVL,"[1.5248386859893799, 1.0819472074508667, 1.5248386859893799, 0.0, 1.0819472074508667, 0.0, 1.5248386859893799, 1.0819472074508667, 0.0, 1.5248386859893799, 0.0, 1.0819472074508667, 1.0819472074508667, 1.0819472074508667, 1.0819472074508667, 1.5248386859893799, 0.7385237216949463, 0.0, 1.0819472074508667, 0.0, 1.820470929145813, 1.0819472074508667, 0.7385237216949463, 0.0, 1.0819472074508667, 0.0, 0.0, 1.0819472074508667, 0.44289150834083557, 1.0819472074508667, 1.820470929145813, 1.0819472074508667, 0.0, 0.0, 0.0, 1.0819472074508667, 1.0819472074508667, 0.0, 2.263362407684326, 1.0819472074508667, 0.024144816053782332, 0.10038181196016059, 0.11927186463416344, 0.09344303155210525, 0.026152498159651313, 0.1221244378665276, 0.10316082865931711, 0.11523677720644815, 0.06458579010957516, 0.09986947992011608, 0.050504156558032934, 0.1349534919791175, 0.11632974488284013, 0.06038349740176964, 0.05264039918823809, 0.12786637142687882, 0.08091675194033192, 0.05810928078324414, 0.03773421159683529, 0.11237482677547964, 0.07468863474927184, 0.09046049292063005, 0.15665863488779846, 0.11263986965597932, 0.13374765383791667, 0.1605859170316476, 0.15679180224470743, 0.06018653039213968, 0.15022786287888606, 0.10412339950668653, 0.043897544044115104, 0.04076967465284216, 0.11245448308752115, 0.06881746843803084, 0.13065459321411763, 0.11732041226226897, 0.07672227247210421, 0.10112191381347604, 0.10887734805954863, 0.12856010022827763]"
AD75IYEZMZVJH,"[19.799528121948242, 14.767972946166992, 19.799528121948242, 0.32065337896347046, 19.799528121948242, 0.0, 19.799528121948242, 0.15235736966133118, 0.32065337896347046, 15.08862590789795, 15.256921768188477, 14.767972946166992, 19.799528121948242, 19.799528121948242, 19.799528121948242, 19.799528121948242, 19.799528121948242, 14.767972946166992, 19.799528121948242, 0.0, 19.799528121948242, 15.256921768188477, 19.799528121948242, 0.0, 19.799528121948242, 14.93626880645752, 0.0, 19.799528121948242, 14.767972946166992, 0.0, 14.767972946166992, 15.08862590789795, 0.0, 0.32065337896347046, 14.615615844726562, 15.256921768188477, 19.799528121948242, 14.93626880645752, 19.799528121948242, 19.799528121948242, 0.10517609640945465, 0.12257319107930845, 0.10811061153434592, 0.06152966517895183, 0.12349803467346854, 0.13798920393330585, 0.07271238792237578, 0.06593222315559147, 0.048911988857954045, 0.17505895478594688, 0.15883292344197497, 0.039414996909213636, 0.14316955125191297, 0.06742654652419558, 0.14789058559922658, 0.04539185330769798, 0.11666419096141929, 0.11256780954332775, 0.05338427908857478, 0.11999811038305593, 0.057016065732832646, 0.07842655148098004, 0.1314343366547754, 0.17302565569282358, 0.03413410952276259, 0.07036446353613125, 0.12314804929015528, 0.03343438470574602, 0.16618467685962907, 0.08986385792660753, 0.07422744785653002, 0.034079681370431845, 0.12871394351413779, 0.07581841661660448, 0.1030721400142533, 0.045407231808179765, 0.0701321022519276, 0.16103696546475368, 0.042196942294558525, 0.07215265577823171]"
ADEFD8L3I7YFR,"[6.26270866394043, 6.26270866394043, 6.26270866394043, 0.0, 6.26270866394043, 0.0, 14.710054397583008, 0.0, 0.0, 6.26270866394043, 0.0, 6.26270866394043, 9.009357452392578, 6.26270866394043, 6.26270866394043, 9.009357452392578, 6.26270866394043, 0.0, 9.009357452392578, 0.0, 9.009357452392578, 6.26270866394043, 6.26270866394043, 6.26270866394043, 9.009357452392578, 0.0, 0.0, 6.26270866394043, 0.0, 0.0, 0.0, 9.009357452392578, 0.0, 0.0, 0.0, 9.009357452392578, 6.26270866394043, 6.26270866394043, 14.710054397583008, 6.26270866394043, 0.09816261200519125, 0.06528599021634635, 0.14534823672261402, 0.14531246094406236, 0.03974612457522953, 0.14544800796651314, 0.12171817114934341, 0.03276813732706994, 0.11769995839755562, 0.12872552116570904, 0.07855563833807164, 0.10929493835028842, 0.1594544861858261, 0.1404748951551023, 0.07763365121433126, 0.03873186936618079, 0.14746223656308793, 0.16787634262770776, 0.0690690436545559, 0.060395768316024966, 0.05615907902954881, 0.039329006011713054, 0.035134306753763965, 0.12484365615416151, 0.1518127549797315, 0.15093577329459365, 0.13755364336127102, 0.12959835174955467, 0.16707211475852643, 0.07859902766082304, 0.11002514059271565, 0.10193798381618795, 0.11664095194527567, 0.05306894073676848, 0.04989798588313413, 0.041011095743659305, 0.10757169209463599, 0.06975586699812755, 0.15502683816744253, 0.08959883086465104]"
ADNBIWDCIZJ0S,"[-0.37773755192756653, 0.6015957593917847, -0.5411577224731445, 0.19289672374725342, 0.1977599859237671, -0.4397718608379364, 0.6015957593917847, 0.004863254725933075, -0.4397718608379364, 0.6015957593917847, -1.419105052947998, -0.35498046875, -0.5411577224731445, -0.3826007544994354, 0.6015957593917847, 0.6015957593917847, 0.6015957593917847, 0.19289672374725342, 0.6015957593917847, -0.4397718608379364, 0.6015957593917847, -0.4349086284637451, 0.026098228991031647, 0.0, 0.1977599859237671, 0.0, -1.247443437576294, 0.6015957593917847, -0.9449935555458069, 0.006311093922704458, 0.19289672374725342, 0.026098228991031647, 0.0, 0.0, 0.19289672374725342, 0.19289672374725342, -0.4349086284637451, 0.19289672374725342, 0.026098228991031647, 0.6015957593917847, 0.06597859169869895, 0.060393901944354726, 0.08552912636020063, 0.03364097300090083, 0.16235583729339115, 0.06114764239880572, 0.11879894203269642, 0.0899254171772742, 0.07846769980803377, 0.1610009681299396, 0.14895050086314082, 0.16433674320319203, 0.14467401117497902, 0.1625014932975028, 0.03994093252254978, 0.08761123614150308, 0.03854078597017546, 0.11736930379314275, 0.08654053871380372, 0.15567479548603885, 0.11514400707627333, 0.13407290568094343, 0.10366453903450495, 0.08520818493715923, 0.08762931564426296, 0.08182427983553733, 0.061801821960368875, 0.14707972479163545, 0.06493831043790177, 0.08369524977533403, 0.04660437905230192, 0.07868896874326413, 0.11907574003474442, 0.16517734506366585, 0.11181509427015474, 0.13585162196099568, 0.14840601760735286, 0.124662625884521, 0.09285930452373338, 0.06613720566625843]"
ADNGSTD6WM8WE,"[1.586681842803955, 1.586681842803955, 0.0, 0.2493993639945984, 1.242133617401123, 0.2493993639945984, 2.579416036605835, 0.0, 0.0, 0.2493993639945984, 0.0, 0.0, 0.0, 0.2493993639945984, 1.242133617401123, 2.579416036605835, 0.0, 0.2493993639945984, 0.2493993639945984, 0.0, 0.0, 1.242133617401123, 0.2493993639945984, 0.0, 0.0, 0.0, 0.0, 0.2493993639945984, 0.0, 0.2493993639945984, 0.2493993639945984, 3.9166982173919678, 0.0, 0.0, 0.2493993639945984, 2.579416036605835, 0.0, 0.0, 1.242133617401123, 1.586681842803955, 0.04946540628078706, 0.14973384540335752, 0.1542204801040166, 0.04588217644777936, 0.12716873629562575, 0.09287925165369355, 0.1176941931637837, 0.12356064332915427, 0.1475533124867281, 0.08308449337175992, 0.15537823443791907, 0.04791182862590541, 0.02561266546373259, 0.16450673083693554, 0.031730365227763783, 0.08823559983870026, 0.04170644853794907, 0.13307641390689137, 0.07438919396056393, 0.13688792115071513, 0.12886635440827776, 0.07493778243577646, 0.12291872177680284, 0.1665230252288713, 0.12966793791081993, 0.15985050010901256, 0.025997888237453456, 0.0988552707585314, 0.0691037304127651, 0.10426793180820579, 0.04065020539785047, 0.1403492032359137, 0.11734326110242249, 0.15485482214342097, 0.03245191397625576, 0.11994991614577473, 0.15686062117321334, 0.15724367083433205, 0.05511261168703169, 0.1653546320219585]"
ADPN1Z23QGFQ5,"[0.8719676733016968, 0.8719676733016968, 0.8719676733016968, 0.8719676733016968, 0.8719676733016968, 0.8719676733016968, 0.8719676733016968, 0.0, 0.8719676733016968, 0.8719676733016968, 0.8719676733016968, 0.8719676733016968, 0.8719676733016968, 0.8719676733016968, 0.8719676733016968, 0.8719676733016968, 0.8719676733016968, 0.8719676733016968, 0.8719676733016968, 0.8719676733016968, 0.8719676733016968, 0.8719676733016968, 0.8719676733016968, 0.0, 0.8719676733016968, 0.0, 0.8719676733016968, 0.8719676733016968, 0.8719676733016968, 0.0, 0.8719676733016968, 0.8719676733016968, 0.0, 0.0, 0.8719676733016968, 0.8719676733016968, 0.8719676733016968, 0.8719676733016968, 0.8719676733016968, 0.8719676733016968, 0.11922447085931454, 0.12939231108507954, 0.10007342739779268, 0.14465108469459045, 0.17197080273114404, 0.1093399915161029, 0.053508118953419156, 0.135837234172899, 0.1545894555866194, 0.06230521079571301, 0.06203380576721636, 0.07484562470175221, 0.059042761549491146, 0.11401093002499595, 0.12873513351290677, 0.17059718903191773, 0.1311031327488725, 0.04588739184166569, 0.0840246456744549, 0.1381038087868536, 0.08443302204318379, 0.12185243038586416, 0.04151271218268095, 0.16837642773691786, 0.12219958398417079, 0.07153024029238611, 0.15212209502505894, 0.07542670217610656, 0.03229118925054518, 0.047574767559230166, 0.14065491157759452, 0.12585678516783716, 0.08481470947144007, 0.10368584935471976, 0.0732616140966114, 0.10787543469598136, 0.08306568433914088, 0.08730224801382522, 0.15345879418547148, 0.1117454043576318]"
ADUKTDKBY4CNP,"[0.0872735008597374, 0.012647406198084354, 0.012647406198084354, 0.02529481239616871, 0.02529481239616871, 0.012647406198084354, 0.02529481239616871, 0.0, 0.0, 0.012647406198084354, 0.0, 0.012647406198084354, 0.012647406198084354, 0.02529481239616871, 0.012647406198084354, 0.012647406198084354, 0.012647406198084354, 0.02529481239616871, 0.02529481239616871, 0.0, -0.18382461369037628, 0.0, -0.1711771935224533, 0.0, 0.012647406198084354, 0.0, 0.0, 0.012647406198084354, -0.30567052960395813, 0.012647406198084354, 0.02529481239616871, 0.012647406198084354, 0.0, 0.0, 0.0, 0.0, 0.07462609559297562, 0.012647406198084354, 0.012647406198084354, 0.02529481239616871, 0.13916877728118973, 0.060289450368518654, 0.1311591655171521, 0.0018440378696781123, 0.06691940311680841, 0.017407741888788658, 0.060049689353006315, 0.0986316224871245, 0.12261328844075686, 0.03908341987096079, 0.07193882844106482, 0.12922718712120904, 0.07244976701629598, 0.12123880919982319, 0.08993775276334044, 0.13359139311109824, 0.13347734531602629, 0.09683723665867555, 0.109117190214019, 0.09577705527427381, 0.06394060619221033, 0.021844428049772897, 0.09071598963785939, 0.04527918488501134, 0.08874962697459043, 0.1348778658632321, 0.024681750151971125, 0.01464358574345752, 0.015880676046807155, 0.04020340351045669, 0.04557653191637371, 0.06665972701101285, 0.02162563558906209, -0.0015351015570909904, -0.0014672691100383636, 0.07435366999319709, 0.042501320795492965, 0.13949292346112466, 0.08121545458845869, 0.03875177443074338]"
ADW00ZRLWD3KG,"[11.826719284057617, 19.799386978149414, 5.060179233551025, 5.384344577789307, 11.882948875427246, -1.910343885421753, 11.814788818359375, 13.521001815795898, 6.402924060821533, 10.74794864654541, 8.817310333251953, 5.060179233551025, 19.799386978149414, 11.894878387451172, 11.563238143920898, 11.327279090881348, 5.060179233551025, 19.799386978149414, 11.451173782348633, 0.7151538729667664, 12.130837440490723, 6.402924060821533, 5.060179233551025, 0.0, 5.480025291442871, 0.7151538729667664, 0.7151538729667664, 10.659544944763184, 19.799386978149414, 4.25662088394165, 11.551309585571289, 19.799386978149414, 11.723316192626953, 0.0, 8.117452621459961, 7.118077754974365, 6.970522880554199, 8.382664680480957, 11.894878387451172, 4.9243550300598145, 0.14204884655993136, 0.052346507596343426, 0.06564595384819655, 0.11728030901415944, 0.15372741891815264, 0.12665257160532745, 0.04122723081489754, 0.05034492902369646, 0.027803796645308135, 0.12464154896893757, 0.1645911240732059, 0.09774251325652891, 0.17495683427553865, 0.06344894247318157, 0.07693119775820642, 0.15197113898700468, 0.16708138528021135, 0.16593097774244261, 0.17287609807790877, 0.07957584747612213, 0.030708088317821423, 0.09350004462236362, 0.13151599047480098, 0.038595589658524394, 0.08292699430411984, 0.11537114610797006, 0.078529242299005, 0.14550381510932647, 0.0486875390793796, 0.03334879935102813, 0.028849487986890618, 0.15052225329849545, 0.11537562907199993, 0.17435389974762125, 0.08714999428355043, 0.09221117537844856, 0.16382807913385988, 0.1372781496214453, 0.1018122892726019, 0.03933993662958472]"
ADYZN70LHMS7S,"[0.30481472611427307, 0.30481472611427307, 0.0, 0.15240736305713654, 0.30481472611427307, 0.15240736305713654, 0.30481472611427307, 0.15240736305713654, 0.15240736305713654, 0.30481472611427307, 0.0, 0.30481472611427307, 0.15240736305713654, 0.15240736305713654, 0.15240736305713654, 0.30481472611427307, 0.15240736305713654, 0.15240736305713654, 0.30481472611427307, 0.15240736305713654, 0.15240736305713654, 0.15240736305713654, 0.30481472611427307, 0.0, 0.30481472611427307, 0.0, 0.0, 0.15240736305713654, 0.0, 0.15240736305713654, 0.0, 0.30481472611427307, 0.0, 0.0, 0.15240736305713654, 0.0, 0.30481472611427307, 0.15240736305713654, 0.30481472611427307, 0.15240736305713654, 0.08207087277516417, 0.14829152438274795, 0.09379373862805389, 0.13955442670503992, 0.03944400336573861, 0.1486320078543643, 0.05581110159263936, 0.15790197619595922, 0.14965349888659332, 0.11353460687279121, 0.09039180432893541, 0.05692467438783409, 0.10195761186502422, 0.06517061780015217, 0.0363422193954725, 0.14201435430013684, 0.13437871729721013, 0.17303259864828172, 0.12778212782932874, 0.08706820451338519, 0.10331951716576503, 0.16901686780506667, 0.08278703179622339, 0.14475487544897628, 0.11016013776410989, 0.13075823273405893, 0.039706351372970766, 0.07445238487559014, 0.07029721407552475, 0.1523148755214358, 0.16235753681427245, 0.040215196998513204, 0.04500481003260954, 0.06542594105838798, 0.11989503739429036, 0.07453717747677333, 0.059291731143558575, 0.11158261554188398, 0.1226032284818544, 0.0731407147799692]"
AE051QZ4E3BPX,"[0.0, 0.0, 0.0, 0.0, 0.27249130606651306, 0.0, 0.27249130606651306, 0.0, 0.0, 0.27249130606651306, 0.0, 0.0, 0.0, 0.0, 0.0, 0.0, 0.27249130606651306, 0.0, 0.27249130606651306, 0.0, 0.27249130606651306, 0.27249130606651306, 0.0, 0.0, 0.0, 0.0, 0.0, 0.0, 0.0, 0.0, 0.0, 0.0, 0.0, 0.0, 0.0, 0.0, 0.0, 0.0, 0.27249130606651306, 0.27249130606651306, 0.055308208780489324, 0.08375548859944748, 0.15898538938652773, 0.09853154197659608, 0.04965714837309297, 0.0698280985584611, 0.1166787688717164, 0.07631339085806361, 0.16016014539189877, 0.16936570399707307, 0.11039562932094746, 0.16404935231813172, 0.16182620106901857, 0.08015211690266066, 0.0627668579284743, 0.17714306579248892, 0.07365677454776084, 0.05932881579312118, 0.04336703915183622, 0.16300685060009487, 0.10624079858866622, 0.08494628228605904, 0.11735277455741006, 0.08282742167210407, 0.17013381649317516, 0.14924714933120198, 0.12155179281307625, 0.13480889314261416, 0.09902490835358436, 0.17653575620768605, 0.07676795592897943, 0.04514879988411607, 0.0820182734029695, 0.11510862412091942, 0.12739958629265596, 0.05017695161241137, 0.06063652297763054, 0.10673954820555737, 0.0680895929649384, 0.0393854796284162]"
AE06QZ0NCSBBO,"[6.474271774291992, 6.474271774291992, 0.0, 0.0, 6.474271774291992, 0.0, 6.474271774291992, 3.237135887145996, 3.237135887145996, 6.474271774291992, 3.237135887145996, 6.474271774291992, 0.0, 6.474271774291992, 0.0, 6.474271774291992, 6.474271774291992, 3.237135887145996, 6.474271774291992, 0.0, 0.0, 0.0, 3.237135887145996, 0.0, 3.237135887145996, 0.0, 0.0, 3.237135887145996, 0.0, 0.0, 3.237135887145996, 6.474271774291992, 0.0, 0.0, 3.237135887145996, 3.237135887145996, 3.237135887145996, 0.0, 6.474271774291992, 6.474271774291992, 0.05831352804851963, 0.10565888292311693, 0.03137931626144445, 0.11851053294012184, 0.12606688927728996, 0.09354895360387529, 0.08586737637511586, 0.1497604975104092, 0.15379853670653806, 0.137229671156375, 0.16124727485331172, 0.04135497330046894, 0.0803884115491763, 0.07508713576313254, 0.07240830888530382, 0.14766306664703033, 0.1356844135702949, 0.15757972649707422, 0.030495234359897858, 0.12900378644831864, 0.14047660560436137, 0.05088929050473717, 0.137028845820561, 0.08714729671676179, 0.16047075105273043, 0.05011701858816601, 0.1657574182667986, 0.07664418140264176, 0.12281492844389458, 0.13297347159052236, 0.10707194351760428, 0.14875452444063045, 0.05030187630224752, 0.03229214202590529, 0.041981518098200964, 0.14066807933090225, 0.07406475035373349, 0.12741922955319898, 0.15473320763186646, 0.02400086380681312]"
AE6VLUKO55M7H,"[11.190444946289062, 12.722253799438477, -1.5318083763122559, -1.5318083763122559, 12.722253799438477, 0.0, 11.190444946289062, 12.722253799438477, 0.0, 12.722253799438477, 5.595222473144531, 12.722253799438477, -1.5318083763122559, 11.190444946289062, 11.190444946289062, 11.190444946289062, 11.190444946289062, 11.190444946289062, 11.190444946289062, 0.0, 12.722253799438477, 5.595222473144531, 11.190444946289062, 0.0, 11.190444946289062, 0.0, 0.0, 0.0, 4.063414573669434, 0.0, -1.5318083763122559, 12.722253799438477, 5.595222473144531, 0.0, -1.5318083763122559, -1.5318083763122559, 5.595222473144531, 12.722253799438477, 11.190444946289062, 11.190444946289062, 0.14592024248319568, 0.041137015881088666, 0.0422349722264122, 0.0599780136300184, 0.0296687087030739, 0.05673204071229143, 0.06079783315600497, 0.1547797009207993, 0.10215305213795414, 0.1363967987577289, 0.09084253192798644, 0.09838019358682416, 0.06334176512123726, 0.05439820272327998, 0.1347673626690308, 0.10056566730612627, 0.14891251225120808, 0.16457791320355528, 0.02716653740627596, 0.07256869710419153, 0.16067323215883872, 0.10821246452454934, 0.051457398262941496, 0.10102213575482066, 0.06747575796392878, 0.020249220376989268, 0.1501201584420895, 0.130965364256389, 0.13436597501990824, 0.10685194656549424, 0.0452560332621578, 0.14432859061031642, 0.04867713549539775, 0.12723502273595183, 0.0660960687232585, 0.03181341010517709, 0.14513779820677947, 0.09770049672356625, 0.07263285717375371, 0.15471190041984131]"
AE7U89M0RXP0W,"[0.4809808135032654, 0.4809808135032654, 0.2404904067516327, 0.4809808135032654, 0.4809808135032654, 0.0, 0.4809808135032654, 0.4809808135032654, 0.2404904067516327, 0.4809808135032654, 0.4809808135032654, 0.2404904067516327, 0.4809808135032654, 0.4809808135032654, 0.4809808135032654, 0.4809808135032654, 0.4809808135032654, 0.4809808135032654, 0.4809808135032654, 0.0, 0.4809808135032654, 0.4809808135032654, 0.4809808135032654, 0.0, 0.4809808135032654, 0.0, 0.2404904067516327, 0.2404904067516327, 0.4809808135032654, 0.2404904067516327, 0.2404904067516327, 0.4809808135032654, 0.0, 0.2404904067516327, 0.2404904067516327, 0.4809808135032654, 0.4809808135032654, 0.2404904067516327, 0.4809808135032654, 0.4809808135032654, 0.043844522722872606, 0.164633810530962, 0.05702568208290657, 0.12399485869323858, 0.034115396065210316, 0.06685286181088801, 0.07837810370263032, 0.15953822283112945, 0.06949647275250355, 0.052141816771046526, 0.16839063409366498, 0.048495887195646084, 0.138144637356125, 0.024677287671358277, 0.03898052281825199, 0.16624598490573417, 0.05304150485358345, 0.1614489258993131, 0.04581759756093134, 0.04766587069275817, 0.11367727202188091, 0.1188141614275555, 0.0570100147787792, 0.0415033191945142, 0.13615789978560408, 0.02835556440114541, 0.10609505310330283, 0.15225149792926126, 0.03933649573824869, 0.05671391023486159, 0.1732939154347113, 0.1162598258526973, 0.049147297976721925, 0.03624544773518509, 0.05324164998385116, 0.06110982330971989, 0.11022283389941033, 0.16070408307114287, 0.12861206384378304, 0.132697941943953]"
AE9VRSOM1TYLE,"[0.0, 0.0, 0.0, 0.0, 0.0, 0.0, 0.0, 0.0, 0.0, 0.0, 0.0, 0.0, 0.0, 0.0, 0.0, 0.0, 0.0, 0.0, 0.0, 0.0, 0.0, 0.0, 0.0, 0.0, 0.0, 0.0, 0.0, 0.0, 0.0, 0.0, 0.0, 0.0, 0.0, 0.0, 0.0, 0.0, 0.0, 0.0, 0.0, 0.0, 0.03557447758832646, 0.12684071554763407, 0.031583317234639134, 0.038253466305747885, 0.10027175140936583, 0.08101222400471135, 0.08079343245300077, 0.04430437907677343, 0.13782000906355515, 0.09286145133575367, 0.09946331976817653, 0.056087604930940754, 0.11185879656312643, 0.09544950266671545, 0.16476423669664444, 0.07652374214358751, 0.029583855427457475, 0.1407022113184507, 0.06119339194549906, 0.14532175943902512, 0.0690206624811745, 0.08265588527948724, 0.12827279301213873, 0.1705635099868326, 0.021117711839394926, 0.08417448361598152, 0.10145314850069387, 0.0507419493444213, 0.1484536320269764, 0.16567277847239428, 0.12087593926724655, 0.026653757897472537, 0.028986330057449564, 0.08270719891988047, 0.09005072498882652, 0.1485197521597975, 0.11305117333930131, 0.12715732414626, 0.16539127615395577, 0.13357747444412962]"
AEL1DK2OJ41ZZ,"[-0.08431483805179596, -0.08431483805179596, -2.2874393463134766, -2.107311487197876, -0.08431483805179596, 0.0, -0.08431483805179596, 0.0, 0.0, -0.08431483805179596, 0.0, -0.08431483805179596, -0.08431483805179596, -0.08431483805179596, -2.2874393463134766, -0.08431483805179596, -0.08431483805179596, -0.08431483805179596, -0.08431483805179596, 0.0, -0.08431483805179596, 0.0, -0.08431483805179596, 0.0, -0.08431483805179596, 0.0, 0.0, -0.08431483805179596, -3.7915608882904053, -2.2874393463134766, -0.08431483805179596, -0.08431483805179596, 0.0, 0.0, -0.08431483805179596, -0.08431483805179596, 0.0, -0.08431483805179596, -0.08431483805179596, -0.08431483805179596, 0.12995675386775815, 0.11135790935959079, 0.11465717526895484, 0.00545733968546437, 0.05063978556273627, 0.08052327127844337, 0.10754754258611074, 0.052284303949420324, 0.03873366273876417, 0.055469929900409755, 0.06843556668398401, -0.008587370330127204, 0.048376863691867354, -0.005643780232741521, 0.013868132309789043, 0.09724487737952765, 0.09657991662492312, -0.009878361895051205, 0.07350337530628874, 0.08632150775737257, 0.05738937289109655, 0.08477889994547123, 0.07005210619658886, 0.04854756559422408, 0.04416609610490496, 0.07656727987308425, 0.04724979987620636, 0.05673021846391486, 0.06804343349614027, 0.10883706514592117, 0.01624427492003689, 0.0656119400129232, 0.011245044000159375, 0.1288948964650677, 0.0975232596853259, 0.0012365285826313327, 0.03113362500204293, 0.0747871971753187, 0.049350639447921556, 0.09373782193026438]"
AEY5YWIVK33SE,"[14.84963607788086, 14.84963607788086, 14.84963607788086, 14.84963607788086, 14.84963607788086, 0.0, 14.84963607788086, 0.0, 14.84963607788086, 14.84963607788086, 4.608918190002441, 14.84963607788086, 14.84963607788086, 14.84963607788086, 14.84963607788086, 14.84963607788086, 14.84963607788086, 14.84963607788086, 14.84963607788086, 0.0, 14.84963607788086, 4.608918190002441, 14.84963607788086, 0.0, 14.84963607788086, 4.608918190002441, 0.0, 14.84963607788086, 11.387405395507812, 0.0, 14.84963607788086, 14.84963607788086, 0.0, 0.0, 14.84963607788086, 14.84963607788086, 14.84963607788086, 4.608918190002441, 14.84963607788086, 14.84963607788086, 0.1685537940187413, 0.05035826913648185, 0.09090934870040013, 0.16631848725250473, 0.12617071240485897, 0.06994448082988197, 0.17023472890013813, 0.13903465985548302, 0.1307083229979407, 0.15239471231663504, 0.16638259370706399, 0.04117682419590348, 0.049632702988616835, 0.17166241154035208, 0.027696899972172638, 0.03489833488919519, 0.028676156281497854, 0.10845306573321946, 0.022545596363511184, 0.15514729709822805, 0.03200794714791822, 0.12946260902542053, 0.08641485708150447, 0.05241665708832144, 0.07493403636644029, 0.13066985838849476, 0.10075330646953035, 0.0886972769834803, 0.10393411232350819, 0.09675880132680342, 0.033770096132045534, 0.061021623051244575, 0.060878619149081596, 0.14843689750927544, 0.022254809101689244, 0.16568827819368678, 0.15575582171603927, 0.10889198304972582, 0.039158179269223305, 0.03057881597311652]"
AF0QBHJJUO5R2,"[13.52590560913086, 8.466428756713867, 0.0, 0.0, 8.466428756713867, -0.5015484094619751, 18.610626220703125, 4.58317232131958, 0.0, 13.110856056213379, 0.0, 3.1814849376678467, 0.0, 9.412973403930664, 12.384334564208984, 6.84490442276001, 8.747830390930176, 0.0, -0.05655258148908615, 0.0, 8.747830390930176, 0.22014670073986053, 3.406334161758423, 0.0, 8.246281623840332, 0.0, 0.0, 8.967977523803711, 0.0, 0.44499582052230835, 1.8167362213134766, 15.14773941040039, 0.0, 0.0, 0.44499582052230835, 8.967977523803711, -0.5015484094619751, 0.44499582052230835, 10.283164978027344, 0.22014670073986053, 0.07114230121982307, 0.07335634733286434, 0.06939127545322221, 0.1731071699578277, 0.10808715323530511, 0.10694699557931063, 0.0765427308560834, 0.055019540421472314, 0.06210138977152296, 0.10879470025721522, 0.1338737371733634, 0.1506834647047942, 0.17693399403198484, 0.05226625291135064, 0.16757647592695085, 0.10777620193691638, 0.10510630542511401, 0.03885648072911973, 0.12029621474099063, 0.11709196758406272, 0.07134953828415434, 0.11288215937729443, 0.11648717726437931, 0.11903233029830848, 0.17913634834858164, 0.03965793555129569, 0.0868269990095629, 0.09379016437052931, 0.10620483709741792, 0.11719167300101874, 0.0696534500843721, 0.10663782374357669, 0.14399794745629052, 0.09660930448287519, 0.1752958499420091, 0.13894236883210684, 0.08444473186123677, 0.09424974810862527, 0.11556948750678032, 0.03362606111588075]"
AF61N91A61THX,"[8.271648406982422, 4.135824203491211, 8.271648406982422, 0.0, 8.271648406982422, 0.0, 8.271648406982422, 0.0, 4.135824203491211, 8.271648406982422, 0.0, 8.271648406982422, 4.135824203491211, 8.271648406982422, 4.135824203491211, 4.135824203491211, 4.135824203491211, 0.0, 8.271648406982422, 0.0, 4.135824203491211, 4.135824203491211, 8.271648406982422, 4.135824203491211, 4.135824203491211, 0.0, 0.0, 4.135824203491211, 4.135824203491211, 0.0, 0.0, 8.271648406982422, 0.0, 0.0, 4.135824203491211, 8.271648406982422, 4.135824203491211, 4.135824203491211, 8.271648406982422, 8.271648406982422, 0.17126119194316053, 0.17323033309836894, 0.13185084519333937, 0.16999425803382465, 0.047812382727110976, 0.08394863276486601, 0.12195611232623947, 0.03680765758549512, 0.03190805915813078, 0.07900289529494112, 0.03979417881778101, 0.09966065767650745, 0.07527624441217533, 0.17479469508159418, 0.08023380944734596, 0.1237699869440761, 0.12387933865343183, 0.12343866086018378, 0.05021020868932856, 0.16212361785236376, 0.1460308241387665, 0.09686335191063931, 0.06860486745871602, 0.17696793835191055, 0.1469337967576198, 0.09431914414855068, 0.14866107866748726, 0.07040550576315299, 0.14992521196659542, 0.041000299451871, 0.038335602222081926, 0.03894883355876153, 0.06693454785262858, 0.12317999677484544, 0.12197805783244946, 0.17162039895859962, 0.15441741317181273, 0.1589015160563515, 0.07701499328818477, 0.11427706071375812]"
AFRPK7R9KRVUC,"[5.928211212158203, 8.35596752166748, 5.3918609619140625, 2.9641056060791016, 9.37576675415039, 2.9641056060791016, 8.35596752166748, 5.928211212158203, 0.0, 2.9641056060791016, 5.928211212158203, 5.928211212158203, 2.9641056060791016, 8.35596752166748, 2.9641056060791016, 8.35596752166748, 5.928211212158203, 2.9641056060791016, 5.928211212158203, 2.9641056060791016, 5.3918609619140625, 0.0, 2.9641056060791016, 0.0, 2.9641056060791016, 2.9641056060791016, 2.9641056060791016, 5.3918609619140625, 2.9641056060791016, 2.9641056060791016, 2.9641056060791016, 5.928211212158203, 2.9641056060791016, 0.0, 2.9641056060791016, 2.9641056060791016, 2.9641056060791016, 0.0, 8.35596752166748, 5.928211212158203, 0.13384616333095256, 0.1344598742159985, 0.12947574166389797, 0.07647761935558012, 0.0874898149439964, 0.11441753828697984, 0.10701775519403024, 0.07708721756785718, 0.16728584825085727, 0.1596168150409682, 0.06699016033847478, 0.09752224448819595, 0.08657268436782709, 0.11709141735095743, 0.07638883627888847, 0.12435526539681535, 0.07590960240499683, 0.10237372195128532, 0.15247419776853438, 0.08139832640861425, 0.04749972555253233, 0.12264901593880527, 0.0858249496357756, 0.028441013363450514, 0.03784003382966883, 0.033877796058186894, 0.11020051990988913, 0.09032300913452118, 0.09434745832405714, 0.11823529510006872, 0.1446955355723342, 0.1376124749710863, 0.09893989050887265, 0.10652556832488957, 0.05927634190356028, 0.024000959814720387, 0.03682503327160235, 0.030067279867719003, 0.06124368541495394, 0.053380420214385126]"
AFXRO7K3ZZ0PX,"[13.596250534057617, 13.596250534057617, 3.2675633430480957, 0.7200244665145874, 13.596250534057617, 0.7200244665145874, 13.596250534057617, 7.127167224884033, 0.7200244665145874, 13.596250534057617, 3.921544075012207, 13.596250534057617, 6.469083309173584, 13.596250534057617, 20.72341537475586, 13.596250534057617, 13.596250534057617, 11.048710823059082, 13.596250534057617, 0.7200244665145874, 13.596250534057617, 10.394729614257812, 10.394729614257812, 2.5475387573242188, 13.596250534057617, 0.0, 0.7200244665145874, 3.2675633430480957, 3.921544075012207, 0.0, 0.7200244665145874, 13.596250534057617, 0.0, 0.0, 11.048710823059082, 3.2675633430480957, 13.596250534057617, 13.596250534057617, 13.596250534057617, 13.596250534057617, 0.0814233914506614, 0.08189022401352332, 0.11531091739406991, 0.1036050270303478, 0.028654265387487724, 0.1410107641326908, 0.03159357337664721, 0.06610179265710561, 0.05361678883230127, 0.030215351214815944, 0.12380204492991337, 0.12345393018586572, 0.03179890254483428, 0.15277358875127836, 0.1267663251896048, 0.10296082399244548, 0.15248435473365599, 0.12381307137095782, 0.06210614630632071, 0.039519074713615036, 0.11286550743752699, 0.0915995309880645, 0.14097404133887914, 0.06366034067847723, 0.044855812411337674, 0.08941501366890903, 0.029784134864226593, 0.1314242046282459, 0.06502729374455458, 0.04195906017756017, 0.05344131064920925, 0.14614200979427824, 0.08830120776377276, 0.08126346790956678, 0.1617865410913465, 0.019929413638511764, 0.05210473131603095, 0.0935202158354331, 0.08590737339109511, 0.1309717875204876]"
AG53V5LXH1KP6,"[0.0, 0.17611634731292725, -4.224762916564941, 0.0, 0.17611634731292725, 0.0, 1.9069867134094238, 0.17611634731292725, 0.0, 5.955633163452148, 0.0, -4.048646450042725, 0.0, 0.17611634731292725, -4.224762916564941, 0.17611634731292725, 0.0, 0.0, -0.11201553791761398, 0.0, 0.0, 6.131749629974365, 0.0, 0.0, 0.0, 0.0, 0.0, 0.17611634731292725, -4.224762916564941, -4.913487911224365, 0.0, -3.0065011978149414, 0.0, 0.0, 0.0, -7.061087131500244, 0.0, -4.224762916564941, 16.211217880249023, -4.048646450042725, 0.11014544660019614, 0.13266388524919012, 0.10503183644342312, 0.14582836080114273, 0.16207702598434182, 0.046074688143361006, 0.04488761124924117, 0.083923889098745, 0.10557436141972151, 0.11068643495746223, 0.09837813356381737, 0.15703957568096047, 0.0971530673484595, 0.1033212968111271, 0.050591567045921534, 0.1650530566118447, 0.024674800649005697, 0.09392705017538859, 0.05814582619094142, 0.1564125671605815, 0.055498645081573414, 0.16748292210263038, 0.15676287222752047, 0.09978349829637914, 0.1561669594620696, 0.14285519430035107, 0.1617079480248615, 0.1632132343361711, 0.12377517362513249, 0.029820429964802792, 0.05977829435846919, 0.09758428313381075, 0.09721527180030415, 0.03364949208907181, 0.10116478841765199, 0.08783013303903846, 0.1698152788258809, 0.05312950484072336, 0.1371095492312084, 0.16271062834980504]"
AG6BQPVI5DCR4,"[0.2114100605249405, 0.685758650302887, 1.072048544883728, -0.3862898647785187, 0.685758650302887, 1.072048544883728, -1.246928334236145, -1.3463221788406372, 1.072048544883728, 0.685758650302887, 2.032080888748169, 0.685758650302887, 2.032080888748169, 0.5737424492835999, 0.685758650302887, 0.2114100605249405, 0.685758650302887, 2.032080888748169, 0.685758650302887, 1.072048544883728, 0.685758650302887, -0.27427372336387634, -0.27427372336387634, 0.0, -0.7725797295570374, 0.0, 1.072048544883728, -0.27427372336387634, 2.032080888748169, 0.0, 0.5976999402046204, -1.246928334236145, 0.0, 0.0, 2.032080888748169, 1.072048544883728, 0.685758650302887, 2.032080888748169, 0.2114100605249405, 0.685758650302887, 0.140384087801907, 0.10281452697268811, 0.03755644330109522, 0.15267576794750842, 0.1599660446520813, 0.08527131944902541, 0.03643991461386888, 0.09427558681502125, 0.05598552565580915, 0.09928541338709712, 0.14123813350780537, 0.06884704902955047, 0.11599154171791087, 0.11385693455012182, 0.15888985417585413, 0.029305705525195413, 0.13266410454587713, 0.08904375691867851, 0.060836460455558065, 0.11658730797629493, 0.05901544472103163, 0.06264762090760395, 0.1671092306486137, 0.1282852706693196, 0.07013525234685672, 0.06616498934332855, 0.07870502193736859, 0.10922819914584622, 0.09392860122695508, 0.13548647534763017, 0.03284878629986313, 0.14903112807311686, 0.05632181538230423, 0.15395659869519523, 0.0288459696928315, 0.1297671365288861, 0.05693810493821769, 0.041433871084531934, 0.17687159839055253, 0.07787882176757117]"
AG7YBSJODBMOB,"[14.849581718444824, 12.18252182006836, 4.30084753036499, 4.30084753036499, 12.18252182006836, 4.30084753036499, 14.849581718444824, 3.5808284282684326, 0.7200191020965576, 14.849581718444824, 8.60169506072998, 14.849581718444824, 8.60169506072998, 12.18252182006836, 14.849581718444824, 12.18252182006836, 14.849581718444824, 14.849581718444824, 12.18252182006836, 0.7200191020965576, 12.18252182006836, 0.7200191020965576, 7.881675720214844, 0.0, 14.849581718444824, 0.0, 0.7200191020965576, 4.30084753036499, 12.18252182006836, 3.5808284282684326, 4.30084753036499, 12.18252182006836, 3.5808284282684326, 0.0, 5.020866394042969, 0.7200191020965576, 5.020866394042969, 14.849581718444824, 14.849581718444824, 12.18252182006836, 0.061646782582236596, 0.07658479213196487, 0.12706440596040242, 0.16794586629344738, 0.06898950771182456, 0.08971140034462582, 0.10903281197512482, 0.0472547492508918, 0.09154128198486629, 0.09975884555826882, 0.12293241615853202, 0.1077195991314789, 0.08979040602980726, 0.12135815538201222, 0.08456054309401967, 0.12954886646588307, 0.0631226586878435, 0.15064979414044855, 0.07590230390061392, 0.13541018486527573, 0.12937456172798434, 0.13294996173801757, 0.04966535596188716, 0.10998683294360312, 0.12195715647769055, 0.1041320907852112, 0.09965640949061036, 0.026200319539437446, 0.1381733816702334, 0.1132222560606195, 0.057039088225222634, 0.15048314607746688, 0.022953806802169175, 0.018200748971994106, 0.05824785058637226, 0.13491389923170635, 0.11314073703568299, 0.15444466403571178, 0.15752843140908318, 0.12062203096511548]"
AGEKVD8JPZQMT,"[16.357257843017578, 10.529937744140625, 10.242886543273926, 8.188901901245117, 15.548148155212402, 2.5101046562194824, 14.614465713500977, 0.24454039335250854, 5.534513473510742, 8.334115982055664, 2.8290152549743652, 5.692586421966553, 10.987739562988281, 15.31836223602295, 12.403595924377441, 16.4043025970459, 11.314074516296387, 13.633308410644531, 18.117403030395508, 2.6708617210388184, 15.878779411315918, 8.149246215820312, 13.769807815551758, 4.037191390991211, 14.333403587341309, 0.349037230014801, 3.456272840499878, 9.783170700073242, 10.092803955078125, 5.881202697753906, 8.302827835083008, 12.08387279510498, 2.5489745140075684, 0.5185045003890991, 12.134925842285156, 5.492335319519043, 8.250869750976562, 6.23405122756958, 15.794625282287598, 17.51325225830078, 0.1496035512054025, 0.10303767452322862, 0.14057370643482078, 0.02713456799342854, 0.049994323399772514, 0.022321388166539658, 0.09871535565416013, 0.13421457452582233, 0.06544560375308797, 0.05029016160692147, 0.06623737353804138, 0.13721351909974358, 0.10660163620996052, 0.08505062132985368, 0.142707227386643, 0.14152348024770536, 0.1342497886349916, 0.04362252819498346, 0.015052070116942347, 0.10856754902932933, 0.08849209656849759, 0.13767163116487147, 0.06567805957122105, 0.03774096908711409, 0.05806340152684286, 0.04851878488229945, 0.10961766783827138, 0.05930144312030361, 0.04939534599198703, 0.10693588609594434, 0.14364064624210315, 0.06442590573068453, 0.07263370733079985, 0.11980384592649584, 0.1575653193921757, 0.10032086389540368, 0.07123876216632963, 0.11056707349519031, 0.0172884742655421, 0.10545999204104312]"
AGER9YK3VDQMV,"[14.849689483642578, 14.849689483642578, 14.849689483642578, 14.849689483642578, 14.849689483642578, 0.0, 14.849689483642578, 11.509065628051758, 0.5473223924636841, 14.849689483642578, 13.70707893371582, 14.849689483642578, 14.849689483642578, 14.849689483642578, 14.849689483642578, 14.849689483642578, 14.849689483642578, 14.849689483642578, 14.849689483642578, 0.5473223924636841, 14.849689483642578, 14.537881851196289, 14.849689483642578, 2.481494426727295, 14.849689483642578, 0.0, 11.509065628051758, 14.849689483642578, 14.849689483642578, 12.056387901306152, 14.849689483642578, 14.849689483642578, 11.387447357177734, 0.0, 14.849689483642578, 14.849689483642578, 14.849689483642578, 14.849689483642578, 14.849689483642578, 14.849689483642578, 0.0796799242314259, 0.0991495650731002, 0.13480214995017448, 0.11686621882743167, 0.06607733916129274, 0.14668573152757255, 0.06347880509463286, 0.032168842717985355, 0.025200597535519346, 0.04732125779976833, 0.030922591150580138, 0.07233061686048828, 0.030558076207297707, 0.10855333052256066, 0.16008306438661132, 0.05265958212092665, 0.1606294040345227, 0.08658494975593305, 0.11244691668694462, 0.08917443192312646, 0.15090104638429483, 0.13063639318324705, 0.13758520328246351, 0.024580310928933053, 0.02563341072557, 0.034631978996993995, 0.0987328114263733, 0.15947800605463355, 0.07853348984774397, 0.1421346524224405, 0.09433418589896862, 0.12163674255031282, 0.07111543161730036, 0.08784054205649376, 0.1273598865767049, 0.15306211748172463, 0.17132471326712131, 0.06292781508629253, 0.1070380569430767, 0.04640867123076059]"
AGOH8N902URMW,"[3.2194225788116455, 0.7756682634353638, 4.335241317749023, 4.335241317749023, 0.7756682634353638, 0.0, 3.033811569213867, 0.6121821403503418, 0.0, 1.776631236076355, 4.335241317749023, 3.2194225788116455, 5.314079284667969, 4.313117027282715, 0.6121821403503418, 0.5900573134422302, 1.9401172399520874, 4.335241317749023, 3.055936336517334, -1.2793052196502686, 3.055936336517334, 0.7756682634353638, -0.6892478466033936, 0.0, 1.776631236076355, 0.0, 1.8914873600006104, 3.055936336517334, 0.5900573134422302, 3.964019536972046, 4.335241317749023, 3.2194225788116455, 0.0, 0.0, 2.0549733638763428, 1.8693623542785645, 0.6121821403503418, 2.0549733638763428, 1.9401172399520874, 2.3666887283325195, 0.03136256999847485, 0.12760592801618353, 0.04145986751406996, 0.14872399090787958, 0.058201660561037705, 0.10439013040496734, 0.06789118065401982, 0.027856943752160336, 0.14589343565422036, 0.15542387265628213, 0.09677651331148937, 0.10531168806575164, 0.1412145856900749, 0.12214863910178163, 0.1340359769875133, 0.08157773379319044, 0.11063854938002889, 0.15129066484839532, 0.04795694624920426, 0.039780920596691395, 0.11601065979709842, 0.10243713142636257, 0.04968683532700826, 0.1318551169405938, 0.037453310586427105, 0.09137916033055733, 0.1071237130258911, 0.04580581191119943, 0.1401420023383299, 0.15397875873922312, 0.08528745585196507, 0.09381663143767788, 0.08621696598343914, 0.09784298604612, 0.06005270420229128, 0.12386262556443778, 0.13143330620938778, 0.06723746178035042, 0.12143033206731602, 0.09906809959194714]"
AGREG8QB61C85,"[19.799583435058594, 19.799583435058594, 19.799583435058594, 0.7151609659194946, 19.799583435058594, 0.7151609659194946, 19.799583435058594, 1.2827656269073486, 0.5676046013832092, 19.799583435058594, 0.7151609659194946, 19.799583435058594, 19.207082748413086, 19.799583435058594, 19.207082748413086, 19.774686813354492, 19.799583435058594, 16.466026306152344, 19.799583435058594, 0.7151609659194946, 19.799583435058594, 3.308659076690674, 19.799583435058594, 3.308659076690674, 19.799583435058594, 0.7151609659194946, 0.7151609659194946, 19.799583435058594, 15.898421287536621, 0.7151609659194946, 5.159029006958008, 19.799583435058594, 0.7151609659194946, 0.0, 19.799583435058594, 4.591424465179443, 19.799583435058594, 3.308659076690674, 19.799583435058594, 19.774686813354492, 0.055483052646840905, 0.07207169672836716, 0.17551281583938463, 0.16311728572080547, 0.030406193801282014, 0.05026029787079122, 0.07105964385051543, 0.14280387962612573, 0.07167785882983195, 0.08016364780064403, 0.10531545335558111, 0.029477445593431215, 0.16991305544511526, 0.10359855347993879, 0.03447912713533793, 0.1453442583731619, 0.04448420304011566, 0.10330156661740734, 0.13821922014418944, 0.17270527605937963, 0.09737039509330556, 0.1302624855274237, 0.07329316254580126, 0.10953022543489097, 0.09947267315059483, 0.04915833848588286, 0.039772223342220775, 0.06729642923817881, 0.10566501211891952, 0.12194505629820376, 0.15797327137084938, 0.10074914049156448, 0.07923641556880193, 0.16180853231248118, 0.07550732574148827, 0.06958052709277347, 0.06070388693860696, 0.11931605446235342, 0.13038266911771076, 0.05310558712196536]"
AGRLW94043OXP,"[3.5761046409606934, 3.5761046409606934, -0.5773562788963318, 3.9773435592651367, 4.15346097946167, -0.4892975986003876, 3.5761046409606934, -0.4892975986003876, 4.554699897766113, 3.5761046409606934, 0.0880587175488472, 3.5761046409606934, 4.642758846282959, 4.065402507781982, 4.642758846282959, 4.15346097946167, 4.642758846282959, 4.642758846282959, 3.5761046409606934, 4.554699897766113, 4.642758846282959, 3.9773435592651367, 3.4880459308624268, 0.0, 3.5761046409606934, 0.0, 0.0, 5.284463882446289, 0.0880587175488472, 4.554699897766113, 0.0, 3.5761046409606934, 0.0, 0.0, 4.065402507781982, 0.0, 3.5761046409606934, 4.642758846282959, 3.5761046409606934, 4.065402507781982, 0.07553043853023358, 0.10761224948858, 0.08227822328347686, 0.0692493469306751, 0.14945264052919968, 0.15795152442488314, 0.04509298292450983, 0.04438857047190159, 0.053968227796306216, 0.0763752526719765, 0.06272511762701088, 0.157479622527971, 0.1279182972201314, 0.03463122883433295, 0.10651220103059335, 0.13293234599295428, 0.17320162297268643, 0.04415525893470833, 0.08278119937958522, 0.05229797256762978, 0.04255086916020554, 0.06865170674085509, 0.0631644655494003, 0.12904919345977003, 0.10329619141669437, 0.047649368931020404, 0.04652293898787608, 0.09137465151389429, 0.13301411352602663, 0.04261774177830124, 0.1295448650317577, 0.1745681350052159, 0.10233007549805037, 0.15206570696558858, 0.07237813653229395, 0.14084245476502474, 0.13607319280864225, 0.05029579112979818, 0.06124141822687769, 0.03667488456884012]"
AGXW8BFME8048,"[3.749614715576172, 3.749614715576172, 4.18049955368042, 4.910256862640381, 2.588972568511963, -0.010394697077572346, 2.588972568511963, 1.859215259552002, 0.7297572493553162, 2.599367380142212, 1.8800047636032104, 2.588972568511963, 4.899862289428711, 2.609761953353882, 2.609761953353882, 2.599367380142212, 2.609761953353882, 2.609761953353882, 3.749614715576172, 0.7297572493553162, 3.760009527206421, 2.609761953353882, 2.599367380142212, 0.0, 2.599367380142212, 0.0, 1.8800047636032104, 2.609761953353882, 1.869610071182251, 2.609761953353882, 4.18049955368042, 2.588972568511963, 0.0, 0.0, 4.910256862640381, 3.03025221824646, 2.588972568511963, 2.609761953353882, 2.599367380142212, 4.910256862640381, 0.043000789523234995, 0.025082697114211787, 0.11755988314575608, 0.028810069539660952, 0.047485637566895715, 0.0376672113361336, 0.07789022308725269, 0.08648601537139142, 0.07257865232935257, 0.04595628507638812, 0.13181667046943993, 0.027571861255143458, 0.14407203164816765, 0.0270380142213615, 0.12536701450233434, 0.08711252095330148, 0.17460573495224074, 0.0678317599889979, 0.1363880292447662, 0.07573035177694187, 0.037827790257732745, 0.12011236815446638, 0.11016304994629134, 0.15330374779662417, 0.11141748263014949, 0.10391480531784046, 0.1177908985603092, 0.11372040785066671, 0.09412200607077939, 0.08235841716982974, 0.1251615028814524, 0.167745120487133, 0.12012280216524757, 0.04602839784244923, 0.08082002147951411, 0.15860422750386266, 0.16100050374719221, 0.06580372384851636, 0.037109147459345744, 0.0839750967632521]"
AH5IPOPDVNJMW,"[4.96288537979126, 4.96288537979126, 4.96288537979126, 0.0, 4.96288537979126, 0.0, 20.58762550354004, 5.33092737197876, 0.0, 10.29381275177002, 0.0, 4.96288537979126, 15.256697654724121, 4.96288537979126, 4.96288537979126, 20.58762550354004, 4.96288537979126, 0.0, 15.256697654724121, 0.0, 15.256697654724121, 4.96288537979126, 4.96288537979126, 4.96288537979126, 15.256697654724121, 0.0, 0.0, 4.96288537979126, 0.0, 0.0, 0.0, 20.58762550354004, 0.0, 0.0, 0.0, 15.256697654724121, 4.96288537979126, 4.96288537979126, 15.256697654724121, 4.96288537979126, 0.0833437345550656, 0.13438080452846074, 0.17052630739036798, 0.1663233982733466, 0.1415753286697147, 0.0505598050276743, 0.09639248629372818, 0.10312948521537675, 0.04035606349763218, 0.13739283715070644, 0.0935566799342785, 0.09846816001450706, 0.09003419150625891, 0.10065902614179961, 0.14625986122444784, 0.1415234205500285, 0.14626242876505502, 0.05569831427317373, 0.03843820504740275, 0.08499798161946338, 0.10602145942179617, 0.12720985747096158, 0.09149480310939298, 0.11647020274353277, 0.09906770887785384, 0.07394573127499475, 0.08753394484812241, 0.1484965159402965, 0.156517340930235, 0.16673371388054398, 0.12860944884917638, 0.16850282580513798, 0.08776737551415943, 0.07144004460294186, 0.05085464274275538, 0.05347202414594347, 0.039064757425399305, 0.09101902342305662, 0.17977154217814392, 0.08498356535995363]"
AH5KMT72HXKVO,"[0.0, 0.0, 0.0, 0.0, 0.27248942852020264, 0.0, 0.27248942852020264, 0.0, 0.0, 0.27248942852020264, 0.0, 0.0, 0.0, 0.0, 0.0, 0.0, 0.27248942852020264, 0.0, 0.27248942852020264, 0.0, 0.27248942852020264, 0.27248942852020264, 0.0, 0.0, 0.0, 0.0, 0.0, 0.0, 0.0, 0.0, 0.0, 0.0, 0.0, 0.0, 0.0, 0.0, 0.0, 0.0, 0.27248942852020264, 0.27248942852020264, 0.16375039068588615, 0.05039846348264795, 0.12084883468879011, 0.06133138441462931, 0.11395363459400273, 0.08958119131195595, 0.04998414693316023, 0.16622570459618774, 0.12826067492315202, 0.05870762665338138, 0.09933021039205174, 0.05422827786011773, 0.1590807984909842, 0.17919757941191097, 0.05060380565591176, 0.12038349174842222, 0.09003692467148128, 0.09450605001329183, 0.17389883501129358, 0.14164235098873473, 0.17637634151632303, 0.09362460532076877, 0.1370078372527453, 0.10665978523840904, 0.13376131700052984, 0.1012185316536526, 0.08072716089051779, 0.16699825382828015, 0.15756701735914286, 0.05129177238011494, 0.14167359176348027, 0.123683507415784, 0.04895244835614376, 0.09713490770118625, 0.07996339841712839, 0.11938033509229892, 0.14574803602692707, 0.17335365759136206, 0.08899131752456066, 0.059323683560164875]"
AH89QE41D1PRP,"[15.019698143005371, 15.019698143005371, 14.107499122619629, 15.019698143005371, 19.082054138183594, 0.0, 23.1444149017334, 14.107499122619629, 0.9121990203857422, 15.019698143005371, 14.107499122619629, 15.019698143005371, 19.082054138183594, 15.019698143005371, 15.019698143005371, 19.082054138183594, 15.019698143005371, 15.019698143005371, 19.082054138183594, 0.9121990203857422, 19.082054138183594, 15.019698143005371, 15.019698143005371, 0.0, 19.082054138183594, 0.0, 14.107499122619629, 15.019698143005371, 14.107499122619629, 15.019698143005371, 14.107499122619629, 23.1444149017334, 0.0, 0.0, 15.019698143005371, 18.169857025146484, 15.019698143005371, 15.019698143005371, 23.1444149017334, 15.019698143005371, 0.1537226553284056, 0.17292710804522465, 0.0371646830246574, 0.058325370735544925, 0.05023604261926322, 0.15235806629367002, 0.11522642939479125, 0.07303307530448554, 0.10785638308880494, 0.12218257759286677, 0.13981844236178728, 0.09943001435669448, 0.12042240972544106, 0.12428334617722013, 0.15610729534913007, 0.13836336250693965, 0.1272295293807825, 0.12231877548521085, 0.15276432591088027, 0.03955595084826155, 0.1528999008993948, 0.05941467052946421, 0.15451054244182214, 0.11841374754670207, 0.17815251681448432, 0.0658063544046944, 0.05532209406020896, 0.12345178054965089, 0.08217320223570469, 0.1638412621493599, 0.0650742531358121, 0.05866485892620073, 0.1205131359490102, 0.1691780925902532, 0.13399051551685492, 0.08786753242648786, 0.11639411945820063, 0.11066261170572461, 0.1398969325079352, 0.10795688482196654]"
AH95EJ2HK06Q2,"[19.72834014892578, 19.72834014892578, 19.72834014892578, 19.72834014892578, 19.72834014892578, 2.137763023376465, 19.72834014892578, 18.35031509399414, 17.638568878173828, 19.72834014892578, 5.434516906738281, 19.72834014892578, 19.72834014892578, 19.72834014892578, 19.72834014892578, 19.72834014892578, 19.72834014892578, 13.271746635437012, 19.72834014892578, 2.8649003505706787, 19.72834014892578, 19.72834014892578, 19.72834014892578, 3.2967536449432373, 19.72834014892578, 5.434516906738281, 2.137763023376465, 19.72834014892578, 19.72834014892578, 19.72834014892578, 19.72834014892578, 19.72834014892578, 15.648221969604492, 0.0, 19.72834014892578, 19.72834014892578, 19.72834014892578, 19.72834014892578, 19.72834014892578, 19.72834014892578, 0.11416095831718179, 0.17652312722194177, 0.1729975499974106, 0.040210544864545436, 0.12129802262444539, 0.0700814738751733, 0.1180539236997509, 0.04848302832609127, 0.10624446819647292, 0.16501615369068476, 0.10015525201751486, 0.10202674745498085, 0.03938406418376427, 0.11189333709046095, 0.16988493456298945, 0.08300668472893691, 0.03877451733691386, 0.08051166534975417, 0.12233286569259436, 0.09833494454775549, 0.07076945259004935, 0.057739494923387646, 0.06367764857340363, 0.12206265847201402, 0.040372575541419896, 0.04058897073413266, 0.1582352779241783, 0.09787815658302924, 0.1319679836207108, 0.031096220382715783, 0.07551302749544897, 0.12899382035783247, 0.15423523591841545, 0.11120464005678361, 0.12056903310249754, 0.1448875011232852, 0.10233690916855141, 0.03826484289631971, 0.10826462120599518, 0.07435138950031708]"
AHQ9P60N6NOAH,"[0.7451481223106384, 0.7451481223106384, 0.0, 0.6130617260932922, 0.7451481223106384, 0.0, 0.7451481223106384, 0.6130617260932922, 0.6130617260932922, 0.7451481223106384, 0.7451481223106384, 0.1320863515138626, 0.7451481223106384, 0.7451481223106384, 0.7451481223106384, 0.7451481223106384, 0.7451481223106384, 0.7451481223106384, 0.7451481223106384, 0.0, 0.7451481223106384, 0.6130617260932922, 0.6130617260932922, 0.0, 0.7451481223106384, 0.0, 0.0, 0.0, 0.7451481223106384, 0.0, 0.0, 0.7451481223106384, 0.0, 0.6130617260932922, 0.1320863515138626, 0.6130617260932922, 0.7451481223106384, 0.1320863515138626, 0.7451481223106384, 0.7451481223106384, 0.0638893397231067, 0.13278833634459059, 0.1577074123290066, 0.06427887717847972, 0.18011914907545332, 0.15914952674012112, 0.04552948525509893, 0.1308801336870369, 0.1358057838069933, 0.03543713704408221, 0.156681870131025, 0.15449960115971956, 0.09430708245767733, 0.06049191006782324, 0.06443224957388147, 0.053400799614142055, 0.06017035157471733, 0.06485797400043364, 0.1177006675495009, 0.11355637486002206, 0.11320058163624588, 0.1601311115721868, 0.050356693712125054, 0.13200611530274667, 0.03543601838287867, 0.16643946969643467, 0.15463279498313112, 0.14653289373924944, 0.06502271215480936, 0.1116453167386408, 0.13825476480390578, 0.06546045782997618, 0.1581273446516559, 0.11692712786608993, 0.12598968630619092, 0.11712388726889048, 0.16212412744202423, 0.12055676629211201, 0.038887366127403275, 0.14123429532502577]"
AHQFK3PX6EKQH,"[-0.08414816111326218, -0.08414816111326218, 0.0, 0.0, 0.0, 0.0, 1.1441675424575806, -0.08414816111326218, 0.0, 0.0, 0.0, 0.0, 1.2283155918121338, 0.0, 0.0, 1.1441675424575806, 0.0, 0.0, 1.2283155918121338, 0.0, 1.2283155918121338, 0.0, 0.0, 0.0, 1.2283155918121338, 0.0, 0.0, 0.0, 0.0, 0.0, 0.0, 1.1441675424575806, 0.0, 0.0, 0.0, 1.2283155918121338, -0.08414816111326218, 0.0, 1.2283155918121338, -0.08414816111326218, 0.09680413693851515, 0.025629525833436625, 0.07350168193143819, 0.1090925105368244, 0.10582960128025184, 0.1589457448045639, 0.13812317136983776, 0.1185788494462361, 0.017565905662056385, 0.08621778883513112, 0.07587462015105025, 0.05501025911667819, 0.10631494871281605, 0.07765213759215728, 0.1507005660175139, 0.08288432151439618, 0.08773169517613334, 0.13536175110730744, 0.021762091570286246, 0.08843167890571135, 0.12412007779692, 0.12017359690689867, 0.15976454487072173, 0.09353830362818129, 0.15112242429943243, 0.11366348852626333, 0.10812886049558612, 0.0745684621055073, 0.015899310033221124, 0.10651190630048991, 0.1344272406670205, 0.04257453901621303, 0.06881307529259716, 0.13030179874416226, 0.017426056343554708, 0.06193858763860618, 0.12760291479052496, 0.13524931030847215, 0.09588925977125005, 0.04207809090569291]"
AHQFZFZVRD2WU,"[3.2370975017547607, 3.2370975017547607, 0.0, 0.0, 3.2370975017547607, 0.0, 3.2370975017547607, 3.2370975017547607, 0.0, 3.2370975017547607, 3.2370975017547607, 3.2370975017547607, 0.0, 3.2370975017547607, 0.0, 3.2370975017547607, 3.2370975017547607, 0.0, 3.2370975017547607, 0.0, 0.0, 0.0, 0.0, 0.0, 0.0, 0.0, 0.0, 0.0, 0.0, 0.0, 0.0, 3.2370975017547607, 0.0, 0.0, 0.0, 0.0, 3.2370975017547607, 0.0, 3.2370975017547607, 3.2370975017547607, 0.15588717978585104, 0.12902805915088855, 0.07191286734962983, 0.053712253554045915, 0.13796169949167592, 0.1472562071780882, 0.17185980708597196, 0.09072146489789237, 0.11702633181182812, 0.06064698195811239, 0.08462193086020277, 0.042259392895462454, 0.07848409929104201, 0.13278968159910115, 0.16931981394584614, 0.036747555448782165, 0.045318408810335234, 0.0537526713398506, 0.16879760345117506, 0.13343272986640445, 0.13453658475629537, 0.08246198054674377, 0.14235389796713632, 0.11930290860844736, 0.07845662727062654, 0.10447859888888843, 0.0356273757109266, 0.09373563293444027, 0.1345963955382809, 0.13601820983166377, 0.09682420503015317, 0.08025771084385223, 0.15688044100780926, 0.15843608928030725, 0.10754062267136787, 0.0974967146773381, 0.13264865831532174, 0.07207081153586559, 0.16382935677489574, 0.10819772115774816]"
AHR6RFGXARWNX,"[0.0, 0.0, 0.0, 0.0, 0.0, 0.0, 2.3378758430480957, 0.0, 2.3378758430480957, 0.0, 0.0, 0.0, 0.0, 2.3378758430480957, 2.3378758430480957, 2.3378758430480957, 0.0, 0.0, 0.0, 0.0, 2.3378758430480957, 4.675751686096191, 0.0, 0.0, 2.3378758430480957, 0.0, 0.0, 0.0, 0.0, 0.0, 2.3378758430480957, 2.3378758430480957, 0.0, 0.0, 0.0, 0.0, 0.0, 0.0, 0.0, 0.0, 0.1652891586045414, 0.05830508418467763, 0.1636949223021258, 0.09835663907565595, 0.04790715666476837, 0.12000606856670601, 0.0541339091836944, 0.14785005276917979, 0.054729220460075445, 0.06516265407876674, 0.13495071606248565, 0.16814386770820086, 0.10477278422012494, 0.05448283533089576, 0.12352895305245402, 0.14847754999917046, 0.13665341319930388, 0.0668968618324901, 0.035134456856058816, 0.02805114565175909, 0.04524863961743868, 0.12747968977437074, 0.12872108983393113, 0.08871854533019896, 0.037806055465005727, 0.0857870528696648, 0.12185166840951589, 0.12310167844734546, 0.03167009344617495, 0.08841110456937204, 0.10157244419181266, 0.0708902717964512, 0.14554077310590227, 0.10859790580291831, 0.061771530694228555, 0.14027621897496503, 0.13424830240632063, 0.09506690112572351, 0.10197694426539988, 0.10545379072100558]"
AI5ELCUWKSDXJ,"[3.3086602687835693, 3.3086602687835693, 3.3086602687835693, 0.0, 3.3086602687835693, 0.0, 3.3086602687835693, 0.0, 0.0, 3.3086602687835693, 0.0, 3.3086602687835693, 3.3086602687835693, 3.3086602687835693, 3.3086602687835693, 3.3086602687835693, 3.3086602687835693, 0.0, 3.3086602687835693, 0.0, 3.3086602687835693, 3.3086602687835693, 3.3086602687835693, 3.3086602687835693, 3.3086602687835693, 0.0, 0.0, 3.3086602687835693, 0.0, 0.0, 0.0, 3.3086602687835693, 0.0, 0.0, 0.0, 3.3086602687835693, 3.3086602687835693, 3.3086602687835693, 3.3086602687835693, 3.3086602687835693, 0.13198491309228313, 0.16959622519759174, 0.1261218047770929, 0.07137288397396765, 0.049975671624818474, 0.08539238936943665, 0.10688285100191046, 0.08636522372692595, 0.08148471934940761, 0.03571552607439488, 0.0753547462469935, 0.04953349039355518, 0.15462000413639315, 0.14347679361168322, 0.06346717102551641, 0.06063502609560352, 0.14155658845519975, 0.11146674630262358, 0.056393498511706455, 0.058754041957663976, 0.0933064900890693, 0.15358883952460967, 0.12117138047543077, 0.07802640749030525, 0.1276739717016082, 0.07799643503727512, 0.06862884959101075, 0.1159384820460348, 0.09320356561807178, 0.1421912503506874, 0.06536939866850987, 0.08640261158228742, 0.06263102376446854, 0.07249182464489776, 0.045013345432907095, 0.1380291193251593, 0.12398786937560126, 0.05784058734931568, 0.0898505502731972, 0.09205220509353729]"
AI8FN9LAD3WT0,"[2.1070899963378906, 2.1070899963378906, 0.0, 2.094383955001831, 4.9487762451171875, 0.0, 4.9487762451171875, 2.1070899963378906, 0.0, 2.1070899963378906, 0.0, 2.1070899963378906, 2.7084035873413086, 4.201474189758301, 2.1070899963378906, 4.9487762451171875, 2.1070899963378906, 2.1070899963378906, 2.721109390258789, 0.0, 4.9487762451171875, 2.721109390258789, 4.201474189758301, 0.0, 2.721109390258789, 0.0, 0.0, 0.0, 0.0, 2.094383955001831, 0.0, 4.9487762451171875, 0.0, 0.0, 2.094383955001831, 0.6140193939208984, 2.1070899963378906, 2.1070899963378906, 4.9487762451171875, 2.1070899963378906, 0.153236967995081, 0.024712226175925632, 0.04590453037617342, 0.10734936699905286, 0.05364667788826011, 0.04132957965769853, 0.03488562059557693, 0.08170649486145251, 0.08078437166187306, 0.14996161610104117, 0.15690394396113122, 0.03744716565361835, 0.032554722898355655, 0.0403616612687571, 0.01786716669253462, 0.13996606332079947, 0.09777544474729909, 0.15314365834747967, 0.12685764042318476, 0.09753237228271451, 0.13614270123035513, 0.08054512736921395, 0.03192065440720851, 0.07315758610505453, 0.07036680770983149, 0.11628029396237767, 0.04499591106116075, 0.10359651744662002, 0.06826650926898538, 0.011398320599297015, 0.12160796403850159, 0.12608878169694596, 0.10848007317381078, 0.07814654479032408, 0.13328151396233412, 0.07811093153185932, 0.09521992774999127, 0.020961161887366377, 0.15559031231853543, 0.13984835756460554]"
AIEEK7AHXKZCC,"[14.845199584960938, 14.845199584960938, 14.726956367492676, 9.34406852722168, 14.845199584960938, 1.288511037826538, 14.845199584960938, 10.312311172485352, 10.200423240661621, 10.200423240661621, 2.7920548915863037, 10.748612403869629, 14.477375030517578, 14.845199584960938, 14.845199584960938, 14.845199584960938, 14.845199584960938, 10.630367279052734, 14.670289039611816, 2.015739679336548, 14.845199584960938, 14.496095657348633, 14.845199584960938, 5.0749592781066895, 14.845199584960938, 0.10174915939569473, 4.885153293609619, 14.845199584960938, 14.845199584960938, 10.552730560302734, 9.917914390563965, 10.789464950561523, 0.4632807970046997, 0.08328866213560104, 14.845199584960938, 9.413249015808105, 14.332992553710938, 10.053999900817871, 14.845199584960938, 14.845199584960938, 0.05071547804467813, 0.08352296008432127, 0.04880635425555808, 0.12515783618493528, 0.023586188589370477, 0.0806094907551631, 0.10724967445448079, 0.02863784731706688, 0.08392708213436828, 0.15765831851562861, 0.06838153843863118, 0.01096539316924177, 0.00913526483952162, 0.09775734611352097, 0.010893467045661645, 0.03509486532860038, 0.014081183905789232, 0.07260729117487998, 0.1428715702699158, 0.14346237847051585, 0.030680125266359916, 0.024627088927998145, 0.15099409873946115, 0.09412418929678226, 0.08833943690098174, 0.039099093543351095, 0.06114608944261762, 0.013822876323083128, 0.15091934219535413, 0.12633867982811467, 0.1399239644018356, 0.04098156431294206, 0.15343619735321837, 0.04138364017866849, 0.09298475688633877, 0.1433095484942393, 0.03315468939188858, 0.14446440336727298, 0.14316425873235047, 0.0841508736356865]"
AIF4UQ6O6UZZF,"[1.824394941329956, 1.824394941329956, 0.0, 0.912197470664978, 1.824394941329956, 0.0, 1.824394941329956, 0.912197470664978, 0.912197470664978, 1.824394941329956, 0.912197470664978, 1.824394941329956, 0.912197470664978, 1.824394941329956, 1.824394941329956, 1.824394941329956, 1.824394941329956, 1.824394941329956, 1.824394941329956, 0.912197470664978, 1.824394941329956, 0.912197470664978, 1.824394941329956, 0.0, 1.824394941329956, 0.0, 0.0, 0.912197470664978, 0.912197470664978, 0.912197470664978, 0.0, 1.824394941329956, 0.912197470664978, 0.0, 0.912197470664978, 0.0, 0.912197470664978, 1.824394941329956, 1.824394941329956, 1.824394941329956, 0.06307881412500667, 0.16251232883273412, 0.16024175544300762, 0.07461733978302794, 0.04950426445394785, 0.11547339973673273, 0.1608963919122719, 0.13883666636802622, 0.06641815678193827, 0.0802120288440048, 0.1743854856388245, 0.08139324239620754, 0.1367549687529936, 0.1857384031168525, 0.1760905719663186, 0.13995170817013286, 0.052274523783550214, 0.1135807515793402, 0.055513558809859184, 0.07056770122325715, 0.11052518606171345, 0.09447565831014736, 0.061582002052779264, 0.08036639789241322, 0.12224373345961, 0.08670432644734107, 0.17504008595936155, 0.10759167025152183, 0.040569420135519514, 0.09213129334257729, 0.053760575579133725, 0.11859171012913156, 0.15807873734801048, 0.18459692968161795, 0.05039167136417907, 0.0350232104792427, 0.05579056387071534, 0.040771323320384294, 0.09354751077082292, 0.07582160128831532]"
AIG1G1AKH7JVB,"[8.104296684265137, 7.78818416595459, 0.431049644947052, 0.11493665724992752, 14.84969711303711, 0.0, 14.84969711303711, 7.558311462402344, 0.0, 14.84969711303711, 0.0, 7.9893598556518555, 0.5459862947463989, 7.9893598556518555, 14.84969711303711, 14.84969711303711, 14.760673522949219, 7.558311462402344, 7.9893598556518555, 0.0, 14.84969711303711, 14.84969711303711, 14.84969711303711, 7.518475532531738, 7.9893598556518555, 0.0, 0.0, 0.5459862947463989, 0.3161129355430603, 7.949525833129883, 0.5459862947463989, 7.673247337341309, 0.0, 0.0, 0.0, 0.7471625208854675, 7.558311462402344, 14.645736694335938, 14.84969711303711, 7.9893598556518555, 0.040081420979098066, 0.11157822525052864, 0.05860961682750133, 0.05554643427177839, 0.09254117619756819, 0.14511337258666146, 0.14551681681326706, 0.1222515639563439, 0.1477705741511962, 0.16165185666196527, 0.1573412195741145, 0.0518640691789252, 0.031261728298725755, 0.09931829688203486, 0.12290702331321869, 0.07937200985065193, 0.11313111038109007, 0.15969618122092294, 0.07132153136562763, 0.1580572690454135, 0.1443937004601795, 0.05125192220358001, 0.08717708628901052, 0.10331758477703464, 0.1630512630922566, 0.08401209725502272, 0.12902626864542263, 0.09614875284573933, 0.09354204790526639, 0.12303495024723425, 0.12073547016313017, 0.1145942850865293, 0.09529890147138113, 0.07218983770417435, 0.16221297372973048, 0.1585253611294052, 0.102560147556087, 0.10890083945149462, 0.06679125120017286, 0.14857240606420066]"
AIHUVM8SI43E5,"[24.749515533447266, 24.749515533447266, 24.749515533447266, 12.349946975708008, 24.749515533447266, 0.0, 24.749515533447266, 12.349946975708008, 12.349946975708008, 24.749515533447266, 0.0, 13.341536521911621, 24.749515533447266, 24.749515533447266, 24.749515533447266, 24.749515533447266, 24.749515533447266, 0.7325857281684875, 24.749515533447266, 0.0, 24.749515533447266, 24.749515533447266, 24.749515533447266, 14.074121475219727, 24.749515533447266, 0.0, 0.0, 24.749515533447266, 12.349946975708008, 12.349946975708008, 12.349946975708008, 24.749515533447266, 0.0, 0.0, 12.349946975708008, 24.749515533447266, 14.074121475219727, 13.341536521911621, 24.749515533447266, 24.749515533447266, 0.07292777674491102, 0.1684390785608318, 0.13479560483083097, 0.09705883845153716, 0.11177310044425876, 0.13793248431111244, 0.037811328442016866, 0.029899622376534343, 0.10189645768667865, 0.0961176613972161, 0.12836303126223794, 0.16314365059211464, 0.0818562956587671, 0.1518759786547821, 0.13115159168982618, 0.13306631883126097, 0.1543681296765559, 0.09518409242448028, 0.13698028700752124, 0.099416739203442, 0.12622090585623244, 0.025906973486885032, 0.11273129674347797, 0.1293406085204937, 0.1243201563698766, 0.14527018012762588, 0.15369040272154463, 0.12050029374752444, 0.141639008944414, 0.10239604038375438, 0.17490128111387362, 0.13051477743121637, 0.14560944152182892, 0.07529033397367686, 0.1255699462874072, 0.07632124828942552, 0.05941560295514031, 0.15354214576234443, 0.08195407117740007, 0.1695892434957322]"
AIIR8E34EDKCQ,"[20.613025665283203, 19.106327056884766, 14.666922569274902, 16.981945037841797, 21.11767578125, 5.890591144561768, 19.34735870361328, 10.84967041015625, 11.189581871032715, 18.218971252441406, 7.029133319854736, 18.711973190307617, 14.70010757446289, 20.50405502319336, 18.81680679321289, 20.276512145996094, 17.752117156982422, 12.951103210449219, 19.761096954345703, 7.557549476623535, 21.39993667602539, 16.63294219970703, 19.044891357421875, 6.324919700622559, 20.52193832397461, 1.8243893384933472, 3.9196653366088867, 16.17703628540039, 12.0664644241333, 5.400651931762695, 13.599480628967285, 20.117027282714844, 0.6497100591659546, 0.9072262644767761, 15.602081298828125, 13.463717460632324, 15.224114418029785, 16.405292510986328, 19.889694213867188, 18.71780776977539, 0.1579733819557487, 0.07589024460809014, 0.04352437636904907, 0.16616513866554464, 0.11478090061609378, 0.13028923823687177, 0.043623852069711824, 0.09221925028886363, 0.15341378732541278, 0.143171821965159, 0.09396755144855894, 0.09054718280196045, 0.12325970224877549, 0.0967156019367653, 0.09141098074810569, 0.09752288590996977, 0.07369746884661132, 0.15975040586228187, 0.08979883320065732, 0.15829343879410435, 0.08799147973939932, 0.09155318667827493, 0.12370289708366314, 0.020051337817025797, 0.1407118971709647, 0.028639168669854526, 0.061523003547888734, 0.08373683142601461, 0.059321040589517204, 0.027710902701860794, 0.022811721032089848, 0.10324522313359571, 0.11855158451182227, 0.04262302889519917, 0.13399530362957784, 0.14513467308888817, 0.09054190155047474, 0.1440169638026953, 0.13419628187533117, 0.15219235863256186]"
AIPW346SC1MMK,"[14.270258903503418, 14.270258903503418, 14.270258903503418, 14.270258903503418, 14.270258903503418, 0.0, 14.270258903503418, 14.024810791015625, 2.2127463817596436, 14.270258903503418, 14.024810791015625, 14.270258903503418, 14.270258903503418, 14.270258903503418, 14.270258903503418, 14.270258903503418, 14.270258903503418, 14.270258903503418, 14.270258903503418, 2.227444887161255, 14.270258903503418, 14.270258903503418, 14.270258903503418, 0.0, 14.270258903503418, 0.0, 14.024810791015625, 14.270258903503418, 14.270258903503418, 14.270258903503418, 14.270258903503418, 14.270258903503418, 0.0, 0.0, 14.270258903503418, 14.024810791015625, 14.270258903503418, 14.270258903503418, 14.270258903503418, 14.270258903503418, 0.03902563385626244, 0.052369665028258044, 0.022417631109109586, 0.1151147464395529, 0.056930968519716026, 0.01700844599562374, 0.007748228401046097, 0.14181136849785939, 0.14501412205061281, 0.12392325001725014, 0.15416250922568517, 0.06937851720131914, 0.021974056066223983, 0.07398891384714891, 0.14511084811975958, 0.1105394019282411, 0.03495488436305398, 0.13582745427089285, 0.05128530610517516, 0.14808197849714483, 0.14172101052283806, 0.06302373742904296, 0.04883365068894558, 0.011434284582630115, 0.07608311700875621, 0.13023680377940736, 0.03616625502482256, 0.12976028341976167, 0.12106439368653694, 0.048664198541825035, 0.06935843804605961, 0.06896625979317188, 0.15472049564301493, 0.14314691625480874, 0.11350637229914728, 0.11348336429105078, 0.01605669004591266, 0.03437332439851117, 0.12094375795191058, 0.15434462775664434]"
AIQ0ABOHK58F6,"[0.2838682234287262, 0.3342761993408203, -0.050407979637384415, 0.09152612835168839, 0.4762103259563446, 0.1419341117143631, 0.2838682234287262, 0.0, 0.0, 0.1419341117143631, 0.1923421025276184, 0.1419341117143631, 0.0, 0.09152612835168839, 0.09152612835168839, 0.2838682234287262, 0.1923421025276184, 0.1419341117143631, 0.09152612835168839, 0.0, -0.050407979637384415, 0.3342761993408203, 0.09152612835168839, 0.0, 0.3342761993408203, 0.0, 0.0, 0.09152612835168839, -0.050407979637384415, 0.1419341117143631, 0.1419341117143631, 0.2838682234287262, 0.0, 0.0, 0.09152612835168839, 0.09152612835168839, 0.0, -0.050407979637384415, 0.4762103259563446, 0.1419341117143631, 0.14673484854801133, 0.14035551559601467, 0.13336051952986464, 0.043071114878409145, 0.04746565642727019, 0.15210145005095393, 0.01565870902151081, 0.12187437870023675, 0.06990404915914761, 0.12859448793861267, 0.10275357378183918, 0.011083971571113592, 0.027157804023439012, 0.05965640759640079, 0.10915131876846598, 0.06922529527704165, 0.09092704660618532, 0.02461083121500022, 0.138223919495293, 0.10879086676908427, 0.025832190587719447, 0.060478559653973585, 0.13089024692553344, 0.09763670099374316, 0.09845147248885072, 0.11348784714517925, 0.09511059785297032, 0.06773963954875269, 0.012180933570067764, 0.1369287268566735, 0.14781685709699885, 0.02278616463434996, 0.0695746891844061, 0.11286597312955556, 0.05219879925979274, 0.02139783510332413, 0.07918237986724085, 0.1303617503514982, 0.13049759948060588, 0.12050300542504096]"
AIR2V73D3WZQK,"[7.434452056884766, 6.343558311462402, 1.090894103050232, 1.090894103050232, 6.343558311462402, 0.0, 6.343558311462402, 7.121495246887207, 0.0, 7.121495246887207, 6.030600547790527, 6.343558311462402, 1.090894103050232, 6.343558311462402, 4.693647384643555, 6.343558311462402, 6.343558311462402, 3.6027538776397705, 6.030600547790527, 1.090894103050232, 3.6027538776397705, 2.4947452545166016, 3.91571044921875, 0.0, 3.6027538776397705, 0.0, 1.090894103050232, 1.090894103050232, 3.91571044921875, 1.090894103050232, 1.090894103050232, 6.343558311462402, 2.51185941696167, 0.0, 1.40385103225708, 1.40385103225708, 3.5187416076660156, 3.91571044921875, 6.3840227127075195, 5.293128967285156, 0.04829818146035455, 0.07717472097727163, 0.1590475935979126, 0.14521951167883537, 0.07781665853123436, 0.07553402549461233, 0.14498634982180594, 0.06986197506990202, 0.07243513035507458, 0.07396280148198649, 0.10248570769451076, 0.13749217079101891, 0.14890586476093445, 0.08458913651517362, 0.06720829668930588, 0.05159679189283955, 0.12455849572144825, 0.08858509134937945, 0.11168897476998613, 0.044287454809310074, 0.13004715122216368, 0.06735411858904655, 0.11836364889441928, 0.10196646512559478, 0.03448887026925012, 0.02781558197149932, 0.051143607339937384, 0.08421477822382596, 0.08096365541570823, 0.11965970636675217, 0.043037484741450895, 0.0870580926697556, 0.11238775230978328, 0.0380261950552404, 0.15306694919305117, 0.16423473852582185, 0.140105067867041, 0.10766160394504329, 0.05248585055374757, 0.10620805198257537]"
AIRQ4VAXVPAP4,"[24.74927520751953, 24.74927520751953, 21.835853576660156, 21.835853576660156, 24.74927520751953, 2.1799161434173584, 24.74927520751953, 11.923521041870117, 10.057052612304688, 24.74927520751953, 6.226298809051514, 18.005096435546875, 21.835853576660156, 24.74927520751953, 21.835853576660156, 24.74927520751953, 24.74927520751953, 13.95871353149414, 24.74927520751953, 2.1799161434173584, 21.835853576660156, 10.057052612304688, 21.835853576660156, 0.0, 24.74927520751953, 0.0, 2.1799161434173584, 24.74927520751953, 21.835853576660156, 7.877137184143066, 21.835853576660156, 24.74927520751953, 11.778799057006836, 0.0, 21.835853576660156, 21.835853576660156, 18.005096435546875, 13.95871353149414, 24.74927520751953, 24.74927520751953, 0.17004145586953365, 0.1699247988081473, 0.15696432422238085, 0.12642828783815527, 0.09132494870014604, 0.10624762594158288, 0.11359268048351545, 0.0275498279895239, 0.15348049681125292, 0.17660809502399966, 0.16509121091258355, 0.0954358476411944, 0.10229979288242166, 0.17390975418437746, 0.13436337891911038, 0.06987129327452192, 0.1428089818184969, 0.10973997929958872, 0.07049842399289187, 0.06169674892381298, 0.10346156404233435, 0.06624078025125896, 0.058038228313251006, 0.08615812391746566, 0.06579333454388071, 0.1450199419884905, 0.15131937623900377, 0.12325673428681186, 0.053356270501168236, 0.04933985063007309, 0.08253824134009154, 0.09584492959343395, 0.13214600786355785, 0.04116421207717438, 0.04654190358930024, 0.15584119696145482, 0.05222714354650885, 0.1519577009610552, 0.16411928132794684, 0.08058227747122415]"
AIWVB6601DJOO,"[2.4863016605377197, 2.4863016605377197, 2.4863016605377197, 0.0, 5.047851085662842, 0.0, 5.047851085662842, 0.0, 0.0, 5.047851085662842, 0.0, 2.4863016605377197, 2.4863016605377197, 2.4863016605377197, 5.047851085662842, 5.047851085662842, 5.047851085662842, 0.0, 2.4863016605377197, 0.0, 5.047851085662842, 5.047851085662842, 5.047851085662842, 5.047851085662842, 2.4863016605377197, 0.0, 0.0, 2.4863016605377197, 0.0, 2.561549425125122, 0.0, 2.4863016605377197, 0.0, 0.0, 0.0, 2.4863016605377197, 2.4863016605377197, 5.047851085662842, 5.047851085662842, 2.4863016605377197, 0.16162948163702845, 0.16303664577496588, 0.16560851165322724, 0.16388565877550226, 0.041066695048424307, 0.04816492057633931, 0.1629176804781915, 0.1508627124099564, 0.12092228506701519, 0.04423486734045163, 0.05949686131605877, 0.06240014672539424, 0.14216458353496067, 0.048079876610344414, 0.09120756148379651, 0.1647056746609311, 0.1560917499879265, 0.07130254251586417, 0.06764267155087723, 0.14422836143179513, 0.1442456377852623, 0.15128793687736924, 0.13031995760604312, 0.06657526334515987, 0.14317004925986263, 0.05636305627578602, 0.09815994190076772, 0.07587172459715597, 0.0928067920408717, 0.08716004292914233, 0.026046435170887106, 0.053904190582551664, 0.031933966332679885, 0.020911144526615733, 0.020768023254482487, 0.1282972287839711, 0.12239466933792753, 0.16148941168493428, 0.023874049693346958, 0.09051812852148157]"
AIX5L58NMGF9Z,"[0.15565454959869385, 0.10082466155290604, 1.5094001293182373, 0.21571877598762512, 0.4717895984649658, 0.0, 3.857879638671875, 3.672304153442383, 1.7476892471313477, 1.6262987852096558, 0.0, 0.10082466155290604, -0.21527326107025146, 5.690579414367676, 4.467839241027832, 3.511155605316162, -0.09837457537651062, 0.7656511068344116, 0.4169226288795471, 0.11689869314432144, 0.21772339940071106, 3.3811898231506348, 0.4169226288795471, 0.0, 3.742948293685913, 0.0, 0.0, 1.2412643432617188, -0.19106942415237427, 2.758460283279419, 0.07138653099536896, 1.4493359327316284, 0.0, 0.0, 1.33243727684021, 0.10078753530979156, 1.8396046161651611, -0.33020448684692383, 3.7130649089813232, 1.7634663581848145, 0.12205157483953, 0.14645690989939608, 0.1227153848872863, 0.15072638631303495, 0.09908882734437482, 0.11485142242861598, 0.03131940220289139, 0.12052648240916299, 0.0683234364510599, 0.08851245725932516, 0.05118719816751993, 0.09844476547238117, 0.10674277551699504, 0.022368805704863708, 0.0806135202416658, 0.15565055203084252, 0.11868399510553862, 0.1479080500767422, 0.11799330730656292, 0.0515166410657873, 0.14979225054282014, 0.12838851603753984, 0.051407641780457494, 0.0880360375019354, 0.15365242681820934, 0.09691741991960862, 0.09575244771750455, 0.038305973393156285, 0.14416640683724166, 0.09037367228929827, 0.056938865197120686, 0.15441473202382397, 0.1564998940825424, 0.12779664184033918, 0.11609731155918493, 0.08194557301619906, 0.07570728091576763, 0.1586789497538177, 0.0877192316817393, 0.050836993103098665]"
AJ61AXPLR0WYY,"[0.0, 0.0, 0.0, 0.0, 0.0, 0.0, 0.0, 0.0, 0.0, 0.0, 0.0, 0.0, 0.0, 0.0, 0.0, 0.0, 0.0, 0.0, 0.0, 0.0, 0.0, 0.0, 0.0, 0.0, 0.0, 0.0, 0.0, 0.0, 0.0, 0.0, 0.0, 0.0, 0.0, 0.0, 0.0, 0.0, 0.0, 0.0, 0.0, 0.0, 0.05813091239020589, 0.0822952498462923, 0.07926976166805627, 0.041825158326903325, 0.15674576882107802, 0.13936192577823292, 0.020483849547130985, 0.14936948100507982, 0.07233511750631245, 0.046817205421618206, 0.1283625113735975, 0.1523621821009252, 0.11894418700394961, 0.14610698693690902, 0.0839067151564768, 0.12178759262033993, 0.1629510296937066, 0.16463732699922118, 0.1509327534022086, 0.03808011485642735, 0.13631613283895894, 0.1411683161837935, 0.02623881219571174, 0.12919796817458162, 0.12536192802154286, 0.12441506050515905, 0.03986227422564396, 0.16917225052026538, 0.0317974268284337, 0.02969714572451881, 0.08316456236091742, 0.02071177871019349, 0.12870840140886197, 0.11158431664104865, 0.09348137535707388, 0.12580799603565143, 0.03050936390732809, 0.1319525333630329, 0.08470386882930689, 0.04815237998358112]"
AJE9F756P1S6E,"[4.044802188873291, 0.6053715348243713, 2.9690427780151367, 0.38376495242118835, 3.6988048553466797, 0.0, 3.430372476577759, 0.0, 0.7297621965408325, 4.044802188873291, 2.747436046600342, 3.776369571685791, 3.477198362350464, 4.044802188873291, 3.208765983581543, 3.477198362350464, 3.776369571685791, 0.11533242464065552, 4.044802188873291, 0.7297621965408325, 3.6988048553466797, 3.477198362350464, 3.6988048553466797, 0.0, 3.776369571685791, 2.747436046600342, 0.0, 3.1312010288238525, -0.34599727392196655, 0.7297621965408325, 2.4014389514923096, 4.044802188873291, 0.0, 0.0, 0.9513688087463379, 2.747436046600342, 4.044802188873291, 3.477198362350464, 3.430372476577759, 3.1312010288238525, 0.16566514329136248, 0.1237262888080681, 0.03549032662282551, 0.09025351092983838, 0.13109200154988462, 0.08284252470706338, 0.030905585164182205, 0.16956494338033987, 0.02882394436709532, 0.1679365807639223, 0.1306667529123603, 0.168209698483469, 0.08039558662550454, 0.048285392656207085, 0.11298520144447644, 0.08813342990692924, 0.11609529510595568, 0.16075966907763484, 0.17037164865647247, 0.08785012554207391, 0.15748701260215164, 0.10016664969052495, 0.14671875188148206, 0.1202147843009438, 0.050398843990139525, 0.0863124153296558, 0.048061002214659906, 0.09351990673120528, 0.08562878797704898, 0.10488572230003955, 0.05569052834608404, 0.028286733208368803, 0.08987884801255257, 0.11961380541107533, 0.07249425057078211, 0.029181474087647836, 0.15540309435498403, 0.10652424293091596, 0.15825623778528403, 0.13630173924235225]"
AJF8LK89RBHC8,"[15.240140914916992, 4.6012282371521, 6.218974590301514, 0.3175351619720459, 6.346063137054443, 2.4201231002807617, 4.159822463989258, 3.9291574954986572, -0.3207525908946991, 3.842287063598633, 0.0, 3.8430914878845215, 4.562619209289551, 3.9259400367736816, 9.095724105834961, 10.7875337600708, 0.08284871280193329, 0.08284871280193329, 9.958490371704102, 0.0, 8.214459419250488, 3.9291574954986572, 1.82285737991333, 0.0, 3.4630022048950195, 0.0, 0.0, 3.418762683868408, 3.798851728439331, 3.9291574954986572, 6.982741832733154, 3.059401035308838, 0.0, 0.0, -0.08606614172458649, 3.526360511779785, 6.34928035736084, 2.104196548461914, 6.346063137054443, 4.475748538970947, 0.08597906984680193, 0.043887894144324355, 0.13384151219426563, 0.08952651086104653, 0.10912427306987749, 0.08157365329731896, 0.09168307136247085, 0.06461043851494408, 0.13838796509332255, 0.15796285232244264, 0.11373654402805472, 0.06009832655754877, 0.0791805703205277, 0.1403868956625669, 0.09556107757150882, 0.08647148013734743, 0.04791490364441461, 0.17397949205164873, 0.16750835705557623, 0.13197650377369965, 0.06736814636186274, 0.05219722456564389, 0.09559252989413647, 0.1774877224734575, 0.09859367047527703, 0.1282945202006189, 0.18170564859723434, 0.13681710003801653, 0.1300636585372732, 0.17895126165285527, 0.1392255983658576, 0.17599698089161794, 0.1422806974193814, 0.054833089821663336, 0.028970838758879323, 0.04811339704682085, 0.08587410595696902, 0.08313076246309518, 0.0719950440568352, 0.04129478023707514]"
AJILF715MP2SE,"[2.3485348224639893, 4.3434929847717285, 0.9194155335426331, 3.652174234390259, 7.101205825805664, 4.527242183685303, 10.937796592712402, 2.7681655883789062, 8.550430297851562, 2.63810396194458, 4.527242183685303, 4.9667558670043945, 1.6634881496429443, 15.360553741455078, 7.1990180015563965, 6.610450267791748, 1.8755275011062622, 6.101101875305176, 3.6713006496429443, 4.527242183685303, 4.150446891784668, 4.87036657333374, 3.721564292907715, 0.0, 8.619597434997559, 1.6770992279052734, 4.527242183685303, 4.150446891784668, 1.3299720287322998, -0.3703460395336151, 2.1370291709899902, 4.207870960235596, 1.6770992279052734, 0.0, 1.1314548254013062, 0.8471788763999939, 2.908857822418213, 2.8501434326171875, 1.131187915802002, 6.487772464752197, 0.050798156965945813, 0.16719441891938452, 0.09318106054992555, 0.13505958362290532, 0.029242141705562393, 0.10459509489666355, 0.1654455453277795, 0.15768485932196463, 0.1539044904070799, 0.1444266274049856, 0.0969893659029755, 0.10599346881295837, 0.06466279165677066, 0.07705529031812172, 0.06200205822695258, 0.06751132332202639, 0.1388831498574743, 0.03586824427941966, 0.17416724784788992, 0.09961045828618895, 0.06623152794093747, 0.05136411619645933, 0.15571126126226212, 0.1024053029205783, 0.08639684437802977, 0.047475180692565434, 0.16855633242812393, 0.1601940618138688, 0.12252948883664047, 0.06442516578429514, 0.0955139485045665, 0.14825691551541637, 0.03552024542992364, 0.1078650472246225, 0.1304908221115106, 0.07603871850966559, 0.1377973786648164, 0.04853494951635927, 0.09707121178601516, 0.10602075726584681]"
AJIQ6LH2YTZH8,"[2.2140612602233887, 2.01922345161438, 1.1070306301116943, 2.01922345161438, 2.2140612602233887, 0.19483789801597595, 2.2140612602233887, 0.9121927618980408, 0.9121927618980408, 2.2140612602233887, 0.9121927618980408, 2.01922345161438, 2.01922345161438, 2.2140612602233887, 2.2140612602233887, 2.01922345161438, 2.2140612602233887, 2.2140612602233887, 2.01922345161438, 1.1070306301116943, 2.2140612602233887, 2.01922345161438, 2.01922345161438, 0.0, 2.2140612602233887, 0.0, 0.9121927618980408, 2.2140612602233887, 1.1070306301116943, 2.01922345161438, 1.3018685579299927, 2.2140612602233887, 0.0, 0.0, 1.8243855237960815, 0.9121927618980408, 1.8243855237960815, 2.01922345161438, 2.2140612602233887, 2.01922345161438, 0.10544126378891516, 0.03725567550684381, 0.1326033151172588, 0.08758120304414924, 0.11568731805386151, 0.13820457024691704, 0.12501176090352312, 0.036327311963077806, 0.052963012520132226, 0.1439618319622335, 0.12633666875094682, 0.05407515945497192, 0.14159791390493034, 0.15778363877089246, 0.05829756688267013, 0.16878955918853752, 0.0550589272292526, 0.07409736143121404, 0.144070628556145, 0.05961803044349325, 0.056983890932744315, 0.06247522993271008, 0.09731203590883364, 0.13049724860422982, 0.11480460669454116, 0.035243568463373814, 0.07604840267762461, 0.06553993671036784, 0.10246610228362905, 0.05292644074906205, 0.16354808316187586, 0.07295831180610475, 0.18096070220455532, 0.16598669940463098, 0.16397820129263738, 0.0662707100481125, 0.14736989070151837, 0.048523400666330076, 0.17550691809643712, 0.15880079811256434]"
AJPLUGSVMH21V,"[7.205563545227051, 7.367597579956055, 4.8269877433776855, 1.6857106685638428, 7.205563545227051, 0.0, 7.205563545227051, 0.6455491781234741, 1.7330268621444702, 7.205563545227051, 0.6455491781234741, 7.205563545227051, 3.568941593170166, 7.205563545227051, 3.1412768363952637, 7.205563545227051, 5.519852638244629, 1.7330268621444702, 7.205563545227051, 0.0, 5.254652500152588, 3.1412768363952637, 6.560014724731445, 3.1412768363952637, 6.560014724731445, 0.0, 0.0, 6.9876790046691895, 0.0, 0.0, 1.7330268621444702, 7.205563545227051, 0.0, 0.0, 3.846402168273926, 6.560014724731445, 5.472537040710449, 4.8269877433776855, 7.205563545227051, 7.367597579956055, 0.08479908992957422, 0.08620650170796103, 0.12134556387733468, 0.062101047269494516, 0.1146915316670131, 0.10485589882683492, 0.05365653729171188, 0.02168578107993208, 0.0769547532719954, 0.10954070717130258, 0.10589994521414722, 0.148161356393094, 0.016973199259709065, 0.10022681744270315, 0.14306714836214374, 0.08873435313733313, 0.04082910641000687, 0.10643660465140788, 0.04116057521970162, 0.07987046084091635, 0.09501101932434108, 0.16465466916162366, 0.04353769747631023, 0.10478580403839274, 0.023841020384584823, 0.12200287988173153, 0.0623282195798417, 0.05792445540168115, 0.07685931515279142, 0.15737524279661183, 0.09416509580040082, 0.12055327801284672, 0.1461102435554702, 0.023643255934712455, 0.11290691220189117, 0.14199528350891125, 0.11645619789101526, 0.036216856705150575, 0.022225832006358505, 0.1717554222620553]"
AJW13PBIXQ33M,"[4.949779987335205, 4.949779987335205, 4.949779987335205, 4.949779987335205, 4.949779987335205, 4.132929801940918, 4.949779987335205, 4.949779987335205, 4.949779987335205, 4.949779987335205, 4.500586986541748, 4.949779987335205, 4.949779987335205, 4.949779987335205, 4.949779987335205, 4.949779987335205, 4.949779987335205, 4.949779987335205, 4.949779987335205, 3.296231508255005, 4.949779987335205, 4.949779987335205, 4.949779987335205, 2.861257553100586, 4.949779987335205, 0.4325241446495056, 4.123376846313477, 4.949779987335205, 4.949779987335205, 4.949779987335205, 4.949779987335205, 4.949779987335205, 0.4016003906726837, 0.0, 4.949779987335205, 4.949779987335205, 4.949779987335205, 4.949779987335205, 4.949779987335205, 4.949779987335205, 0.1253902716224187, 0.10893181186311082, 0.09036965827464911, 0.02401468873432084, 0.030793111203563844, 0.09475904392904134, 0.05307177665694619, 0.10650982507445167, 0.11617642605689346, 0.02828257641212524, 0.051963593487514455, 0.14192840548622115, 0.0144649996882935, 0.09810754207911733, 0.12432244960250644, 0.0737747494694336, 0.15167147885573598, 0.06238345822912555, 0.02047589352088544, 0.12729231054948584, 0.11718385820998646, 0.09294224777484009, 0.011263675842448077, 0.028810422475941237, 0.05475063802775624, 0.0885197414928277, 0.06081682397847628, 0.024248975243558808, 0.08635980128156992, 0.1310576060107736, 0.07719350586869655, 0.03272729615940352, 0.03626641769856534, 0.07996778631088065, 0.08852947763554979, 0.13196399685556442, 0.12268844761705493, 0.11461301830252575, 0.06542639679043127, 0.14337403233796858]"
AJZGMDK1NA990,"[-0.47081804275512695, -3.811809778213501, -3.340991735458374, -3.340991735458374, -2.1356124877929688, 0.0, -2.1356124877929688, 0.0, 0.0, -3.340991735458374, 0.0, -3.340991735458374, -3.340991735458374, -3.340991735458374, -2.1356124877929688, -3.340991735458374, -0.47081804275512695, -2.1356124877929688, 0.7231584191322327, 0.0, -3.340991735458374, 0.0, -2.1356124877929688, 0.0, -3.340991735458374, 0.0, 0.0, -3.340991735458374, -1.6761971712112427, 0.0, -3.340991735458374, -0.9302334785461426, -3.340991735458374, 0.0, -1.6761971712112427, -3.340991735458374, -1.6761971712112427, -3.340991735458374, -2.1356124877929688, -0.47081804275512695, 0.05584695726610012, 0.023153873109741596, 0.15544211718436665, 0.11333150353645986, 0.06087950616436705, 0.12313374147603513, 0.1356526855260538, 0.13774750014230067, 0.15767615974099783, 0.042271705936895825, 0.11819875425611025, 0.11138593389564566, 0.10316824289600816, 0.17116359875172785, 0.08822339323755791, 0.04209398630614289, 0.12574940644765006, 0.16561380138519594, 0.08358099652255217, 0.02557327477570593, 0.04792771060160114, 0.1329391151623207, 0.018440420018845053, 0.11990060966081588, 0.10846660601675992, 0.06820364267857905, 0.1297243141664896, 0.059238379157201246, 0.07579056277577179, 0.03300901375980951, 0.08904972281732489, 0.09882309966230991, 0.14002430820564457, 0.13653789704454017, 0.10531823750735592, 0.04206668980691913, 0.05587029720995884, 0.12467429416016616, 0.09884792089326472, 0.10576480942614522]"
AKFUG2XFPPWWM,"[1.1021467447280884, 3.3064403533935547, 1.1021467447280884, 1.6539316177368164, 0.551784873008728, 0.0, 1.1021467447280884, 0.0, 0.0, -0.5503618121147156, 0.0, -0.5503618121147156, -0.5503618121147156, -1.1007236242294312, -0.5503618121147156, 1.1021467447280884, 1.1021467447280884, -0.5503618121147156, 4.407163619995117, 0.0, 1.1021467447280884, 0.0, 2.754655122756958, 0.0, -0.5503618121147156, 0.0, 0.0, 1.1021467447280884, -1.6510854959487915, 1.1021467447280884, 1.1021467447280884, 1.1021467447280884, 0.0, 0.0, 0.551784873008728, -0.5503618121147156, 0.0, 1.1021467447280884, 2.754655122756958, 1.1021467447280884, 0.0677926272742707, 0.09335062467080714, 0.05443396050379243, 0.18041532700904933, 0.13452494624056305, 0.12478597314392315, 0.1733099064733583, 0.14683813509062243, 0.15211535794867795, 0.14265198683807737, 0.12952351037431656, 0.13342927407525668, 0.13640263518885426, 0.11283663206951834, 0.06774642599241115, 0.10684971700585055, 0.15418181202564, 0.07723234407223918, 0.10317710247147512, 0.09189762163285295, 0.0560597930230563, 0.1050690801994129, 0.04282181781567127, 0.11217110540165619, 0.10507630827440767, 0.08595011861282001, 0.15461902831010566, 0.06616080612759274, 0.1368833522551419, 0.1222823777459109, 0.1675998020096915, 0.04731591729767743, 0.0753837788488195, 0.0649507335182296, 0.05849138751812109, 0.04936323885169438, 0.16568744277176267, 0.15004951561727622, 0.07834297872694997, 0.09182367566228739]"
AKIQW8M8Q74HG,"[6.473947525024414, 6.473947525024414, 0.0, 3.236973762512207, 6.473947525024414, 0.0, 6.473947525024414, 3.236973762512207, 0.0, 3.236973762512207, 3.236973762512207, 3.236973762512207, 3.236973762512207, 6.473947525024414, 0.0, 6.473947525024414, 3.236973762512207, 3.236973762512207, 6.473947525024414, 0.0, 3.236973762512207, 0.0, 3.236973762512207, 0.0, 3.236973762512207, 0.0, 0.0, 0.0, 0.0, 3.236973762512207, 3.236973762512207, 6.473947525024414, 0.0, 0.0, 3.236973762512207, 0.0, 3.236973762512207, 0.0, 6.473947525024414, 6.473947525024414, 0.12581492112535522, 0.09883958984991142, 0.11102015974695437, 0.16635058101054065, 0.15090650844043918, 0.06140760757271084, 0.14635122738663747, 0.03899695426763181, 0.06809712253295502, 0.0845734619135089, 0.16670705131696392, 0.043737776940251605, 0.03738664189115324, 0.06346547391659604, 0.035066793092525556, 0.12838216995356086, 0.05650364654344982, 0.1769798932567526, 0.0774441873694604, 0.04866803218643948, 0.09400577150165729, 0.13454079137746808, 0.13558233853944301, 0.06126146797095524, 0.04447438016553051, 0.16370270873694892, 0.05445288731544532, 0.047881200923960796, 0.15600854273131848, 0.1784862069042452, 0.11748453727135107, 0.12808268129550024, 0.05275708608358266, 0.11581336597420674, 0.03968746606820047, 0.12060021993070578, 0.09693251937298515, 0.07153841872684517, 0.1057177116925215, 0.03387543346548796]"
AKJHHD5VEH7VG,"[14.528820037841797, 12.35529899597168, 10.586313247680664, 17.20153045654297, 10.27773380279541, 1.9536089897155762, 10.766556739807129, 4.225448131561279, 8.757634162902832, 7.6284003257751465, 4.08450984954834, 10.210022926330566, 12.294617652893066, 10.320265769958496, 11.264486312866211, 13.157392501831055, 6.9867706298828125, 10.8319091796875, 17.323745727539062, 3.487525701522827, 15.236751556396484, 7.731910705566406, 14.195746421813965, 0.0, 12.008280754089355, 1.3056162595748901, 3.081388473510742, 13.532983779907227, 6.388911247253418, 10.151631355285645, 5.207454681396484, 14.10737419128418, 3.2507917881011963, 0.0, 14.95178508758545, 11.463232040405273, 6.092644691467285, 10.749382019042969, 13.03093433380127, 12.510017395019531, 0.07820025574885292, 0.03748691921076917, 0.12742785558960512, 0.14460200251069077, 0.06804742755474057, 0.07710980917600149, 0.15824734239340518, 0.09481358244524254, 0.14760520375170982, 0.04184804906870826, 0.05374968811708474, 0.11996192161542542, 0.14978565698588034, 0.07530309314215236, 0.054361039103979304, 0.13762015191785654, 0.0572142167558532, 0.1438416082896686, 0.03737733442504977, 0.11048520793883233, 0.01430884025976063, 0.04630854023780452, 0.14467731646501708, 0.03719693026210841, 0.06182221701504385, 0.0755850964277866, 0.053052704856538284, 0.08305010097891696, 0.15698365775907558, 0.04446065304749286, 0.1348911093099064, 0.16785891765018837, 0.1470041183401376, 0.13896537692815397, 0.15788168360721225, 0.05593453825901941, 0.029386142102371417, 0.04423118021594, 0.15400811485881113, 0.07417254605849048]"
AKKHOHMSSHYUE,"[0.08401209861040115, 0.0, 0.0, 0.0, 0.0, 0.0, 0.08401209861040115, 0.0, 0.0, 0.0, 0.0, 0.0, 0.0, 0.0, 0.0, 0.08401209861040115, 0.0, 0.0, 0.0, 0.0, 0.0, 0.0, 0.0, 0.0, 0.0, 0.0, 0.0, 0.0, 0.0, 0.0, 0.08401209861040115, 0.08401209861040115, 0.0, 0.0, 0.0, 0.0, 0.0, 0.0, 0.08401209861040115, 0.0, 0.02898477546306104, 0.10758911077772845, 0.03917205674955965, 0.037193875956004915, 0.15601479428131373, 0.07933844918625134, 0.05303419288271773, 0.08303511418118603, 0.15358883578712978, 0.13089906830080453, 0.14401177777797705, 0.1620462823045925, 0.03564802814183772, 0.12813852135911216, 0.14803219984997446, 0.09503449676495235, 0.02176682732905878, 0.14172067257091286, 0.14303611788799822, 0.033153417935798596, 0.07375866139104396, 0.0985441785880841, 0.15061441823706875, 0.03227533346951815, 0.032939240449465196, 0.15686738072923456, 0.06377826922380775, 0.1284085177943032, 0.06205578790136112, 0.13257785558969132, 0.160405954024535, 0.1470821279462166, 0.1151993616148282, 0.03530551219166393, 0.08331460830232679, 0.16340776742042626, 0.029016172547698994, 0.15783278742977255, 0.11981099618602432, 0.16526125945788991]"
AKKOKZG3KX1FT,"[-0.6332885026931763, -1.6641271114349365, 0.0, -0.09256288409233093, -2.0968708992004395, -0.8303682208061218, -2.0968708992004395, -1.559536099433899, -1.559536099433899, -2.8260388374328613, 0.0, -1.6520990133285522, 0.0, -1.2665027379989624, -0.7291678190231323, -2.8260388374328613, 0.2896426320075989, 0.29303330183029175, -0.6332885026931763, 0.0, -0.5286973714828491, -1.2665027379989624, -1.6520990133285522, 0.29303330183029175, -2.0968708992004395, 0.0, 0.0, -0.7291678190231323, 0.7257771492004395, 0.0, 0.0, -1.3590656518936157, 0.0, 0.0, 0.0, -0.09256288409233093, 0.3497837483882904, 0.7378054261207581, -1.3590656518936157, 0.19707974791526794, 0.07820495015688893, 0.04520202272389774, 0.028682380476522586, 0.08748346412401913, 0.04036252038670755, 0.13187271249426352, 0.11801819404570224, 0.03845312804843076, 0.12666596877541028, 0.10237863455583919, 0.16318848602167493, 0.0543722264980988, 0.04903287515866209, 0.09785326081453417, 0.03204310987539118, 0.07727283851532005, 0.05440406871085529, 0.03248502277230521, 0.152904379928062, 0.03566561420226823, 0.12229250387491616, 0.07531064817363853, 0.14121110417423793, 0.15505401130178387, 0.1105138445789721, 0.050213720954611574, 0.07185140990593966, 0.09386421847318387, 0.10283798645763327, 0.057185227359290526, 0.05027824745215436, 0.10979475618779756, 0.06901956956233228, 0.1483776389236428, 0.1489033620796482, 0.15497452281412727, 0.1387119907740485, 0.11463099899484275, 0.09295484142892099, 0.013580613136982913]"
AKMC46NLSXDJX,"[0.0, 0.0, 0.0, 0.0, 0.0, 0.0, 0.0, 0.0, 0.0, 0.0, 0.0, 0.0, 0.0, 0.0, 0.0, 0.0, 0.0, 0.0, 0.0, 0.0, 0.0, 0.0, 0.0, 0.0, 0.0, 0.0, 0.0, 0.0, 0.0, 0.0, 0.0, 0.0, 0.0, 0.0, 0.0, 0.0, 0.0, 0.0, 0.0, 0.0, 0.06766305736920492, 0.07303380049768429, 0.11840509771236171, 0.1561660754056686, 0.13069114545975197, 0.11944827017869863, 0.15733091227692736, 0.0374703601308833, 0.05737942768474194, 0.14209989111609242, 0.06842513804974844, 0.17035308106823804, 0.08915234732386858, 0.13767172448294515, 0.05429133933521009, 0.09649303697481162, 0.17008384653111727, 0.09871322171709215, 0.05880025831671279, 0.11582377461021097, 0.07687039717263386, 0.17165437592068303, 0.12077931184125573, 0.12099840492711511, 0.09019611162303529, 0.16665329966423112, 0.028330957156579347, 0.17335781262562022, 0.09284504166703587, 0.035605138760193056, 0.06345882668134055, 0.16404177555474503, 0.1482582963206147, 0.13644981552965627, 0.051775451791601056, 0.07609120222183842, 0.09478463211273071, 0.16040337997114232, 0.1263438267540218, 0.04172303282496692]"
AKMEY1BSHSDG7,"[12.658296585083008, 12.098953247070312, 9.825997352600098, 11.300751686096191, 12.542724609375, 2.3178014755249023, 12.608598709106445, 5.229921817779541, 8.290624618530273, 8.338350296020508, 2.185624122619629, 5.453071594238281, 12.173837661743164, 12.603199005126953, 10.155988693237305, 12.181791305541992, 6.9784955978393555, 9.863218307495117, 12.920676231384277, 1.9596165418624878, 12.029833793640137, 9.937383651733398, 12.750957489013672, 0.8271632790565491, 11.1239652633667, 0.0, 1.4253191947937012, 10.215071678161621, 6.5733466148376465, 10.7269868850708, 9.481520652770996, 12.688217163085938, -0.018553167581558228, 0.0, 11.878019332885742, 10.401163101196289, 7.899904251098633, 5.151566505432129, 12.662363052368164, 12.561712265014648, 0.1469874768274167, 0.06132051733522006, 0.08419117072170561, 0.11870241798512152, 0.11066109852586821, 0.13921482741184116, 0.045182688002718276, 0.054543195217559216, 0.02926342439887322, 0.010418547896020038, 0.13980205311271074, 0.1420741767996392, 0.02496569680445774, 0.10795484147714943, 0.08717660734318447, 0.15068205487614267, 0.00693025272565808, 0.08819834505940395, 0.05652124282064174, 0.12553788391695783, 0.15349666585449817, 0.05247797174123986, 0.07313695698925665, 0.11413262036886515, 0.050729453037360824, 0.08686212144536071, 0.09696507637543295, 0.08210799556109766, 0.059241697912220045, 0.1363038864012213, 0.1083898143152383, 0.04808025555418271, 0.02096357322292295, 0.1009787186105913, 0.12108298937863855, 0.024489486975891855, 0.059366572783356934, 0.02780211518903701, 0.038581954527963064, 0.10190329775058869]"
AKND6I1G35L7E,"[2.961958408355713, 9.107184410095215, 9.107184410095215, 2.961958408355713, 9.991728782653809, 0.0, 19.29775047302246, 0.44227173924446106, 4.0453386306762695, 19.799518585205078, 0.0, 19.29775047302246, 0.0, 3.4042301177978516, -2.984431028366089, 9.549455642700195, 6.587497711181641, 0.0, 2.961958408355713, 0.0, 2.961958408355713, -2.542159080505371, 3.4042301177978516, 0.0, 2.961958408355713, 0.0, 0.0, 5.946389198303223, -2.984431028366089, 0.0, 0.0, 7.007297039031982, 0.0, 0.0, 5.504117965698242, -0.022472454234957695, 2.961958408355713, 2.5196869373321533, 9.549455642700195, -0.022472454234957695, 0.16006269244234173, 0.15808511394366556, 0.03405949620273128, 0.1286585324026898, 0.08805036656690261, 0.17297313404651943, 0.08394567251612237, 0.0631513496140417, 0.13645910917217877, 0.12488362468951707, 0.08072044914999776, 0.1727861870533867, 0.03790036557525284, 0.033685548417527605, 0.1154090291251575, 0.15529906645908292, 0.13917230515708792, 0.12961032389466187, 0.16137927497387453, 0.13508442438716242, 0.03255135763133748, 0.16030043543987327, 0.07740154481007092, 0.052879676541502385, 0.08496665961811081, 0.15927899018398914, 0.07715722388710995, 0.054191038333281455, 0.14078719857202845, 0.04970670180278135, 0.03188970011002722, 0.10803409980251578, 0.048235036439671794, 0.10635116402314893, 0.07686613666493704, 0.1397223635461257, 0.12165116353950216, 0.033234924995151106, 0.12725259178014514, 0.15051634412215037]"
AKQ9DH3HRPHW3,"[24.749488830566406, 24.749488830566406, 12.349933624267578, 8.21410846710205, 24.749488830566406, 0.0, 24.749488830566406, 12.5330171585083, 17.863872528076172, 24.749488830566406, 4.046417713165283, 17.832006454467773, 12.349933624267578, 24.749488830566406, 20.53217315673828, 24.749488830566406, 24.749488830566406, 9.649764060974121, 24.749488830566406, 0.0, 12.791463851928711, 12.791463851928711, 21.999698638916016, 4.135825157165527, 21.999698638916016, 0.0, 0.0, 21.999698638916016, 8.21410846710205, 8.21410846710205, 18.136363983154297, 24.749488830566406, 0.0, 0.0, 17.863872528076172, 21.999698638916016, 8.182243347167969, 4.135825157165527, 24.749488830566406, 24.749488830566406, 0.16229325535270078, 0.06425273346304207, 0.13529696670451513, 0.07068707307980064, 0.17140152607627152, 0.15980378999522793, 0.1564752629310494, 0.10569913175264506, 0.038728682041611964, 0.09949761350621263, 0.05023935326549507, 0.06722474570967822, 0.07596679874541565, 0.12270879425691117, 0.0727379363831771, 0.12195403847563563, 0.09208614114238153, 0.16645182241986772, 0.1470982938549794, 0.16930846929062174, 0.09878457942778487, 0.1277480990420327, 0.1516172135406034, 0.15984325626567136, 0.03570329279383933, 0.17027986294809458, 0.14451724888218373, 0.04998153207386693, 0.09077784828622586, 0.11731596406950483, 0.07438267161300494, 0.1247903788185449, 0.06740988689669215, 0.08970519474587653, 0.1255839039596646, 0.07288241154601144, 0.0950741283899441, 0.12101473546867884, 0.04109308662511163, 0.11534660311113758]"
AKWBRE0JKA2A1,"[0.24100470542907715, -0.04751787334680557, 0.24100470542907715, -0.04751787334680557, -0.04751787334680557, 0.24100470542907715, -0.04751787334680557, 0.0, -0.04751787334680557, -0.04751787334680557, 0.0, 0.0, -0.04751787334680557, -0.04751787334680557, -0.04751787334680557, -0.04751787334680557, -0.04751787334680557, -0.04751787334680557, 0.24100470542907715, 0.0, 0.24100470542907715, -0.04751787334680557, 0.24100470542907715, 0.0, 0.24100470542907715, 0.0, 0.0, 0.24100470542907715, -0.04751787334680557, -0.04751787334680557, 0.24100470542907715, -0.04751787334680557, 0.0, 0.0, -0.04751787334680557, -0.04751787334680557, 0.0, 0.0, 0.24100470542907715, -0.04751787334680557, 0.1708361685291899, 0.0872216108320442, 0.0898859696243166, 0.14975628137092786, 0.061196345459058596, 0.02563552740443179, 0.12072897041057233, 0.060229864196308915, 0.02368092215034176, 0.11472371770410292, 0.14577333100460868, 0.05685873788240869, 0.06378858589838513, 0.048537857290209464, 0.06348215764771953, 0.15784154237671963, 0.08049661608909205, 0.03161830242145108, 0.0970503246648909, 0.09068254918027813, 0.12173811247356528, 0.1362506317918366, 0.14427786657418418, 0.12475680512893038, 0.14041330337683594, 0.1265063725456955, 0.10316352002939037, 0.054731136392096785, 0.06378776348112102, 0.10865849017338118, 0.13372286271961792, 0.05455086406129914, 0.1370910329066932, 0.1367881164706612, 0.08045154480759313, 0.06994907463243594, 0.053908779061615786, 0.09740353786194894, 0.1168055345013404, 0.08091394344537246]"
AKZJ49U7BQU4U,"[19.799482345581055, 19.799482345581055, 19.799482345581055, 19.799482345581055, 19.799482345581055, 0.0, 19.799482345581055, 19.799482345581055, 0.0, 19.799482345581055, 19.799482345581055, 19.799482345581055, 19.799482345581055, 19.799482345581055, 19.799482345581055, 19.799482345581055, 19.799482345581055, 19.799482345581055, 19.799482345581055, 0.0, 19.799482345581055, 19.799482345581055, 19.799482345581055, 0.5860646367073059, 19.799482345581055, 0.0, 19.799482345581055, 19.799482345581055, 18.810102462768555, 19.799482345581055, 19.799482345581055, 19.799482345581055, 0.0, 0.0, 19.799482345581055, 19.799482345581055, 19.799482345581055, 19.799482345581055, 19.799482345581055, 19.799482345581055, 0.14866149142994367, 0.08304948206184809, 0.05335281865136042, 0.030966087657576507, 0.0728046164923521, 0.08420158012238717, 0.06976308882167571, 0.12577949154367318, 0.15294891896738746, 0.16929729958634984, 0.14398608521034942, 0.13735155176697184, 0.08742118377156989, 0.16868157639232337, 0.12233577773886228, 0.07145432175452182, 0.05047770103108405, 0.05008761525737036, 0.034904208415769744, 0.06513695082133206, 0.06832375280939523, 0.1011233597700655, 0.16870612036371593, 0.07898953079994314, 0.15405942803101547, 0.11672007967904643, 0.16291218520333506, 0.1758063596797546, 0.1523222721815153, 0.0755509134537927, 0.07062298869436734, 0.15561368643939943, 0.06605538825403875, 0.1194842764873522, 0.07879776162538885, 0.11621618161292878, 0.16643457069396192, 0.03547534532711618, 0.10253290330125411, 0.040786002976594425]"
AKZZ0DTJDXLZI,"[-0.16223272681236267, -0.3570728302001953, -3.6455955505371094, -0.3570728302001953, -2.5385520458221436, 0.19484013319015503, -4.914871692657471, -1.4641163349151611, 0.9122032523155212, -0.16223272681236267, -1.4641163349151611, -2.7333922386169434, -0.3570728302001953, -0.16223272681236267, -2.5385520458221436, -2.7333922386169434, -0.16223272681236267, -0.16223272681236267, -0.3570728302001953, 1.1070432662963867, -2.5385520458221436, -0.3570728302001953, -0.3570728302001953, 0.0, -0.16223272681236267, 0.0, -1.4641163349151611, -0.16223272681236267, -3.6455955505371094, -0.3570728302001953, -1.0744359493255615, -4.914871692657471, 0.0, 0.0, -0.5519129633903503, -3.840435743331909, -0.5519129633903503, -2.7333922386169434, -2.5385520458221436, -2.7333922386169434, 0.12916982887067383, 0.05312641854945775, 0.14449239814926024, 0.1452455049871159, 0.14175178284539508, 0.1411215426198398, 0.14947527092097826, 0.1091674451773996, 0.10947764557203313, 0.06517605892980897, 0.1583749846125832, 0.14883317085964476, 0.17561759031417915, 0.08241985384027055, 0.07120558343868326, 0.07316948345574084, 0.12154968027739055, 0.07108146472256598, 0.16224101895225496, 0.08918000688543104, 0.04436369842830699, 0.057423271136186047, 0.15318693217606558, 0.0694892217299787, 0.11347096084546787, 0.10053031679866042, 0.06587520683768926, 0.11398785222514146, 0.06424502792215679, 0.070084398156645, 0.10884945985174387, 0.032383296522511915, 0.08205607616275917, 0.1199562864520934, 0.05959300834137293, 0.07972464620203806, 0.16886226518809536, 0.15807417446070018, 0.12779708864809794, 0.0793050519772983]"
AL24GOJZZ48PB,"[-1.4583330154418945, -1.4583330154418945, 0.0, 0.0, -1.4583330154418945, 0.0, -1.4583330154418945, -1.4583330154418945, -1.4583330154418945, -1.4583330154418945, 0.0, -2.916666030883789, 0.0, 0.0, -1.4583330154418945, -1.4583330154418945, -2.916666030883789, 0.0, -1.4583330154418945, 0.0, -1.4583330154418945, -2.916666030883789, -2.916666030883789, 0.0, -1.4583330154418945, 0.0, 0.0, -1.4583330154418945, 0.0, 0.0, 0.0, -1.4583330154418945, 0.0, 0.0, 0.0, 0.0, -1.4583330154418945, 0.0, -1.4583330154418945, -1.4583330154418945, 0.13131550034787257, 0.12424310487394338, 0.11120743570702668, 0.04868175381006846, 0.12069358134951459, 0.13342494664022683, 0.1396525532757034, 0.06715471305206697, 0.15800005784869287, 0.06821007760867105, 0.1397401991533668, 0.10553314911000818, 0.17376322351116488, 0.13014784295944803, 0.16720573591994417, 0.13034133690048133, 0.09804027879532236, 0.15735042512286207, 0.06133823191709363, 0.1390837807363482, 0.09678968977115625, 0.1416872279043013, 0.09061286910841362, 0.07666725884515917, 0.13194824418011064, 0.04066859683805886, 0.1644886199157012, 0.047266724398533994, 0.14667745840732266, 0.04861744605219377, 0.07891974868650067, 0.03587380612468493, 0.11328916081464038, 0.06602693804099911, 0.13840204290217142, 0.10566494553342452, 0.07830659186382063, 0.08612430928165705, 0.06216890091210321, 0.042070112381286134]"
AL4R7S0YP7MJR,"[-2.593393087387085, -2.593393087387085, -0.37930968403816223, -1.1042202711105347, -2.593393087387085, 0.0, -2.593393087387085, -1.0488805770874023, 0.72976154088974, -0.698428750038147, 0.0, -2.1531009674072266, -2.1531009674072266, -2.1531009674072266, -1.5284254550933838, -2.1531009674072266, -1.6656856536865234, -2.1531009674072266, -2.1531009674072266, 0.72976154088974, -2.1531009674072266, 0.72976154088974, -1.6656856536865234, 0.0, -1.6656856536865234, 0.0, 0.0, -2.714566230773926, -1.989655613899231, -0.2110135853290558, -2.8828623294830322, -1.138720989227295, 0.0, 0.0, -0.2110135853290558, -0.5518131256103516, 0.2423463612794876, -0.2110135853290558, -2.1531009674072266, -0.8685067892074585, 0.07143086609562653, 0.09826251682212024, 0.16862829318854983, 0.11854496959711708, 0.08741671044221686, 0.05916771452481741, 0.16447858022428188, 0.06887369394054105, 0.12125067524505963, 0.16498243945069124, 0.16846919055545734, 0.055484867057873304, 0.14800527044970724, 0.08320769873089655, 0.10379986231023594, 0.09409322620418223, 0.1496855489911229, 0.1303626834023842, 0.05562578144633358, 0.04030932422254133, 0.09344251853972443, 0.12507685052573822, 0.09226995886051288, 0.09620930314278253, 0.16711497196812847, 0.06308134758294995, 0.05270173152689681, 0.1478669517149305, 0.08562635268317537, 0.05823136535120592, 0.15973335559209917, 0.1096339454036742, 0.027678128877849817, 0.028076789917726698, 0.13050211181731053, 0.17027164514864085, 0.06923327581574629, 0.13917580903994736, 0.17365840415836997, 0.09727278074606296]"
AL54O8LSKUIQ8,"[1.0946438312530518, 1.0946438312530518, 0.5473219156265259, 1.0946438312530518, 1.0946438312530518, 0.0, 1.0946438312530518, 0.5473219156265259, 0.5473219156265259, 1.0946438312530518, 0.5473219156265259, 1.0946438312530518, 1.0946438312530518, 1.0946438312530518, 1.0946438312530518, 1.0946438312530518, 1.0946438312530518, 1.0946438312530518, 1.0946438312530518, 0.5473219156265259, 1.0946438312530518, 1.0946438312530518, 1.0946438312530518, 0.0, 1.0946438312530518, 0.0, 0.5473219156265259, 1.0946438312530518, 0.5473219156265259, 1.0946438312530518, 0.5473219156265259, 1.0946438312530518, 0.0, 0.0, 1.0946438312530518, 0.5473219156265259, 1.0946438312530518, 1.0946438312530518, 1.0946438312530518, 1.0946438312530518, 0.10183538986765936, 0.056863801823676605, 0.11157227173189672, 0.06508812015979686, 0.07173735314241525, 0.09525425837121879, 0.13252447290930555, 0.042546721956749974, 0.0368813860239372, 0.1632715758269668, 0.09629986899682579, 0.0595663851625576, 0.15066438638568305, 0.15530601217817516, 0.029809421870450284, 0.12718377956719415, 0.08551174318328544, 0.14213767327750235, 0.06304382160696038, 0.08092585372457907, 0.08669434159528046, 0.08709859871409348, 0.15975013127614202, 0.03312760328970571, 0.06441142654852144, 0.04839236044807691, 0.12925891551867508, 0.14141977571054104, 0.12668146236287894, 0.09609069976277144, 0.031607689589850364, 0.15122997828652593, 0.15924347315153112, 0.05590243252461613, 0.04173762741361247, 0.05552171883849079, 0.0952548405297551, 0.16910361524288153, 0.14182811900297673, 0.12568328601584605]"
ALC78IZMOVRHN,"[-3.4643969535827637, 9.120573043823242, -4.00302791595459, -2.2748680114746094, 2.625584363937378, 0.9891120195388794, -3.549604654312134, 1.4709930419921875, 2.40910005569458, 7.295417785644531, 1.3442531824111938, 9.85413646697998, 5.053109169006348, 3.915937900543213, -1.8455986976623535, -3.9886085987091064, -2.758910894393921, -1.8873660564422607, 5.151629447937012, 0.5845208168029785, 1.957906723022461, 7.982551574707031, -2.321431875228882, 0.6699237823486328, 3.5350098609924316, 0.0, 1.3442531824111938, 9.046771049499512, -1.6531004905700684, 6.481698989868164, -2.1756412982940674, 1.1533013582229614, 0.0, 0.0, 2.9748408794403076, 5.590633392333984, 0.40241456031799316, -1.5032272338867188, 3.974813222885132, 4.068700790405273, 0.13933677301258862, 0.02925188522146516, 0.13188380053783533, 0.016329865728369128, 0.0624168568912878, 0.027489301358508914, 0.15334247236904527, 0.12462320605853763, 0.10622019122902253, 0.12195653365097002, 0.05274572482341896, 0.1524106464907836, 0.11842957441928867, 0.06507846982756524, 0.1310993363351411, 0.022259257879008298, 0.06979937572517622, 0.11646055298939356, 0.0979656600260935, 0.10432656958532009, 0.011539425979308815, 0.12165792500766534, 0.03417101112394118, 0.04620437863190902, 0.1079462344596994, 0.10996762515688342, 0.016194008017676356, 0.05404366724435336, 0.13730359470890396, 0.10554846615749974, 0.08304578984772601, 0.05131384181232747, 0.04656407055711419, 0.06621434882317163, 0.04419999602480751, 0.1296595866048962, 0.029797113028407096, 0.03719002114797013, 0.08181460366710026, 0.12133321874508375]"
ALNFHVS3SC4FV,"[12.728253364562988, 10.682195663452148, 10.723150253295898, 7.360202312469482, 13.33059024810791, 1.2628799676895142, 13.120060920715332, 7.126084327697754, 7.71077823638916, 10.861337661743164, 7.202538967132568, 12.497767448425293, 12.622807502746582, 10.952579498291016, 12.622807502746582, 12.656906127929688, 8.853753089904785, 10.480116844177246, 11.216411590576172, 1.550187110900879, 13.756848335266113, 9.554594993591309, 12.372946739196777, 1.8212616443634033, 12.4070463180542, 5.873725414276123, 1.7485076189041138, 12.96256160736084, 12.301599502563477, 4.929805278778076, 11.805689811706543, 13.191044807434082, 1.7485076189041138, 0.644065260887146, 11.900067329406738, 12.176669120788574, 7.904497146606445, 10.240543365478516, 12.284692764282227, 12.531975746154785, 0.03168878312705971, 0.13548484288251186, 0.08651779846976121, 0.12067884809738276, 0.08408165020775385, 0.15900075343372455, 0.08752753153338605, 0.02596295885922001, 0.10634912649962865, 0.09587391650137722, 0.10004828908786007, 0.15903278626870365, 0.04028546740006464, 0.12576289446455122, 0.011216237400842117, 0.09443987265355003, 0.15858318676640862, 0.0162953101288242, 0.015629373457928333, 0.03778296164576807, 0.1250973665773796, 0.012940512719631637, 0.06245548821409852, 0.04943778166057201, 0.09656484305643591, 0.024423159272120503, 0.06995206302209876, 0.07827509902492774, 0.09945875656822921, 0.028224238110571686, 0.09463024221384371, 0.06224173143656083, 0.1486676037406271, 0.03967354707531929, 0.03293060213782378, 0.06811767200008041, 0.04684348091529722, 0.13278947548146572, 0.029355441363419905, 0.0904442491471636]"
ALWK9NN6TP252,"[0.8007078766822815, 0.6606876254081726, -0.2515166997909546, 0.6606876254081726, 0.6606876254081726, 0.0, -0.5030333995819092, -0.2515166997909546, 0.9122043251991272, 0.6606876254081726, -0.2515166997909546, 0.6606876254081726, 0.6606876254081726, 0.6606876254081726, 0.6606876254081726, 0.8007078766822815, 0.6606876254081726, 0.6606876254081726, 0.6606876254081726, 0.9122043251991272, 0.6606876254081726, 0.6606876254081726, 0.6606876254081726, 0.0, 0.6606876254081726, 0.0, -0.2515166997909546, 0.6606876254081726, -0.2515166997909546, 0.6606876254081726, -0.1114964485168457, 0.8007078766822815, 0.0, 0.0, 0.6606876254081726, -0.2515166997909546, -0.6430535912513733, 0.6606876254081726, 0.8007078766822815, 0.6606876254081726, 0.14795366013199313, 0.1447980163586475, 0.047876589766759556, 0.10231419841640262, 0.06102781501427098, 0.16165233236573753, 0.06989727044671867, 0.16102161900105794, 0.14766786373920598, 0.03139889541850959, 0.06431291559104256, 0.16574357989707472, 0.0396024598432555, 0.16586663220276576, 0.08128759754048571, 0.10572910511133235, 0.18041606699466883, 0.08387282739489099, 0.17724021496586764, 0.07960289008662068, 0.09737799310385964, 0.1354057544267544, 0.0447497055140164, 0.14546398161477364, 0.16023817020252043, 0.07677885613893343, 0.0957020112901388, 0.04242365319290272, 0.09312817413384522, 0.09140151986173871, 0.17445633110001058, 0.10102485858227539, 0.10838478243802523, 0.08376618871253622, 0.09939684385987889, 0.058976607493563885, 0.09774252395001667, 0.13326480704163365, 0.07656370314562701, 0.05285416315088695]"
AM18CU72YEWH5,"[-0.172994464635849, -1.0852606296539307, -0.0265866219997406, -0.39705324172973633, 0.7904146909713745, 0.142637237906456, 0.4844874143600464, 0.4055945873260498, 0.23758283257484436, -0.25088971853256226, 0.6208828687667847, -0.1268012821674347, 0.8076720237731934, 2.3911609649658203, 0.6442444324493408, 0.05220189690589905, 1.0694571733474731, 0.736930787563324, -0.12723317742347717, 0.142637237906456, -0.27707159519195557, 0.23466435074806213, -0.3082205057144165, 0.2930288016796112, -0.501300573348999, 0.3637700080871582, 0.6775344014167786, -0.5793492794036865, 0.5731126070022583, 0.3738425076007843, -0.10359501838684082, -0.2716442942619324, 0.6389627456665039, 0.25711286067962646, 0.1249454990029335, -0.4869779944419861, -0.4584333598613739, -0.781501293182373, 0.4095103144645691, 1.0137476921081543, 0.05041293712530977, 0.08474943804684015, 0.09058898936626578, 0.1039879014539587, 0.03346542253778363, 0.09658085163813275, 0.13679909272556823, 0.03274328691173501, 0.07874506838788367, 0.025869551807251815, 0.09180715795750262, 0.15444130438049308, 0.014188309773457804, 0.06241327496404264, 0.1065473161444769, 0.09179819367277765, 0.1444963504712121, 0.06377379090924533, 0.07398381677553456, 0.04798094265181892, 0.03134397914832623, 0.09516376800123912, 0.14820640387143424, 0.11725535926802799, 0.012307463295617244, 0.11142050073196003, 0.0670377347399074, 0.014750531780093801, 0.15708504115538746, 0.08756070916285823, 0.015433570310139828, 0.10570083815488501, 0.009383810503186504, 0.1059446842043627, 0.15909985814238553, 0.06129186419817815, 0.11017806878300432, 0.11491379156708321, 0.0554295474828476, 0.09932282212624657]"
AM6VM4AHB7CG4,"[1.4264171123504639, 1.4264171123504639, 0.0, 0.0, 1.4264171123504639, 0.0, 1.4264171123504639, 1.4264171123504639, 0.0, 1.4264171123504639, 1.4264171123504639, 1.4264171123504639, 0.0, 1.4264171123504639, 1.4264171123504639, 1.4264171123504639, 1.4264171123504639, 1.4264171123504639, 1.4264171123504639, 0.0, 1.4264171123504639, 0.0, 1.4264171123504639, 0.0, 1.4264171123504639, 0.0, 0.0, 0.0, 1.4264171123504639, 0.0, 0.0, 1.4264171123504639, 1.4264171123504639, 0.0, 0.0, 0.0, 0.0, 1.4264171123504639, 1.4264171123504639, 1.4264171123504639, 0.1433484749061197, 0.10078828488970651, 0.02258826514176113, 0.10883456307587437, 0.04522041894222848, 0.05368411582432849, 0.0787152676471261, 0.07367166265141727, 0.08491552173199447, 0.037510482868410924, 0.13038026600019575, 0.12733005140327872, 0.02742836551061823, 0.08031377071405554, 0.1274434602483412, 0.17055840360887575, 0.03713003973211721, 0.04302128358031101, 0.14895606830134703, 0.09136121298521829, 0.12272642039493402, 0.06231683558235869, 0.13458883941026917, 0.14741520656830537, 0.0390471557191597, 0.0272602539155198, 0.16142557930667495, 0.16526722612452627, 0.08180546779614051, 0.043684168384184326, 0.14203957310654935, 0.1656499913918056, 0.0969035037498239, 0.08979460749181489, 0.15908461081381944, 0.04882080999801928, 0.07610884979264534, 0.14079855126086604, 0.09536418850509418, 0.14239867702692982]"
AM88FAF0V7U6D,"[1.3736964464187622, 0.6868482232093811, 1.3736964464187622, 0.6868482232093811, 0.6868482232093811, 0.0, 1.3736964464187622, 0.6868482232093811, 0.0, 1.3736964464187622, 0.6868482232093811, 0.6868482232093811, 0.6868482232093811, 0.6868482232093811, 0.6868482232093811, 1.3736964464187622, 0.6868482232093811, 0.6868482232093811, 0.6868482232093811, 0.0, 0.6868482232093811, 0.6868482232093811, 0.6868482232093811, 0.0, 0.6868482232093811, 0.0, 0.6868482232093811, 0.6868482232093811, 1.3736964464187622, 0.6868482232093811, 0.6868482232093811, 0.6868482232093811, 0.0, 0.0, 0.6868482232093811, 0.6868482232093811, 0.6868482232093811, 0.6868482232093811, 1.3736964464187622, 0.6868482232093811, 0.17285391022808713, 0.16658081957711085, 0.07875838493017513, 0.11883161606805297, 0.172380221226651, 0.13231656819491777, 0.0379865888168555, 0.14173011058940943, 0.12307958830479061, 0.06655138519884614, 0.130788300936126, 0.035242994101079526, 0.09372091275725919, 0.09953837694501302, 0.1466208048436545, 0.10457976189995723, 0.11935142812237434, 0.05220650121529886, 0.10976486695281558, 0.07169218197475126, 0.0456731964088033, 0.0784889993253331, 0.06716871671728139, 0.06075320039346547, 0.08107858350442827, 0.061566689088553596, 0.15379415068245217, 0.060103524463247474, 0.058764994706230374, 0.17163494711167415, 0.1194203288747839, 0.0919248347384956, 0.11186064343701055, 0.04861715578160041, 0.07465249847673669, 0.09205796221306231, 0.10929561983573748, 0.0915468498549732, 0.059289172703363084, 0.12304024770484975]"
AM8B1RWTFOE38,"[0.0, 0.08934833109378815, 0.0, 0.08934833109378815, 0.0, 0.0, 0.0, 0.0, 0.0, 0.0, 0.08934833109378815, 0.0, 0.0, 0.0, 0.0, 0.0, 0.0, 0.0, 0.0, 0.0, 0.0, 0.0, 0.0, 0.0, 0.0, 0.0, 0.0, 0.0, 0.0, 0.0, 0.08934833109378815, 0.0, 0.0, 0.0, 0.0, 0.0, 0.0, 0.0, 0.0, 0.0, 0.15613372520941585, 0.015425568537019088, 0.028517093621726643, 0.05942157602034894, 0.08815597453656222, 0.09340718327191593, 0.03941841448952268, 0.04563164353414562, 0.15082611252052547, 0.08056978086371716, 0.03637289685340727, 0.1256129893865653, 0.09705929572014607, 0.05851335757776114, 0.09812103894706838, 0.01598617422418621, 0.0729707288103451, 0.13667721998043966, 0.07891471964427968, 0.06465071326219925, 0.02839810161498226, 0.10351032162071604, 0.14794469034436158, 0.05950296535501526, 0.057129712527662996, 0.12990801871227645, 0.075880830128274, 0.11037544960733438, 0.1570683779355549, 0.04005389317058191, 0.0991458130349209, 0.05781346288099821, 0.03464027537839567, 0.06957940452407918, 0.12441455774244226, 0.04184021756047482, 0.045989934666531736, 0.1401649076919019, 0.12435206357325675, 0.05177648976047861]"
AMFBQ5BEYWC5T,"[3.964884042739868, 3.5667669773101807, 3.455345630645752, 3.455345630645752, 4.412350654602051, 2.273270606994629, 4.140999794006348, 2.089977502822876, 0.0, 1.4767893552780151, 2.273270606994629, 3.6661105155944824, 3.455345630645752, 4.05294132232666, 1.2293956279754639, 2.8708667755126953, 2.273270606994629, 4.236234664916992, 3.8768258094787598, 2.273270606994629, 3.8768258094787598, 0.17611585557460785, 4.32429313659668, 0.0, 3.8768258094787598, 2.273270606994629, 2.273270606994629, 2.089977502822876, 4.236234664916992, 2.273270606994629, 1.913861632347107, 2.667081117630005, 2.273270606994629, 0.0, 3.455345630645752, 2.511457681655884, 1.5414841175079346, 0.0, 5.529731273651123, 4.05294132232666, 0.08083232647531066, 0.14835278957179837, 0.08455399642852536, 0.08237253257795521, 0.03218509392936768, 0.07825671751224435, 0.13524021714978285, 0.09483518401467676, 0.07633456429660039, 0.0510431201436816, 0.06079051393892544, 0.09175225521333893, 0.15112893662087212, 0.07272118420372196, 0.08915274560172706, 0.15498266591364743, 0.12690898950718835, 0.0735294542703072, 0.15847313567451746, 0.05278983545326812, 0.15150886803305344, 0.0370131665788393, 0.10342159982133135, 0.0733085034705069, 0.07569217928438922, 0.14934464889157528, 0.1447345864449847, 0.14190760816078768, 0.09477256852649597, 0.07369773218064939, 0.08512904668356912, 0.054408414242645524, 0.05481187486663841, 0.16360077286362507, 0.06435736250755907, 0.13479044501733262, 0.10410506499684638, 0.06794036112632376, 0.14979269641072784, 0.07113076930770096]"
AMKL90GGNP276,"[8.498188972473145, 7.319871425628662, 3.6577577590942383, 7.2727484703063965, 8.376421928405762, 2.6524386405944824, 8.498188972473145, 0.5433474779129028, 0.8178179264068604, 3.365814208984375, 1.9358950853347778, 9.963796615600586, 7.459853649139404, 8.592978477478027, 8.592978477478027, 6.9873881340026855, 8.203324317932129, 8.845719337463379, 8.592978477478027, 0.8178179264068604, 8.592978477478027, 1.9358950853347778, 6.979072570800781, 0.0, 9.320956230163574, 0.0, -0.2527404725551605, 3.4128875732421875, 6.657528877258301, 3.2175159454345703, 4.313417911529541, 7.460299491882324, 0.0, 0.0, 2.6409549713134766, -0.5852234363555908, 3.6897833347320557, 3.7825934886932373, 8.651436805725098, 8.049631118774414, 0.09226580509876647, 0.03215758416074805, 0.110481983161782, 0.1402995013675845, 0.1321313522042774, 0.14819799242552287, 0.11281509383808039, 0.09144520853679078, 0.03665882231417866, 0.05593820141158925, 0.1476239570518979, 0.08496201647755426, 0.1577889107487417, 0.08135861443187113, 0.1726986544258425, 0.16191489314347574, 0.12959631752596185, 0.15209598507250566, 0.1201539225037288, 0.09925934757860434, 0.044635962873052756, 0.10083118682623736, 0.043550003321010645, 0.07914623936907568, 0.08884068491451101, 0.0778953723071716, 0.08886443760738826, 0.04036688246127477, 0.16026284958012926, 0.15287271810243466, 0.03638886566096377, 0.1300796163282431, 0.1155084984811598, 0.08328076259292949, 0.16776737591311067, 0.04293307203964919, 0.04876957584360583, 0.07511529010778738, 0.07843884945615967, 0.15073979244132207]"
AMKW6DTGH7DHY,"[0.65397047996521, 0.65397047996521, 0.65397047996521, 0.65397047996521, 0.65397047996521, 0.65397047996521, 0.65397047996521, 0.0, 0.65397047996521, 0.65397047996521, 0.65397047996521, 0.65397047996521, 0.65397047996521, 0.65397047996521, 0.65397047996521, 0.65397047996521, 0.65397047996521, 0.65397047996521, 0.65397047996521, 0.65397047996521, 0.65397047996521, 0.65397047996521, 0.65397047996521, 0.0, 0.65397047996521, 0.0, 0.65397047996521, 0.65397047996521, 0.65397047996521, 0.0, 0.65397047996521, 0.65397047996521, 0.0, 0.0, 0.65397047996521, 0.65397047996521, 0.65397047996521, 0.65397047996521, 0.65397047996521, 0.65397047996521, 0.12460651369883044, 0.12683988287392864, 0.11112789573285685, 0.03535024709676283, 0.02917354558893685, 0.0958762866360434, 0.14495748636711514, 0.09440922735432543, 0.09579193037433059, 0.020092596996795692, 0.05141154552875169, 0.037525106716638286, 0.16701441876878234, 0.07729338587160356, 0.12686130850720156, 0.06081026033937186, 0.04698597802327709, 0.04251732961174265, 0.16530569589102517, 0.14906006543430167, 0.08110014741913772, 0.040685481817033346, 0.1320941870604569, 0.13959118865899975, 0.14142703219480396, 0.03353650001327737, 0.12084248745797267, 0.13066114322313896, 0.12840562500464348, 0.0311982076397607, 0.09550154014887115, 0.1172790729239589, 0.1632908708379101, 0.10021642767955662, 0.14254520553173894, 0.10880193769568844, 0.0759173311775609, 0.1246170774310324, 0.13402335358141143, 0.15856551509360595]"
AMPSYLH47ZFU6,"[0.0, 0.6008138656616211, 0.0, 0.30040693283081055, 0.0, 0.0, 0.30040693283081055, 0.0, 0.0, 0.0, 0.0, 0.0, 0.0, 0.0, 0.0, 0.0, 0.0, 0.30040693283081055, 0.30040693283081055, 0.0, 0.0, 0.0, 0.0, 0.0, 0.0, 0.0, 0.0, 0.0, 0.0, 0.0, 0.0, 0.0, 0.0, 0.0, 0.0, 0.0, 0.0, 0.0, 0.0, 0.0, 0.09300823095693465, 0.07779010723720824, 0.06924109897642687, 0.0513853460732614, 0.11424929080434429, 0.09608988286652034, 0.15471705369288746, 0.06033270915628015, 0.11996620828706878, 0.13118147272648106, 0.06444522303930741, 0.11580453145639641, 0.06016767714427664, 0.03713628209046149, 0.14259559902641478, 0.17009276187470163, 0.059779917737827815, 0.11049214686294694, 0.1239599499054817, 0.0707165572060661, 0.02768739786920938, 0.05926715434696703, 0.03743269380345734, 0.031814340234971504, 0.15589039409580188, 0.0247785926306994, 0.0665363408564199, 0.09107978111791834, 0.15595382433705188, 0.1689489105571733, 0.16846980531279612, 0.1322871963312698, 0.12832985177204154, 0.14384211215460244, 0.059356832327060446, 0.1702275642947511, 0.1673476541231743, 0.14919442096825106, 0.11732702801791006, 0.09523984912458876]"
AMUVF6UQZ6UCO,"[0.0, -0.335540771484375, 0.0, 0.0, 0.0, 0.0, -1.006622314453125, 0.0, 0.0, 0.0, 0.0, -0.335540771484375, -0.335540771484375, 0.0, -0.335540771484375, 0.0, -0.335540771484375, -0.67108154296875, 0.0, 0.0, 0.0, 0.0, 0.0, 0.0, -0.335540771484375, 0.0, 0.0, 0.0, 0.0, 0.0, 0.0, 0.0, 0.0, 0.0, 0.0, 0.0, 0.0, 0.0, -0.335540771484375, 0.0, 0.10957486692480299, 0.06234249119156552, 0.04206876437877293, 0.1430413764018396, 0.08541440664337935, 0.09193681545733552, 0.04093196145518126, 0.05395406001319516, 0.08380100785902013, 0.18206052062024713, 0.09381870411378412, 0.082096761814049, 0.11571161451445222, 0.0684127177086126, 0.13000036929129072, 0.09214188336396353, 0.15738759789589588, 0.09528562730868863, 0.052130347621871194, 0.16045734606503828, 0.15184744384724105, 0.09821396361779917, 0.06761030482717341, 0.03475062707971045, 0.11591183371356839, 0.18182952265254002, 0.13110345966696754, 0.14202173032867685, 0.16652316343961074, 0.0478761638915007, 0.11133029639744613, 0.1664448346919589, 0.11483339009721147, 0.04832119441039761, 0.07466138651266595, 0.1191591356210584, 0.14083744405173645, 0.04163082767430227, 0.0966933762707621, 0.10754284962912317]"
AMXYXIWW74J4,"[2.881004810333252, 2.881004810333252, 1.6542965173721313, 0.8178055286407471, 4.585368633270264, 0.0, 4.585368633270264, 0.0, 0.8178055286407471, 4.585368633270264, 0.40890276432037354, 2.881004810333252, 2.881004810333252, 2.881004810333252, 4.585368633270264, 4.585368633270264, 4.585368633270264, 1.2267082929611206, 2.881004810333252, 0.8178055286407471, 4.585368633270264, 4.1764655113220215, 4.1764655113220215, 3.3586602210998535, 2.881004810333252, 0.0, 0.0, 2.472101926803589, 0.40890276432037354, 2.522169351577759, 0.0, 2.881004810333252, 0.0, 0.0, 1.2267082929611206, 1.6542965173721313, 2.881004810333252, 4.585368633270264, 4.585368633270264, 2.881004810333252, 0.05976847540394991, 0.09425843770592854, 0.16195884387653553, 0.15678096406018044, 0.043667057257983984, 0.15048495139658727, 0.12542102116594397, 0.11278013814437121, 0.13150724800096525, 0.046212155073256544, 0.039201802255665816, 0.11908467821583499, 0.05963319842610634, 0.05787571998787063, 0.11487522561059249, 0.018665193068965188, 0.034299636841743066, 0.15944067329581268, 0.10572935431342993, 0.1225566292734313, 0.1572985733369287, 0.027025342880721243, 0.029459035537666517, 0.03407856737089342, 0.11609834903293591, 0.039308557097087846, 0.12478620141506336, 0.055576126774547915, 0.03894919933867351, 0.12965763952390275, 0.0396219597924999, 0.07359785672859964, 0.12240258328774013, 0.050709713380322305, 0.13511168084006175, 0.06386242197145339, 0.07432473778731673, 0.10141007183208883, 0.057579870646234765, 0.07105864441465155]"
AMYTL79JMGQ6D,"[19.931201934814453, 19.931201934814453, 14.378971099853516, 14.409110069274902, 19.931201934814453, 0.10152369737625122, 19.931201934814453, 16.69036865234375, 0.0, 19.79953956604004, 11.961844444274902, 19.931201934814453, 19.105323791503906, 19.931201934814453, 19.931201934814453, 19.931201934814453, 19.85295295715332, 20.147790908813477, 19.931201934814453, 0.10152369737625122, 19.85295295715332, 9.502986907958984, 20.23590850830078, 0.0, 19.931201934814453, 0.10152369737625122, 0.10152369737625122, 14.409110069274902, 18.227705001831055, 0.02327578514814377, 14.409110069274902, 19.90106201171875, 18.227705001831055, 0.0, 14.378971099853516, 14.378971099853516, 19.79953956604004, 19.79953956604004, 19.931201934814453, 19.931201934814453, 0.06197381521016412, 0.10428377545906284, 0.12772597931424495, 0.0737866492055754, 0.08980459761044059, 0.04391812566909316, 0.033300118852979343, 0.15853084418120028, 0.09980773127957104, 0.16770312903321263, 0.07091831586066427, 0.11146155183933448, 0.1182208334876492, 0.13632225536461448, 0.057142461358397977, 0.04798905787108826, 0.14999816916508182, 0.07262976656171398, 0.045298510116882656, 0.17560417790483884, 0.13211583858484452, 0.1223294921785884, 0.09376552877663698, 0.14715865745191944, 0.09599301295126052, 0.10970240016804751, 0.04024729083235562, 0.1797210529152098, 0.11143625618313081, 0.13130864324366895, 0.07950379650770656, 0.03607762312732255, 0.1540659675036929, 0.041732401489838596, 0.17576243485844356, 0.09290721903868868, 0.08626395302017549, 0.13590285983635472, 0.07991676698057949, 0.031717248438839205]"
AN4M590RDRGH7,"[0.9862044453620911, 1.151159644126892, 0.1376689076423645, 0.3480393886566162, 0.9862044453620911, 0.5584098696708679, 7.503728866577148, 0.1376689076423645, 1.058906078338623, 0.42779457569122314, 0.5584098696708679, 7.833640098571777, 0.09225364774465561, 0.9862044453620911, 6.444823265075684, 0.9862044453620911, 8.299796104431152, 7.714099884033203, 0.9862044453620911, 0.5584098696708679, -0.07270156592130661, -0.2103704810142517, 1.6173158884048462, 0.0, 7.9244704246521, 0.5584098696708679, 0.5584098696708679, 1.361530065536499, 0.3480393886566162, 0.3480393886566162, 0.9862044453620911, 0.9862044453620911, 0.5584098696708679, 0.0, 1.6173158884048462, 1.4069454669952393, -0.6311113834381104, 0.0, 7.503728866577148, 1.1965749263763428, 0.04496856335416725, 0.08601313996912509, 0.07213853583525336, 0.16648593381311488, 0.18167343954852885, 0.12923355674707224, 0.034166434539362495, 0.17833939668468993, 0.047189579031269475, 0.16081996269253968, 0.1603019116689453, 0.03685033445341732, 0.06503949470744425, 0.12995038860710503, 0.12245176262911407, 0.13251833680114639, 0.17090260912095026, 0.17476328108522912, 0.1386587167954161, 0.04259061837078599, 0.12645409782719924, 0.0686520033087851, 0.07260601763660858, 0.04261566038420133, 0.032473479017113636, 0.15275346698124254, 0.07975947281579242, 0.08642343653928555, 0.07070280422184477, 0.1231406383045792, 0.1379320052186043, 0.15424928490081963, 0.07352488920767439, 0.06955736910858204, 0.08780811112677282, 0.13279576424788103, 0.0864272058955534, 0.17428557580267465, 0.03683832933780645, 0.034698194634252694]"
ANGNK1ON6FFV6,"[0.0, 0.0, 0.0, 0.0, 0.0, 0.0, 0.0, 0.0, 0.0, 0.0, 0.0, 0.0, 0.0, 0.0, 0.0, 0.0, 0.0, 0.0, 0.0, 0.0, 0.0, 0.0, 0.0, 0.0, 0.0, 0.0, 0.0, 0.0, 0.0, 0.0, 0.0, 0.0, 0.0, 0.0, 0.0, 0.0, 0.0, 0.0, 0.0, 0.0, 0.07602849108194422, 0.13249662368851498, 0.1043803969606272, 0.04327309136594291, 0.04388441933730819, 0.1593651128688651, 0.11166530041468614, 0.1068069925064072, 0.11165723352413517, 0.16837084736055927, 0.11666376232110608, 0.15669308531291626, 0.13907030859581837, 0.03688918427560036, 0.12001962454666927, 0.11576625984159156, 0.10670110916406302, 0.07247575583646032, 0.03477001982041267, 0.15440030730327076, 0.16568194984053045, 0.13787054176157781, 0.14439614403431442, 0.10506418490205818, 0.07293065991717838, 0.15640056444267295, 0.03549366384621391, 0.07457708872897707, 0.10199080779865773, 0.055081440473125326, 0.06915780356094851, 0.14104197999130633, 0.03638631493704359, 0.06704743522290987, 0.04826922074698107, 0.06884768509311742, 0.16758628775983872, 0.12390761022363032, 0.07605538841924464, 0.09137272744390557]"
ANM9LSZS7C67V,"[1.4052600860595703, -0.3227987289428711, 0.811151385307312, -0.6782073378562927, 0.20546960830688477, 0.4443665146827698, -0.6074726581573486, -0.9140909314155579, -1.326092004776001, -0.9352526068687439, 0.6767019629478455, -1.450932264328003, -1.1689610481262207, 1.073596477508545, -1.3536717891693115, -0.6074726581573486, -1.4547088146209717, 0.33950304985046387, -1.4931352138519287, -1.0206224918365479, 0.24898064136505127, -1.1791808605194092, -0.5285840630531311, 0.0, -0.3257635831832886, 0.0, 0.6767019629478455, 0.06901609897613525, 1.2459245920181274, -3.7776691913604736, 0.06094065308570862, -1.0185573101043701, 0.182439923286438, 0.0, -1.4074993133544922, 0.9476040601730347, -0.72761470079422, -1.0386712551116943, 0.6143574714660645, 1.5158278942108154, 0.13714668291570353, 0.10361568472852437, 0.13640846281458022, 0.05623234457080705, 0.1319560072656024, 0.14773102213297015, 0.15938521137358963, 0.14661262319809548, 0.0755857312703183, 0.128843074020517, 0.13169213993722015, 0.03040742938133329, 0.14697534813419, 0.12982380920378292, 0.11183232425730569, 0.12690484890104656, 0.0710742258676764, 0.0449494932534196, 0.0754707693617332, 0.14709216334580255, 0.09968983024794777, 0.15060486725548386, 0.05593049702020616, 0.013774520147889645, 0.1462342489473153, 0.11627504011970967, 0.14367797898424084, 0.0181696027858658, 0.1125774095460304, 0.05514044126143316, 0.03765981076872123, 0.10646444496397577, 0.13634190536753954, 0.07836915330880186, 0.15831063467551384, 0.08341225182172858, 0.10998500619558636, 0.09394665377384112, 0.14067639072705912, 0.018092657281581992]"
ANNRN691N2WR,"[0.05428723990917206, 0.007659859489649534, 0.015319718979299068, 0.007659859489649534, 0.046627383679151535, 0.0, 0.06194709986448288, 0.015319718979299068, 0.0, 0.05428723990917206, 0.0, 0.007659859489649534, 0.007659859489649534, 0.06194709986448288, 0.10091462731361389, 0.015319718979299068, 0.038967523723840714, 0.07793504744768143, 0.007659859489649534, 0.038967523723840714, 0.046627383679151535, 0.046627383679151535, 0.0, 0.0, 0.06194709986448288, 0.0, 0.0, 0.046627383679151535, 0.0, 0.015319718979299068, 0.09325476735830307, 0.05428723990917206, 0.0, 0.0, 0.007659859489649534, 0.015319718979299068, 0.015319718979299068, 0.0, 0.05428723990917206, 0.015319718979299068, 0.028081299079123247, 0.11593622482030483, 0.070167563049282, 0.11567804835226844, 0.128408573796591, 0.10898155188857334, 0.03562642278489291, 0.12992710890637177, 0.0961199159837153, 0.012865999367105974, 0.031528949302357404, 0.1289588207439188, 0.1164402384557639, 0.09491268245871264, 0.10992766551760322, 0.13535973565194787, 0.012809256583169271, 0.1446297713362881, 0.097949884095421, 0.1132373142290022, 0.032598439879779395, 0.1407725696454862, 0.012655337573245894, 0.136783469095101, 0.03255010814084054, 0.10575504942752349, 0.15384711795294168, 0.11677138815191042, 0.11707777037180925, 0.033324417406471345, 0.14540123774126912, 0.042732626019113804, 0.11033785382364603, 0.01713442314860412, 0.07787095213386395, 0.09955244550366857, 0.11063386486098876, 0.026639414696863827, 0.0382775402505784, 0.033587662527000864]"
ANUDL8U5MQSPX,"[0.7554025650024414, 0.7554025650024414, 0.7554025650024414, 1.5108051300048828, 1.5108051300048828, 0.0, 0.7554025650024414, 0.7554025650024414, 0.0, 0.0, 0.0, 0.7554025650024414, 0.7554025650024414, 1.5108051300048828, 1.5108051300048828, 0.0, 0.0, 1.5108051300048828, 1.5108051300048828, 0.0, 0.7554025650024414, 0.0, 1.5108051300048828, 0.0, 0.7554025650024414, 0.0, 0.0, 0.0, 0.7554025650024414, 0.0, 0.0, 0.7554025650024414, 0.0, 0.0, 0.7554025650024414, 0.0, 0.7554025650024414, 0.0, 1.5108051300048828, 0.7554025650024414, 0.09869661815870694, 0.09683017839068042, 0.13823828200484797, 0.057429703479969965, 0.06281783796417356, 0.16281946595307037, 0.031580493265275955, 0.06022649140025989, 0.10444614652742155, 0.13438460898965193, 0.1262922927598316, 0.021120765673525034, 0.07510839896830605, 0.03167970040208434, 0.08414503119145116, 0.12905905158663192, 0.13405693286031733, 0.164147041024667, 0.13711706984016125, 0.11963727671404323, 0.019681278933580123, 0.055219675371336416, 0.11135552615223229, 0.13060596609955913, 0.047631256333676826, 0.08715267893992289, 0.05179137140285183, 0.0583776562950431, 0.10692640459744471, 0.028365221407226728, 0.15294844116416845, 0.059728015154438575, 0.10113883325830422, 0.03942667011460063, 0.1441492879549823, 0.13364119716484313, 0.1630660335699463, 0.024823366226204426, 0.1083578142625744, 0.036493721989036734]"
ANVIM4HO9ALJ6,"[9.533872604370117, 13.669696807861328, 9.533872604370117, 10.796097755432129, 10.796097755432129, 0.0, 13.669696807861328, 0.0, 0.0, 9.533872604370117, 0.0, 9.533872604370117, 10.796097755432129, 9.533872604370117, 9.533872604370117, 10.796097755432129, 4.135824203491211, 9.533872604370117, 13.669696807861328, 0.0, 10.796097755432129, 4.135824203491211, 5.3980488777160645, 4.135824203491211, 5.3980488777160645, 0.0, 0.0, 5.3980488777160645, 0.0, 0.0, 5.3980488777160645, 9.533872604370117, 0.0, 0.0, 0.0, 4.135824203491211, 10.796097755432129, 4.135824203491211, 10.796097755432129, 9.533872604370117, 0.15040561736963995, 0.05612643639484617, 0.10337067125144614, 0.061445016844192756, 0.08368234423388086, 0.10187104721431849, 0.16381842165921834, 0.08652732717994442, 0.1456960397302767, 0.1751912900797655, 0.16280519710734223, 0.12941403037821209, 0.08940879291771635, 0.07548320475359685, 0.07356404737627889, 0.05484652625044063, 0.08274994464564873, 0.04005806923325004, 0.08082898766556236, 0.10425254481782673, 0.1633321191787805, 0.1591362403415196, 0.11010847085293254, 0.13286795171008653, 0.059042636566858125, 0.09337494542985322, 0.17084555155358067, 0.04072461548969706, 0.12325219016553123, 0.05996417367745475, 0.1444802330878266, 0.1069109626966518, 0.06159224413669247, 0.06272939612224766, 0.11713204923963186, 0.09514463738866702, 0.1648511966016202, 0.09746106845103526, 0.07725288398410067, 0.04556696987572761]"
AOEUN9718KVRD,"[7.640841484069824, 7.207420349121094, 5.930567264556885, 6.0153350830078125, 6.026680946350098, 3.4179933071136475, 6.80985689163208, 4.803053855895996, 4.2052130699157715, 4.34904146194458, 3.407158613204956, 4.530009746551514, 6.435474872589111, 7.952839374542236, 4.230459213256836, 6.706366539001465, 6.449406147003174, 4.738090991973877, 7.74636173248291, 2.672445297241211, 6.889974594116211, 3.2697808742523193, 7.343116760253906, 0.0, 6.799195289611816, 2.456793785095215, 3.0004560947418213, 6.31408166885376, 4.479409694671631, 4.228328704833984, 9.272026062011719, 6.853318214416504, 3.3734540939331055, 0.029519500210881233, 7.204160690307617, 5.355423927307129, 1.559980034828186, 0.5663073062896729, 6.913079261779785, 7.451357364654541, 0.036670637942861656, 0.1089758357591834, 0.1286168923676772, 0.044483129109720444, 0.09976934263315279, 0.13988278731491074, 0.010342976968528329, 0.09865178192828697, 0.12181997704443297, 0.14560445011198844, 0.09311870595753163, 0.1342886399454003, 0.064086450390353, 0.03185750472680547, 0.035652649073142126, 0.15074413856984478, 0.10110071794279457, 0.08445968815668133, 0.05639790890338561, 0.09134758335109673, 0.052550461175554876, 0.11281264194645627, 0.12190162987436962, 0.053199424445471266, 0.10632276400858169, 0.10080167498285446, 0.04064645680831238, 0.11343691342948779, 0.11258251948175718, 0.11376484452859682, 0.0427816595885964, 0.04245122897701312, 0.1095944935184278, 0.06067878823712692, 0.0898314273283812, 0.11790245739644216, 0.11586457497009203, 0.1540054024453296, 0.08794272911111978, 0.027810862515153564]"
AOG134B92MGKO,"[2.7744669914245605, 2.7744669914245605, 1.6757386922836304, 1.6757386922836304, 2.7744669914245605, 1.0987281799316406, 2.7744669914245605, 0.5770106911659241, 1.0987281799316406, 1.6757386922836304, 2.7744669914245605, 2.7744669914245605, 1.6757386922836304, 1.6757386922836304, 1.6757386922836304, 2.7744669914245605, 2.7744669914245605, 1.6757386922836304, 1.6757386922836304, 1.0987281799316406, 1.6757386922836304, 2.7744669914245605, 1.6757386922836304, 0.0, 2.7744669914245605, 0.0, 1.6757386922836304, 1.6757386922836304, 1.6757386922836304, 0.5770106911659241, 1.6757386922836304, 2.7744669914245605, 0.0, 0.0, 1.6757386922836304, 1.6757386922836304, 1.6757386922836304, 1.6757386922836304, 2.7744669914245605, 1.6757386922836304, 0.01820489492728332, 0.1532041449495408, 0.01802744633168456, 0.05320748047243475, 0.04016885848225504, 0.12863406627984741, 0.06331924955713, 0.04708400462803382, 0.06719488915738267, 0.07071529124914283, 0.13688666573268077, 0.05892208588908638, 0.15412107517230003, 0.09719788262918268, 0.13421712840119548, 0.09631288922661216, 0.14757912787378366, 0.10931635519981858, 0.03591221640197875, 0.12789005292382605, 0.058824424994862165, 0.11556829497865231, 0.0743516159887157, 0.1430712602283046, 0.03402040614231999, 0.11417389852896001, 0.1145527233345735, 0.15167353827599966, 0.15795145796151697, 0.11778070618666728, 0.024169255671324573, 0.06671615010704135, 0.14878524478898006, 0.02717229295133284, 0.14887413555352022, 0.14417766903707044, 0.10077100777563151, 0.09743515463680195, 0.14632809370836664, 0.14410094610163224]"
AOMVFFY4OPSPQ,"[0.7297618985176086, 0.7297618985176086, 0.0, 0.7297618985176086, 0.7297618985176086, 0.0, 0.7297618985176086, 0.0, 0.7297618985176086, 0.7297618985176086, 0.0, 0.7297618985176086, 0.7297618985176086, 0.7297618985176086, 0.7297618985176086, 0.7297618985176086, 0.7297618985176086, 0.7297618985176086, 0.7297618985176086, 0.7297618985176086, 0.7297618985176086, 0.7297618985176086, 0.7297618985176086, 0.0, 0.7297618985176086, 0.0, 0.0, 0.7297618985176086, 0.0, 0.7297618985176086, 0.0, 0.7297618985176086, 0.0, 0.0, 0.7297618985176086, 0.0, 0.7297618985176086, 0.7297618985176086, 0.7297618985176086, 0.7297618985176086, 0.10832794798879296, 0.1396356449467837, 0.15019105583107542, 0.061126169037387705, 0.14452330363111277, 0.1342743842850282, 0.13769626622616088, 0.16200498715114017, 0.03910781303430632, 0.09386012672952455, 0.05876805562414868, 0.04835740495517413, 0.05702727940348367, 0.06322816889688139, 0.17146345444904573, 0.13446102058665588, 0.07846616841547857, 0.04884774427115683, 0.1130941356509125, 0.05758522126100529, 0.1384563169825076, 0.06782956895223331, 0.08852806520233308, 0.056247208379657514, 0.11433199405735603, 0.08304068766914635, 0.10699937554472111, 0.13051025825235926, 0.035025387636263984, 0.10053609740391532, 0.09784811616312097, 0.1370268688955264, 0.13563466728020357, 0.09222789009556011, 0.17119764615975824, 0.057859601501213775, 0.1261374039855635, 0.09114050284095057, 0.06404706746175708, 0.12931329158661553]"
AOTMP0OKJOUWI,"[14.184270858764648, 14.184270858764648, 12.713040351867676, 12.599491119384766, 14.184270858764648, 0.5236677527427673, 14.297820091247559, 6.097548961639404, 2.0193190574645996, 11.061866760253906, 1.389501929283142, 8.219799041748047, 11.023908615112305, 14.306593894958496, 12.447876930236816, 14.297820091247559, 13.254169464111328, 12.447876930236816, 13.26442813873291, 1.5898046493530273, 12.466909408569336, 5.750181674957275, 13.39700984954834, 0.98283451795578, 13.37797737121582, 0.6022413969039917, 1.7927932739257812, 12.599491119384766, 12.447876930236816, 7.7355499267578125, 9.830780029296875, 12.189620018005371, 1.7927932739257812, 0.0, 12.580458641052246, 8.293410301208496, 12.857584953308105, 3.794527292251587, 14.184270858764648, 14.306593894958496, 0.03126110636958469, 0.04503655582472864, 0.14473352408584111, 0.1453825570549161, 0.08928023812931694, 0.07816856992198892, 0.08323075521819517, 0.10945729265454061, 0.04344938262979893, 0.02310507078403686, 0.021266366435191707, 0.06914066597029189, 0.012503749747468531, 0.034633653565078505, 0.0378046161472226, 0.14850775719869677, 0.12894735224067752, 0.040427497836212016, 0.1381341582593675, 0.0698914927892732, 0.10924331054760489, 0.1425945790975568, 0.11517402948883973, 0.03728624419587597, 0.10614253913085503, 0.04000691563121838, 0.10287716468000278, 0.0757699589520119, 0.14247797283206454, 0.0705673016244354, 0.06771975398782767, 0.15653627061068845, 0.1270166751777403, 0.03719077356841847, 0.06558935169044565, 0.07597863280552924, 0.02423048075554927, 0.03062030530102174, 0.1428168844923357, 0.13822586639451148]"
AOZV8VU33NLG8,"[0.08016064763069153, 0.08016064763069153, 0.0, 0.08016064763069153, 0.08016064763069153, 0.0, 0.08016064763069153, 0.08016064763069153, 0.16032129526138306, 0.08016064763069153, 0.08016064763069153, 0.08016064763069153, 0.08016064763069153, 0.08016064763069153, 0.08016064763069153, 0.08016064763069153, 0.16032129526138306, 0.08016064763069153, 0.08016064763069153, 0.0, 0.08016064763069153, 0.16032129526138306, 0.16032129526138306, 0.0, 0.08016064763069153, 0.0, 0.0, 0.0, 0.08016064763069153, 0.0, 0.0, 0.08016064763069153, 0.0, 0.08016064763069153, 0.0, 0.08016064763069153, 0.08016064763069153, 0.0, 0.08016064763069153, 0.08016064763069153, 0.1227245730788247, 0.03769845497654516, 0.1286197075289731, 0.13582109105535894, 0.08663693160862979, 0.15698181416447635, 0.1564547593878904, 0.019369335504745414, 0.14314208442455537, 0.08744604445902479, 0.05318722318914408, 0.09258930968016178, 0.029447774968795134, 0.1499405982281154, 0.038799094118798665, 0.11775980983331441, 0.08049345091250415, 0.06925453389795724, 0.08536926402763748, 0.03712264441565925, 0.030202151132806946, 0.04479312584383748, 0.014448095725946611, 0.06376046429395783, 0.04779779761964417, 0.09351383410038339, 0.015519792961734252, 0.05664559376138328, 0.11159264101020651, 0.1055672905490891, 0.024831214056715394, 0.09832320431665438, 0.01774289438044653, 0.10259650734810888, 0.04852676700351983, 0.05745417769564151, 0.11999641210620678, 0.0649225971232278, 0.04208072672658311, 0.09992541776311895]"
APN3J5IUV91MV,"[0.6868481040000916, 0.0, 0.6868481040000916, 0.0, 0.0, 0.0, 0.6868481040000916, 0.0, 0.0, 0.6868481040000916, 0.0, 0.0, 0.0, 0.0, 0.0, 0.6868481040000916, 0.0, 0.0, 0.0, 0.0, 0.0, 0.0, 0.0, 0.0, 0.0, 0.0, 0.0, 0.0, 0.6868481040000916, 0.0, 0.0, 0.0, 0.0, 0.0, 0.0, 0.0, 0.0, 0.0, 0.6868481040000916, 0.0, 0.11843396304024341, 0.10072105354538202, 0.057495897529341776, 0.12792824761603086, 0.08527240176702999, 0.16958131087940967, 0.162286584529294, 0.11139873032172527, 0.12078486753770196, 0.08185723916094287, 0.09261665713735329, 0.1374066914477571, 0.12331771995130704, 0.08722208629240776, 0.07957055497073512, 0.11268046578177673, 0.05581912903312818, 0.07931927715990703, 0.15184513006744685, 0.11527604589261181, 0.10419812347117531, 0.08300876960687789, 0.046819454413326016, 0.0660200326476162, 0.07027546601636815, 0.179333533502992, 0.04653412657582071, 0.0436853572207395, 0.12251621209642782, 0.038680616178753395, 0.050948318780957055, 0.09701952975579374, 0.16784071247179516, 0.03920264927370089, 0.09381144295271727, 0.10549063885866933, 0.1381483059808254, 0.03146305399395508, 0.06967291023250013, 0.03396107554436325]"
APQ1FY4E25XEP,"[14.849655151367188, 14.849655151367188, 14.849655151367188, 14.849655151367188, 14.849655151367188, 8.848093032836914, 14.849655151367188, 13.240175247192383, 5.4648213386535645, 4.771639347076416, 8.065998077392578, 8.311722755432129, 13.776544570922852, 13.083362579345703, 13.776544570922852, 14.849655151367188, 14.849655151367188, 8.848093032836914, 14.849655151367188, 8.311722755432129, 14.849655151367188, 5.4648213386535645, 14.849655151367188, 0.0, 13.776544570922852, 8.311722755432129, 8.311722755432129, 14.849655151367188, 13.530818939208984, 14.849655151367188, 14.849655151367188, 14.849655151367188, 8.311722755432129, 0.0, 13.530818939208984, 13.776544570922852, 0.0, 0.0, 14.849655151367188, 13.530818939208984, 0.12012006639440735, 0.1682275399785453, 0.024165793058754822, 0.085569848136585, 0.0558611764744651, 0.15554521484748704, 0.07597524856757429, 0.11754996473540912, 0.033145604147498536, 0.03754617099035124, 0.11834207281671985, 0.11349507514517154, 0.11675525041097752, 0.02980567187115191, 0.13496659087696813, 0.08715506470688354, 0.04054254030337586, 0.09377312101919807, 0.0428683719282601, 0.08192615396089027, 0.07328062119750677, 0.06155943723795059, 0.07399741042011518, 0.12641813657335174, 0.13425473966337817, 0.054032541044023503, 0.13627365136407657, 0.02414325841735031, 0.15293355092265498, 0.09606855924942606, 0.02088644428399021, 0.15141178494285826, 0.04927669643907517, 0.13939095913489694, 0.14487120161848774, 0.05008877224049382, 0.06317541271623087, 0.13782588906636117, 0.10362183752390697, 0.12177414674421029]"
APRCXHKSYVYZX,"[4.046418190002441, 8.092836380004883, 4.046418190002441, 0.0, 8.092836380004883, 0.0, 8.092836380004883, 4.046418190002441, 0.0, 4.046418190002441, 4.046418190002441, 4.046418190002441, 0.0, 8.092836380004883, 0.0, 8.092836380004883, 4.046418190002441, 0.0, 4.046418190002441, 0.0, 4.046418190002441, 0.0, 0.0, 0.0, 0.0, 0.0, 0.0, 4.046418190002441, 0.0, 0.0, 0.0, 4.046418190002441, 0.0, 0.0, 0.0, 0.0, 4.046418190002441, 0.0, 8.092836380004883, 4.046418190002441, 0.16557232705858552, 0.159547661067106, 0.024631110345946474, 0.16957770991488472, 0.1703303872870501, 0.03755734756142541, 0.04680956865491212, 0.10689603047893244, 0.11818828126228516, 0.028253531287982765, 0.16689011642632684, 0.17660706615512922, 0.15638623106263783, 0.11087630704788817, 0.1423023096339698, 0.13708083388069708, 0.11150401178761792, 0.02928527205543276, 0.12373322793630057, 0.09268513381821968, 0.04866881039231501, 0.09449392123176, 0.13916296379238302, 0.10395301795239557, 0.09943374495549787, 0.052210673502095246, 0.13578615763028645, 0.09888570546118526, 0.08190738900466707, 0.08524506881180409, 0.039637129512082245, 0.034797303131266936, 0.1635713476914257, 0.08931208967766366, 0.1026402342886508, 0.029711521217160333, 0.15351943049155808, 0.14321915504546226, 0.0938191859160077, 0.130033030769836]"
APTBOPU0IZZ0Y,"[0.0, 0.0, 0.0, 0.0, 0.1608961820602417, 0.0, 0.1608961820602417, 0.0, 0.0, 0.1608961820602417, 0.0, 0.4826885461807251, 0.3217923641204834, 0.0, 0.0, 0.1608961820602417, 0.0, 0.0, 0.1608961820602417, 0.0, 0.0, 0.3217923641204834, 0.1608961820602417, 0.0, 0.0, 0.0, 0.0, 0.0, 0.1608961820602417, 0.0, 0.1608961820602417, 0.0, 0.0, 0.0, 0.0, 0.1608961820602417, 0.0, 0.0, 0.0, 0.1608961820602417, 0.10314229839760025, 0.07302208321606814, 0.06661923353252654, 0.07884339704789597, 0.038756789922495344, 0.11645252481623403, 0.13144057607405313, 0.04291890761153699, 0.11822075800490187, 0.12140742377700887, 0.10961751592576201, 0.04336803529417858, 0.07318329109463612, 0.059361127182919686, 0.1104967868431591, 0.09542343308523908, 0.07398445651548935, 0.09111548894737968, 0.16616381607519018, 0.06604868992312114, 0.12702207581568317, 0.15822204988400904, 0.0435947042426168, 0.02853181313394347, 0.02338476858810173, 0.08394224616551804, 0.0829035075494905, 0.10105090807224436, 0.16185230715323098, 0.15276818936444875, 0.1649055162410635, 0.1344007245982754, 0.11270041925424584, 0.03851689265763417, 0.08776956206574472, 0.15142144338648003, 0.05247467630918593, 0.07896248348415293, 0.15938174721436643, 0.1558223246821854]"
APV301O2BXWU2,"[10.890371322631836, 10.890371322631836, 3.3086607456207275, 0.0, 10.890371322631836, 0.0, 10.890371322631836, 3.3086607456207275, 0.0, 6.617321491241455, 7.581710338592529, 10.890371322631836, 3.3086607456207275, 6.617321491241455, 6.617321491241455, 10.890371322631836, 10.890371322631836, 3.3086607456207275, 6.617321491241455, 0.0, 6.617321491241455, 7.581710338592529, 6.617321491241455, 3.3086607456207275, 10.890371322631836, 0.0, 0.0, 3.3086607456207275, 3.3086607456207275, 0.0, 0.0, 10.890371322631836, 3.3086607456207275, 0.0, 0.0, 3.3086607456207275, 3.3086607456207275, 6.617321491241455, 10.890371322631836, 6.617321491241455, 0.0813788164539484, 0.11150547211426483, 0.07895359788682683, 0.146006640958525, 0.05162879300514202, 0.047947087537076084, 0.11569388956073405, 0.032622738162088466, 0.10070693026530071, 0.060696226876573896, 0.031528577770243024, 0.05338333814871595, 0.06903451350693851, 0.09503777969146127, 0.0727316941657866, 0.16079831087847937, 0.0990050605511815, 0.13792379520813516, 0.10572716556155311, 0.17142953105521597, 0.17297697158049397, 0.11550469378054337, 0.0469302281984896, 0.11547474724417851, 0.07535873604907796, 0.09347050472490542, 0.03981266368517306, 0.093810763398609, 0.08515843563139179, 0.16297367217485292, 0.09558080141246146, 0.10572894081543255, 0.05148274321885238, 0.11326779243777663, 0.04014904814624481, 0.07785434777554952, 0.09215683021610441, 0.06257712852289422, 0.0951330365393578, 0.11684326762174142]"
AQ6AGWKWMTY8H,"[21.307373046875, 13.08416748046875, 13.9366455078125, 6.1738152503967285, 16.9744930267334, 1.2979788780212402, 19.938512802124023, 7.725862979888916, 2.0254311561584473, 12.308673858642578, 0.955557107925415, 11.953102111816406, 9.574408531188965, 21.353546142578125, 13.736738204956055, 15.03049373626709, 16.726926803588867, 7.756006717681885, 19.274394989013672, 0.7820911407470703, 18.040668487548828, 9.312663078308105, 16.097064971923828, 3.4619243144989014, 14.445694923400879, 0.35753363370895386, 0.9435042142868042, 8.836152076721191, 7.634912014007568, 2.231029510498047, 10.65810775756836, 12.517702102661133, 0.5189467072486877, 0.0, 16.2613525390625, 6.138858795166016, 12.779988288879395, 8.658563613891602, 19.154279708862305, 18.253307342529297, 0.09776183950269987, 0.019646577782860497, 0.04232307098210967, 0.07302519874432109, 0.02535316856578838, 0.028627817475711498, 0.15685342208540784, 0.04531267938346291, 0.1519243974183809, 0.07060086994774588, 0.14285834124302887, 0.1101476501153294, 0.0794645392130217, 0.12102583353086725, 0.036975622039809246, 0.14173420553354904, 0.10845593155488241, 0.02814333107024975, 0.07261357937449196, 0.11044908287687187, 0.07428761209570268, 0.021316698818682235, 0.07793881854777614, 0.14542240963540906, 0.02226823607914451, 0.053948467725342356, 0.1064470537697153, 0.1105477242615497, 0.12500549762736093, 0.10567758706898407, 0.13583526034935345, 0.03154234829336776, 0.045347785317339254, 0.05440159637954796, 0.15665198406495875, 0.032925088921035205, 0.019188110521646925, 0.02417592977198634, 0.12297334210447936, 0.029401880406521]"
AQG3FO72CYLU3,"[-1.6265865564346313, -1.6265865564346313, -0.16829146444797516, 0.0, -1.4582949876785278, 0.0, -1.7948780059814453, -1.4582949876785278, 0.0, -1.4582949876785278, 0.0, -1.4582949876785278, -0.16829146444797516, 0.0, -1.4582949876785278, -1.7948780059814453, -1.4582949876785278, 0.0, -1.4582949876785278, 0.0, -1.4582949876785278, -1.4582949876785278, -1.4582949876785278, 0.0, -1.4582949876785278, 0.0, 0.0, -1.4582949876785278, 0.0, 0.0, 0.0, -1.6265865564346313, 0.0, 0.0, 0.0, 0.0, -1.4582949876785278, 0.0, -1.4582949876785278, -1.7948780059814453, 0.03713085960074559, 0.16067632983423558, 0.16106279914891444, 0.022338924100280034, 0.0640447151957923, 0.041019670971274055, 0.1432557248160862, 0.1432328563150771, 0.06101145102126186, 0.10286939793825206, 0.13873827392754018, 0.08987987822792635, 0.056028628533253626, 0.0668592891031476, 0.028295801009585793, 0.06637257210544278, 0.1597678474493534, 0.12954910724617752, 0.14002372050506515, 0.14629209385908024, 0.03706627452183708, 0.07855125507339018, 0.1212138370653389, 0.12219465413448595, 0.10726897020423805, 0.15393398005044062, 0.10295127620024039, 0.05858884519997764, 0.05957556230985952, 0.02293523447254399, 0.141650069610926, 0.10514031457715145, 0.1405977777973511, 0.14409745554749306, 0.09703373960101953, 0.1285817763894041, 0.09478237709188848, 0.16683803892294624, 0.16585321422159455, 0.08374373617596644]"
AQN8A38PJ8V41,"[0.0, 0.0, 0.0, 0.0, 0.0, 0.0, 0.0, 0.0, 0.0, 0.0, 0.0, 0.0, 0.0, 0.0, 0.0, 0.0, 0.0, 0.0, 0.0, 0.0, 0.0, 0.0, 0.0, 0.0, 0.0, 0.0, 0.0, 0.0, 0.0, 0.0, 0.0, 0.0, 0.0, 0.0, 0.0, 0.0, 0.0, 0.0, 0.0, 0.0, 0.1324512473527945, 0.044594317842930144, 0.05890399200075113, 0.11814962683445673, 0.08900703799837835, 0.14619650039532064, 0.1528139486758374, 0.04733147463563161, 0.02975438399440585, 0.08128030046128046, 0.10854342717531534, 0.12162687811257694, 0.10992820609418005, 0.0916700192279664, 0.16170279587395903, 0.15474344123748565, 0.09809989477353279, 0.1509971753342353, 0.030684940169152082, 0.1493808576919888, 0.05689220580910544, 0.03545292917512986, 0.16582407559244564, 0.15572034051055056, 0.12315327197538375, 0.15752757013324137, 0.08878310859469818, 0.15282993241023748, 0.119569645287037, 0.03737446768497165, 0.11706624187119383, 0.020953488605486244, 0.13323401513290306, 0.11672197481055793, 0.08875650311273867, 0.1593223576780559, 0.13542664950096533, 0.09124306132509319, 0.09351033834879469, 0.13364657137479566]"
AR6HDXGSGHVKK,"[1.8837201595306396, 0.7698449492454529, 1.3363977670669556, 0.7698449492454529, 0.7698449492454529, 0.0, 2.8990678787231445, 2.450273036956787, 0.7698449492454529, 4.012942790985107, 0.0, 0.7698449492454529, 0.7698449492454529, 2.1062426567077637, 3.2201178073883057, 2.1062426567077637, 0.7698449492454529, 0.7698449492454529, 0.7698449492454529, 1.8837201595306396, 1.5626699924468994, 2.6765451431274414, 0.7698449492454529, 0.0, 2.1062426567077637, 0.0, 0.0, 0.7698449492454529, 0.0, 2.1062426567077637, 0.0, 2.8990678787231445, 0.0, 0.0, 2.1062426567077637, 0.0, 2.1062426567077637, 0.7698449492454529, 3.2201178073883057, 2.1062426567077637, 0.07956737628129715, 0.1679856443542797, 0.14335223203021838, 0.025302319141962352, 0.03818241083336826, 0.12718997611906627, 0.049602468736418284, 0.10568276498980832, 0.05579749178127052, 0.11017155737708206, 0.15598437381136343, 0.09048310909717518, 0.055781959282158323, 0.05760802538135337, 0.1401364923151343, 0.03952881220583563, 0.15006487184341316, 0.056095838171793484, 0.15683097687779446, 0.16381472882822354, 0.16545875241717387, 0.03226537476130276, 0.06214902495807466, 0.1377400415128646, 0.05047758732683949, 0.028869691509163912, 0.13477863998277256, 0.04500831430164239, 0.11140481793320503, 0.07982205676203682, 0.031982977224716116, 0.05112668216285523, 0.10995372077926494, 0.06632318462950273, 0.11355733268574125, 0.09002553271006536, 0.055321929272684006, 0.09121148723468561, 0.17096928274047402, 0.1236251118142031]"
AR7EOI1I0D7Q7,"[6.617269039154053, 6.617269039154053, 3.3086345195770264, 0.0, 6.617269039154053, 0.0, 6.617269039154053, 0.0, 3.3086345195770264, 6.617269039154053, 0.0, 6.617269039154053, 3.3086345195770264, 6.617269039154053, 3.3086345195770264, 6.617269039154053, 6.617269039154053, 3.3086345195770264, 6.617269039154053, 0.0, 3.3086345195770264, 3.3086345195770264, 6.617269039154053, 3.3086345195770264, 6.617269039154053, 0.0, 0.0, 6.617269039154053, 0.0, 0.0, 3.3086345195770264, 6.617269039154053, 0.0, 0.0, 3.3086345195770264, 6.617269039154053, 3.3086345195770264, 3.3086345195770264, 6.617269039154053, 6.617269039154053, 0.1699997784158117, 0.08476415945835698, 0.10154831321233265, 0.13401222199278195, 0.06378791360301884, 0.07216558131824818, 0.04821016508921068, 0.07726999039745007, 0.04615261674710247, 0.13930746641769287, 0.13242939867329936, 0.10690991449584553, 0.1617163928102218, 0.03642948174557653, 0.1425096443169582, 0.12459514552877933, 0.11416605267875657, 0.05435699626970037, 0.02725334688170816, 0.04550992850765181, 0.1307135278909085, 0.13347782804807218, 0.11397048413630008, 0.1400982886477351, 0.1248410283996118, 0.10676713203877873, 0.13796080335724634, 0.11197755487684184, 0.03321039822540053, 0.11014586418198692, 0.044094634889246954, 0.13627135590185674, 0.16295680801759166, 0.12867076548076622, 0.06182983854033087, 0.0985423152714371, 0.09486985851214216, 0.1623118790791727, 0.16551708641141075, 0.09858205586048198]"
ARARUVZ8RUF5T,"[5.104663372039795, 4.208654403686523, 4.246739864349365, 4.9825758934021, 4.819004058837891, 1.0878733396530151, 5.069535732269287, 3.65136981010437, 4.599608898162842, 4.599608898162842, 2.2418630123138428, 2.5243380069732666, 4.617934226989746, 5.069535732269287, 4.599608898162842, 4.686568737030029, 4.686568737030029, 2.4923112392425537, 5.365542411804199, 1.739956021308899, 4.599608898162842, 4.138057231903076, 5.104663372039795, 0.0, 4.2812418937683105, 0.6541488170623779, 1.3901751041412354, 4.587728500366211, 4.601298809051514, 4.216642379760742, 4.9825758934021, 4.260582447052002, 0.8080140948295593, 0.0, 4.686568737030029, 4.190385818481445, 1.0040050745010376, 1.0667606592178345, 4.686568737030029, 4.93662691116333, 0.05099826015953695, 0.0694927510180167, 0.10806980965855148, 0.008297063300348554, 0.13316640869511281, 0.11835236921000847, 0.047814966194392815, 0.12818731187131305, 0.1526286355849204, 0.05081598078687687, 0.12394897383827956, 0.043010723438087047, 0.07392603308057544, 0.03779738913734097, 0.059624137234064546, 0.05534542860386255, 0.013754092893985497, 0.054121970962944285, 0.021909023478423873, 0.1329133009459658, 0.034716267483536595, 0.06715957092860042, 0.034097093132530315, 0.05244044518083626, 0.08118661837151296, 0.14351092536560978, 0.04424019008738076, 0.07772721927025578, 0.05211520902929119, 0.03750386569288363, 0.11627062108182504, 0.11642927430156753, 0.0131791176308215, 0.04193810697081496, 0.06839124672640708, 0.1074607921605388, 0.050964419197338906, 0.06727498496980464, 0.06270485064778526, 0.060631428945760645]"
ARFFWJFJWCAGE,"[0.0, 0.0, 0.0, 0.0, 0.0, 0.0, 0.0, 0.0, 0.0, 0.0, 0.0, 0.0, 0.0, 0.0, 0.0, 0.0, 0.0, 0.0, 0.0, 0.0, 0.0, 0.0, 0.0, 0.0, 0.0, 0.0, 0.0, 0.0, 0.0, 0.0, 0.0, 0.0, 0.0, 0.0, 0.0, 0.0, 0.0, 0.0, 0.0, 0.0, 0.10486154303915579, 0.10955513584468128, 0.08263843136451034, 0.13792343169827262, 0.17976540703968646, 0.1208741601209169, 0.17781683350672653, 0.141955030876088, 0.04859864428411294, 0.1366233324187924, 0.11704095611735882, 0.046877499445458874, 0.14713601981568816, 0.09729865290587124, 0.036392709361254695, 0.049781308118698325, 0.061218981726799494, 0.037510329630714226, 0.05060696093645415, 0.17795532517578408, 0.04777048301853481, 0.0778869866777146, 0.14472858343936845, 0.10817845610739062, 0.11356525583097699, 0.12216279577341689, 0.16677474531337202, 0.06304006871342215, 0.03698599279398962, 0.17411421009946748, 0.04170082759893549, 0.13977537877529064, 0.08084112514263814, 0.1024680469634723, 0.09687669283787338, 0.09507888802841749, 0.12825023193739768, 0.18277071815260382, 0.14997217845736802, 0.13275434505548087]"
ARI1N006KSXX,"[2.7679476737976074, 2.7679476737976074, 5.031933784484863, 0.263470858335495, 2.7679476737976074, 0.022979918867349625, 5.51291561126709, 2.7449679374694824, 0.24049097299575806, 5.272424697875977, 0.24049097299575806, 2.527456760406494, 3.0084385871887207, 5.272424697875977, 5.51291561126709, 5.272424697875977, 2.7679476737976074, 0.263470858335495, 2.7679476737976074, 0.0, 2.7679476737976074, 2.7449679374694824, 2.7679476737976074, 2.504477024078369, 5.272424697875977, 0.0, 0.0, 2.527456760406494, 0.263470858335495, 2.527456760406494, 0.022979918867349625, 5.272424697875977, 0.0, 0.24049097299575806, 2.504477024078369, 2.7449679374694824, 5.249444484710693, 2.527456760406494, 5.51291561126709, 5.272424697875977, 0.14668551961223808, 0.060464100133583984, 0.08715220459614233, 0.11874685385220815, 0.10650654477310835, 0.10989065215256597, 0.1451989400146274, 0.16829848659756394, 0.14428639521174078, 0.14193671189046292, 0.11320577814199516, 0.03859968788937194, 0.1222431440248571, 0.1488116580033361, 0.12863441397327213, 0.042873281076425615, 0.0535055993058743, 0.11428204481354688, 0.033751507530614316, 0.09910401716349675, 0.1693522016808997, 0.07848120806263176, 0.032877447016664854, 0.0402778928962817, 0.04293446172968382, 0.03148212343316743, 0.08006292533419834, 0.025687377563098232, 0.0337837821036462, 0.07450727542146038, 0.14932617360728961, 0.08191766316214252, 0.04736550100899037, 0.12530530442327506, 0.1100356893408552, 0.035701668705943275, 0.16117066440814232, 0.0922429254544313, 0.11468674352249449, 0.06826933000107299]"
AROYPRQ35VSAT,"[0.0, 0.0, 0.0, 0.0, 0.0, 0.0, 0.0, 0.0, 0.0, 0.0, 0.0, 0.0, 0.0, 0.0, 0.0, 0.0, 0.0, 0.0, 0.0, 0.0, 0.0, 0.0, 0.0, 0.0, 0.0, 0.0, 0.0, 0.0, 0.0, 0.0, 0.0, 0.0, 0.0, 0.0, 0.0, 0.0, 0.0, 0.0, 0.0, 0.0, 0.17447749696927012, 0.09650962666177935, 0.1490296998439983, 0.07701910158540173, 0.091232698496864, 0.03711819315495792, 0.060634858987024885, 0.09467441131609401, 0.148014168203585, 0.0760177297558821, 0.07823209830156934, 0.06707147123240467, 0.08054178478900789, 0.07046970097587424, 0.05551126847336965, 0.04474295323050216, 0.1156760261379195, 0.16054612873202917, 0.14778141033338363, 0.12076363332892387, 0.05326840071654316, 0.11806003604350285, 0.04415001593881921, 0.13960885413132026, 0.11787578558034949, 0.049928416560121515, 0.16003279447682925, 0.13445381787925445, 0.04416840537697457, 0.11851182332002914, 0.09154703901442486, 0.0337633004441379, 0.04419653076182152, 0.17490834391127227, 0.16712793249601474, 0.10284772221154694, 0.12053999171626109, 0.041457637566028396, 0.08947420145995673, 0.14084822999588117]"
ARPSCXPD7FYZ4,"[16.000085830688477, 15.809019088745117, 12.314041137695312, 14.154690742492676, 15.714118957519531, 0.2919696867465973, 16.000085830688477, 10.906659126281738, 9.147953987121582, 13.827467918395996, 1.8196097612380981, 2.767519474029541, 14.347875595092773, 15.809019088745117, 10.262948036193848, 15.809019088745117, 13.690573692321777, 4.029886245727539, 15.809019088745117, 0.3648815155029297, 16.000085830688477, 13.690573692321777, 15.481796264648438, 1.6543291807174683, 16.000085830688477, 0.0, 1.8196097612380981, 14.154690742492676, 8.904921531677246, 13.458253860473633, 13.77947998046875, 16.000085830688477, -0.23232217133045197, 0.0, 14.345754623413086, 13.78980827331543, 3.975712537765503, 2.46354341506958, 15.809019088745117, 15.809019088745117, 0.12927610593663363, 0.154124949080405, 0.02699565253366709, 0.14807720569620794, 0.0547640683860151, 0.03426850934266852, 0.13399921208012353, 0.1551701241379857, 0.17056829563216552, 0.061971632651590225, 0.02115970998979082, 0.069051697003447, 0.02471194764865453, 0.15179948903396762, 0.13385414594242193, 0.05975869896317124, 0.06444681503207278, 0.13494631513765937, 0.14690875672843784, 0.12234218392138806, 0.055394426193198475, 0.17034913895582862, 0.14937202284643955, 0.09087056834731073, 0.045462935230239705, 0.092863313292956, 0.07892901740598714, 0.13682067630138614, 0.1524254477320689, 0.10949778599615037, 0.0589644746083521, 0.060033203494327, 0.05308153409515205, 0.11308591930056465, 0.16336160890646267, 0.08040728412023888, 0.033885240357335485, 0.15344613738565455, 0.03250551300793472, 0.0536037476568715]"
ARZQ7AEFUXNPN,"[1.837289810180664, 2.011869192123413, 2.4175543785095215, 0.7632585167884827, 4.071850299835205, 0.3575732409954071, 3.4915857315063477, 2.011869192123413, 0.0, 1.6542959213256836, 0.3575732409954071, 2.4175543785095215, 2.4175543785095215, 2.4175543785095215, 2.5537478923797607, 2.4175543785095215, 3.6661651134490967, 0.7632585167884827, 2.4175543785095215, 0.3575732409954071, 2.4175543785095215, 1.6542959213256836, 2.4175543785095215, 1.6542959213256836, 3.6661651134490967, 0.3575732409954071, 0.7632585167884827, 2.4175543785095215, 2.4175543785095215, 0.7632585167884827, 0.7632585167884827, 4.071850299835205, 0.7632585167884827, 0.0, 0.7632585167884827, 2.011869192123413, 1.6542959213256836, 1.6542959213256836, 4.071850299835205, 2.4175543785095215, 0.15920528699181358, 0.13071071222798689, 0.02587118517106067, 0.1432155859596913, 0.06627295951123444, 0.03543072916153242, 0.1523090036992149, 0.160933591037393, 0.07057798395628698, 0.017447429524763577, 0.06947638594435512, 0.04532132876359907, 0.13428173791607959, 0.15923232296951437, 0.052629003048208, 0.12901027362695014, 0.07809550060537662, 0.06154546569270692, 0.11035650991763526, 0.08063261140761081, 0.018505191286331782, 0.027729420403855527, 0.08873495028876309, 0.026520515979683103, 0.15244575474290661, 0.09960857507849034, 0.03943391458057691, 0.029727907227192575, 0.08861349007253119, 0.15857393829409341, 0.07263686672959979, 0.07292057146849519, 0.08223739409539477, 0.13834831485731527, 0.1341306702468943, 0.052727966495333164, 0.05651146610599831, 0.10360675687612489, 0.10954366806429444, 0.1510179173701323]"
ASFHTW5SP4QQR,"[9.183838844299316, 16.049768447875977, 4.135818004608154, 5.048020362854004, 9.183838844299316, 0.0, 16.049768447875977, 0.0, 5.048020362854004, 9.183838844299316, 0.0, 16.049768447875977, 9.183838844299316, 9.183838844299316, 9.183838844299316, 9.183838844299316, 10.096040725708008, 5.048020362854004, 9.183838844299316, 5.048020362854004, 9.183838844299316, 9.183838844299316, 9.183838844299316, 4.135818004608154, 16.049768447875977, 0.0, 0.0, 16.049768447875977, 0.0, 5.048020362854004, 6.86592960357666, 9.183838844299316, 0.0, 0.0, 5.048020362854004, 4.135818004608154, 9.183838844299316, 9.183838844299316, 16.049768447875977, 9.183838844299316, 0.08225922782030132, 0.09600920022358535, 0.13282559057844467, 0.05544770619036045, 0.03524334755665374, 0.10043259211608682, 0.10075064260245944, 0.16745335734503378, 0.13587426438746336, 0.041524107075027274, 0.040094954749458955, 0.041006850431577965, 0.15742944329767408, 0.04271085894929303, 0.09491370698396741, 0.09509241538888076, 0.0869566292345565, 0.13919095936966552, 0.1536799772799468, 0.1486300058432396, 0.032194438868655716, 0.12385717960065518, 0.13035227670874172, 0.14392905538418843, 0.08160471145107943, 0.16767968776760706, 0.05236813022155465, 0.0921372653666035, 0.08991159466334175, 0.0984593295801454, 0.12574187350276472, 0.09713041216721355, 0.03383639778397629, 0.14935938870450616, 0.13136261846806924, 0.1501901325985799, 0.17430920755311838, 0.09243878770261728, 0.16787139390267078, 0.1253441635087183]"
ASI6Y3IN52G9P,"[1.01726496219635, 1.01726496219635, 0.8271642923355103, 0.19010065495967865, 1.0249249935150146, 0.0, 4.949893474578857, 0.0, 0.19010065495967865, 4.949893474578857, 0.0, 1.01726496219635, 1.0249249935150146, 1.0249249935150146, 1.01726496219635, 1.01726496219635, 1.0249249935150146, 4.949893474578857, 1.0249249935150146, 0.19010065495967865, 4.949893474578857, 1.01726496219635, 1.0249249935150146, 0.8271642923355103, 1.01726496219635, 0.0, 0.0, 2.0124285221099854, 0.0, 0.19010065495967865, 0.0, 2.0124285221099854, 0.0, 0.0, 1.1852643489837646, 1.822327971458435, 1.01726496219635, 1.01726496219635, 4.949893474578857, 1.01726496219635, 0.07816620500981222, 0.057019380770853646, 0.024768016784014062, 0.04344659424652503, 0.13504999026256964, 0.08944430873038452, 0.1458720676734548, 0.13231166488986912, 0.05466109649932241, 0.10281060974744122, 0.015281422957351283, 0.1062211027269521, 0.03340826308456086, 0.02440127729927972, 0.03584314870017021, 0.05853942880591437, 0.15035544546137905, 0.027993360379486187, 0.07753704325605638, 0.0529081841213303, 0.04358973974217985, 0.030107991343844745, 0.15279073606982438, 0.034863167035717076, 0.05273727907175746, 0.1525308032851645, 0.11899645972743933, 0.050409385097821495, 0.11536760833589439, 0.1307095924671396, 0.15587216049203126, 0.07201514114399182, 0.04735567005606123, 0.01553439879748879, 0.12354644484339103, 0.08202902944356484, 0.07698645266078093, 0.055962189308439034, 0.03127849014940105, 0.08209477867099103]"
ASJX5CT07ZCE3,"[-0.09057995676994324, -0.34049153327941895, 0.4022641181945801, 0.5380597710609436, 0.1357956826686859, 0.0, 0.8786998987197876, 0.2500600814819336, 0.735925018787384, 0.7455027103424072, 0.2500600814819336, 0.0, 0.31168416142463684, 0.7975491285324097, 0.2500600814819336, 0.6523241996765137, 0.3952850103378296, -0.009429224766790867, 0.3952850103378296, 0.0, -0.10000918060541153, 0.2500600814819336, 0.05219484120607376, 0.0, 0.6523241996765137, 0.0, 0.0, -0.5385052561759949, 0.3928348422050476, 0.4022641181945801, -0.6001293659210205, -0.028955888003110886, 0.0, 0.2500600814819336, 0.0, 0.6619018912315369, 0.2500600814819336, 0.0, 0.1357956826686859, 0.9499016404151917, 0.11185313666313704, 0.04898693112001246, 0.13350745328906582, 0.12545008539711922, 0.14496686653179092, 0.1680051579133829, 0.048120261051845886, 0.05467868143749497, 0.11263810161854264, 0.12931679222835202, 0.041540278963554104, 0.0451540493587782, 0.044859723990606774, 0.0816494604693205, 0.07513961751345723, 0.03698650802343302, 0.14526008321066944, 0.15804993427465078, 0.08326151601707549, 0.05998019864247167, 0.13615811654133564, 0.11512132497448556, 0.1438330140722873, 0.15081503111271546, 0.08901599949020714, 0.1364519043570948, 0.16908481306254206, 0.14432017024371535, 0.06388745816528082, 0.14496330458907183, 0.03422213447882781, 0.10465246052264768, 0.11791708527308863, 0.0746208758542247, 0.022645671412417516, 0.12250367523347651, 0.1367042859232672, 0.08593556515514715, 0.062308733068617436, 0.057943710711760334]"
ASL42Q7LYJWFV,"[-0.5773428082466125, -0.5773428082466125, 0.0, 0.0, -0.5773428082466125, -0.5773428082466125, -0.5773428082466125, -0.5773428082466125, 0.0, -0.5773428082466125, 0.0, -0.5773428082466125, 0.0, 0.0, 0.0, -0.5773428082466125, 0.0, 0.0, -0.5773428082466125, 0.0, 0.0, 0.0, -0.5773428082466125, 0.0, -0.5773428082466125, 0.0, 0.0, 0.0, 0.0, 0.0, 0.0, -0.5773428082466125, 0.0, 0.0, 0.0, 0.0, -0.5773428082466125, 0.0, -0.5773428082466125, 0.0, 0.0926366730672733, 0.10244511418271698, 0.10799663264101787, 0.11103782693452242, 0.11029073883996779, 0.05919997811975281, 0.038498803923294495, 0.02882968416601422, 0.07405457230905149, 0.11658328037981697, 0.08989610362811087, 0.1332474427145528, 0.13898771792928247, 0.15978472179803832, 0.07386182107069106, 0.0461411648344213, 0.08491560556520505, 0.03229974835630719, 0.0752258480716173, 0.11916177687109625, 0.055434282239503765, 0.09526049689101862, 0.07699557326873258, 0.14657588938485094, 0.07721866087550859, 0.06027038765366993, 0.06194726223849181, 0.1447034713462337, 0.0902662333336461, 0.15807354269318125, 0.13632232564998406, 0.15879111539568536, 0.0574815152983734, 0.05152458976809911, 0.10071117466114025, 0.048223957473082744, 0.08109464312830698, 0.0829152568894677, 0.0851237514935732, 0.046609862218634765]"
ASLE3QYFD5C70,"[2.4814929962158203, 2.4814929962158203, 2.4814929962158203, 0.0, 2.4814929962158203, 0.0, 2.4814929962158203, 0.0, 0.0, 2.4814929962158203, 0.0, 2.4814929962158203, 2.4814929962158203, 2.4814929962158203, 2.4814929962158203, 2.4814929962158203, 2.4814929962158203, 0.0, 2.4814929962158203, 0.0, 2.4814929962158203, 2.4814929962158203, 2.4814929962158203, 2.4814929962158203, 2.4814929962158203, 0.0, 0.0, 2.4814929962158203, 0.0, 0.0, 0.0, 2.4814929962158203, 0.0, 0.0, 0.0, 2.4814929962158203, 2.4814929962158203, 2.4814929962158203, 2.4814929962158203, 2.4814929962158203, 0.14769505560327864, 0.16744256392695472, 0.03860631943623823, 0.16639024144398756, 0.1294697532133963, 0.04953843112005864, 0.1348044946901588, 0.06465063357249003, 0.12874260101681323, 0.05377636715368832, 0.10489432283420136, 0.10114945631582323, 0.08008045855168312, 0.0548828963071967, 0.0864183968782077, 0.07006459475844731, 0.11033767195705761, 0.13453575787602895, 0.11401575682620346, 0.07218980702115488, 0.1015457775036552, 0.10281863211163814, 0.06620684898105551, 0.02350831716940697, 0.16742901183117037, 0.03771017093534599, 0.05785389223871267, 0.0877336738361099, 0.12263903416354979, 0.1547495238371127, 0.08989237993961084, 0.0630549772168878, 0.07987621880363589, 0.04998912007290934, 0.06872758243523508, 0.11248895862375231, 0.1501831923690312, 0.05112015311432089, 0.10574098523812343, 0.08181595701307658]"
ASPQVBZP025R8,"[0.16032692790031433, 0.16032692790031433, 0.0, 0.16032692790031433, 0.269323468208313, 0.0, 0.269323468208313, 0.16032692790031433, 0.16032692790031433, 0.269323468208313, 0.16032692790031433, 0.0, 0.16032692790031433, 0.16032692790031433, 0.16032692790031433, 0.16032692790031433, 0.269323468208313, 0.16032692790031433, 0.269323468208313, 0.0, 0.269323468208313, 0.269323468208313, 0.16032692790031433, 0.0, 0.16032692790031433, 0.0, 0.0, 0.0, 0.16032692790031433, 0.0, 0.0, 0.16032692790031433, 0.0, 0.16032692790031433, 0.0, 0.16032692790031433, 0.16032692790031433, 0.0, 0.269323468208313, 0.269323468208313, 0.03830608347981691, 0.13556781715768149, 0.1390231398119179, 0.09874525062044574, 0.15753267082253608, 0.11772870406107291, 0.15328481267693125, 0.023695819565263468, 0.16003452363460918, 0.047085557131751485, 0.14587342515530338, 0.053655639172546975, 0.017592656526483105, 0.06433420214513762, 0.06529050870568948, 0.07883193374186526, 0.03160519678381533, 0.1282775486501916, 0.13240320048534165, 0.0950125336664316, 0.1101457381676862, 0.061707960055407, 0.1436220191062534, 0.12038412421159402, 0.034405947207772826, 0.058330423086739004, 0.14422657982795878, 0.1108392218457447, 0.1079268948285242, 0.06723245978538338, 0.0769384797601334, 0.11695829914539578, 0.06749741420224059, 0.02221251391365447, 0.05031951658047082, 0.07072876800711149, 0.140127674854675, 0.0883767729330859, 0.029785731017568477, 0.11662562633776886]"
ASR0RRMK6CCUT,"[2.6264569759368896, 2.7214772701263428, 2.3860111236572266, 0.9459713697433472, 6.080258846282959, -0.047510139644145966, 6.080258846282959, 2.941211462020874, 0.9459713697433472, 3.37949275970459, 0.19293570518493652, 2.433521270751953, 5.154998779296875, 3.37949275970459, 2.673967123031616, 2.673967123031616, 3.37949275970459, 0.24044585227966309, 3.3319826126098633, 0.0, 2.6264569759368896, 2.673967123031616, 2.6264569759368896, 2.4810314178466797, 2.6264569759368896, -0.047510139644145966, 0.0, 4.867042541503906, 0.24044585227966309, 0.0, 2.605745553970337, 5.374732971191406, 0.0, 0.24044585227966309, 0.0, 2.673967123031616, 2.673967123031616, 2.433521270751953, 8.754225730895996, 3.37949275970459, 0.07634334731587494, 0.09703808805641907, 0.15932380866851284, 0.057413257562069255, 0.06133770634249124, 0.022010803919407015, 0.14828145692229633, 0.11763565018405188, 0.10083450014587514, 0.14016078427434497, 0.08733000887497565, 0.029203939043438504, 0.1443827793653126, 0.06779076339147733, 0.09339098971326251, 0.07410747922904033, 0.029797647445820762, 0.16129929173467236, 0.09146743426902475, 0.10489308348295331, 0.03624979832067442, 0.03661734070370062, 0.11598833197128763, 0.06134985741625486, 0.13984175225374035, 0.06491455705679335, 0.15772215555312005, 0.15478292816539654, 0.11936614406554343, 0.16702476880468858, 0.1333180928289526, 0.10579736259557794, 0.08989023100095331, 0.06627771258710306, 0.0870459021851003, 0.08719984486553609, 0.08590091077604835, 0.115143323239894, 0.12394818690684985, 0.09776877927216897]"
ASUIA1YIKZUOO,"[-2.4347503185272217, -1.3919081687927246, -2.3080332279205322, -2.3080332279205322, -2.4347503185272217, -0.12671710550785065, -2.3080332279205322, -2.1813158988952637, 0.0, -2.3080332279205322, -2.1813158988952637, -2.3080332279205322, -2.3080332279205322, -2.4347503185272217, -2.3080332279205322, -2.3080332279205322, -2.3080332279205322, -2.4347503185272217, -2.4347503185272217, 0.0, -2.4347503185272217, -2.1813158988952637, -2.4347503185272217, 0.0, -2.3080332279205322, 0.0, -2.1813158988952637, -2.3080332279205322, -2.4347503185272217, -2.4347503185272217, -2.4347503185272217, -2.4347503185272217, 0.0, 0.0, -2.3080332279205322, -2.3080332279205322, -2.1813158988952637, -2.3080332279205322, -2.4347503185272217, -2.4347503185272217, 0.132242947393226, 0.08193255097181577, 0.07814917024404325, 0.03232945862959527, 0.1350055152694646, 0.13428497739314238, 0.09522276303750889, 0.13775205322298534, 0.12770710760017318, 0.11053593903869807, 0.1093587103867505, 0.15552291715978267, 0.15832409164040495, 0.10890781241413457, 0.17666300110214617, 0.1547958045464063, 0.08351427715248173, 0.15961371784875014, 0.12357551945956376, 0.11121627443383043, 0.08182393474522356, 0.1269881400694922, 0.027141312391388037, 0.1394175656301413, 0.08022765777034428, 0.04660780220373538, 0.07200078202447957, 0.07265378547767253, 0.03585558655362273, 0.11261475358624927, 0.13721474919321275, 0.02619277923468591, 0.1551298476210596, 0.05057768276508567, 0.033126388209381484, 0.09192932210743904, 0.09790285781984569, 0.15147632132910402, 0.11869345037165618, 0.05802141069383841]"
ASWLL1VJA7WOG,"[2.1892800331115723, 2.1892800331115723, 0.7297600507736206, 2.1892800331115723, 2.1892800331115723, 0.0, 2.1892800331115723, 0.7297600507736206, 1.4595201015472412, 2.1892800331115723, 0.7297600507736206, 2.1892800331115723, 2.1892800331115723, 2.1892800331115723, 2.1892800331115723, 2.1892800331115723, 2.1892800331115723, 2.1892800331115723, 2.1892800331115723, 1.4595201015472412, 2.1892800331115723, 2.1892800331115723, 2.1892800331115723, 0.0, 2.1892800331115723, 0.0, 0.7297600507736206, 2.1892800331115723, 0.7297600507736206, 2.1892800331115723, 0.7297600507736206, 2.1892800331115723, 0.0, 0.0, 2.1892800331115723, 0.7297600507736206, 2.1892800331115723, 2.1892800331115723, 2.1892800331115723, 2.1892800331115723, 0.10017497284497358, 0.15482730864582073, 0.13501704033802622, 0.14490819482339945, 0.1255111737344886, 0.0620656200900255, 0.041238911356600516, 0.06806999387118007, 0.17239139978275528, 0.17047209181238807, 0.06787551014963686, 0.08198295285567543, 0.027463742383692338, 0.17730010018961367, 0.05335001117095877, 0.04293034263869329, 0.05438881283296036, 0.1421321549958904, 0.16402773542068977, 0.054321408223960664, 0.1706744609418232, 0.08639927066800206, 0.14283362015700193, 0.13957142929541558, 0.14929248749287796, 0.13693596529731178, 0.09850752155583405, 0.04479132168007307, 0.08016663822033374, 0.14645332838144753, 0.10296642881579987, 0.07287506249488318, 0.05865247708918135, 0.03116175300518817, 0.027036324623144346, 0.15098140926880782, 0.08541488928290755, 0.1022627458966421, 0.03874723236919629, 0.13109689949440978]"
ASZB0F9PAQL5J,"[-0.5953587889671326, -0.15580974519252777, -0.879098117351532, -0.879098117351532, -0.15580974519252777, 0.0, -0.5953587889671326, -0.439549058675766, 0.0, -0.879098117351532, -0.5953587889671326, -0.31161949038505554, -0.879098117351532, -0.879098117351532, -0.439549058675766, -0.15580974519252777, -0.5953587889671326, -0.879098117351532, -0.879098117351532, 0.0, -0.879098117351532, -0.15580974519252777, -0.439549058675766, 0.0, -0.5953587889671326, 0.0, -0.439549058675766, -0.439549058675766, -0.439549058675766, -0.439549058675766, -0.879098117351532, -0.5953587889671326, 0.0, 0.0, -0.439549058675766, -0.439549058675766, -0.439549058675766, -0.439549058675766, -0.5953587889671326, -0.879098117351532, 0.13037013643270332, 0.0695647440762601, 0.12585951264865372, 0.16677484445215907, 0.16754179587930598, 0.05107924732759591, 0.15528696065057132, 0.0505725043344346, 0.13416799569466997, 0.03899371970609978, 0.15021747168528116, 0.15422916800874503, 0.08707481260517387, 0.048266592563699806, 0.09733304005147368, 0.038718364892804405, 0.07639842395415027, 0.15187517387050328, 0.07705868105173339, 0.16189431409426322, 0.06006230188682734, 0.09118527234520801, 0.04496806147266994, 0.11240141993399427, 0.02230864182461858, 0.03631255880287334, 0.10773606211081123, 0.1487834164933349, 0.07939376455988344, 0.15187805838601007, 0.050809472851974964, 0.1091255172834436, 0.1567237811155064, 0.021640741668754546, 0.1527414316608277, 0.09227716171915053, 0.10884299736489866, 0.07361666223881505, 0.1690748944733381, 0.13951505464061684]"
AT2F2DJ7RELJI,"[14.84964370727539, 14.445436477661133, 5.003847122192383, 14.84964370727539, 14.84964370727539, 0.0, 14.84964370727539, 0.0, 9.6576509475708, 14.445436477661133, 0.0, 14.661498069763184, 14.661498069763184, 14.84964370727539, 14.84964370727539, 13.716987609863281, 14.445436477661133, 14.661498069763184, 14.661498069763184, 9.6576509475708, 14.84964370727539, 9.6576509475708, 14.84964370727539, 0.0, 14.84964370727539, 0.0, 1.2832319736480713, 14.445436477661133, 6.287079334259033, 11.15798568725586, 4.059335708618164, 14.84964370727539, 2.559001922607422, 0.0, 14.84964370727539, 6.071017265319824, 14.44439697265625, 12.433755874633789, 14.84964370727539, 14.661498069763184, 0.05306160721944648, 0.08675484486040058, 0.12969391293239402, 0.157971809553203, 0.1333565013626981, 0.06384764136431505, 0.0347417002963173, 0.06292315362481353, 0.03654590514384014, 0.1415540340626504, 0.07141905575797326, 0.04727571791544425, 0.13888747709104476, 0.1608072067039953, 0.10941309888643039, 0.10390487643238258, 0.07347028538966746, 0.09702799836241115, 0.02430517719147011, 0.10577356251375854, 0.1251086747796019, 0.07330445095218599, 0.12952079637424596, 0.11347984819424936, 0.12954976143549862, 0.07409607931993706, 0.07709254529102616, 0.05048032964847257, 0.11291904117480628, 0.1423772116643391, 0.16066728245818984, 0.07658543684230378, 0.08392392478970448, 0.03205944548976936, 0.10769268690528622, 0.08026379823382654, 0.09304249186779011, 0.16612153944599248, 0.07720210264971838, 0.10965030050198554]"
AT53ZTTO707MB,"[17.58414077758789, 16.34192657470703, 15.651605606079102, 14.872842788696289, 17.58414077758789, 4.985597610473633, 17.58414077758789, 11.905774116516113, 7.8935089111328125, 15.754490852355957, 7.422538757324219, 10.335017204284668, 17.44930648803711, 17.58414077758789, 15.430227279663086, 17.29912567138672, 15.386736869812012, 13.303337097167969, 17.469745635986328, 5.310437202453613, 16.901287078857422, 12.476295471191406, 15.936498641967773, 4.1386003494262695, 17.58414077758789, 6.66901969909668, 5.580336570739746, 17.58414077758789, 11.512762069702148, 12.016106605529785, 15.854813575744629, 17.515029907226562, 5.708609104156494, 0.0, 17.58414077758789, 17.58414077758789, 8.570575714111328, 7.6997389793396, 17.58414077758789, 17.03615951538086, 0.14654441588037498, 0.09732953809730652, 0.012182198695227277, 0.1485121016752035, 0.137298422846917, 0.08436717839061435, 0.009841461115277832, 0.048016068178422404, 0.0641663460869072, 0.030001596238324924, 0.07198942610748406, 0.13473813252836095, 0.06922113508572705, 0.08563056237871448, 0.133332517962398, 0.02136268581964732, 0.06124706191386816, 0.1518844865539335, 0.03732056081159749, 0.03488095157837547, 0.10204158425514674, 0.11462353317810156, 0.10048153057427414, 0.09021587169704197, 0.12593630489669533, 0.028855422245041097, 0.0819152997844923, 0.10324879116739857, 0.08909511562320857, 0.14302997759661024, 0.11326213416918973, 0.13223133325843736, 0.14834544231293165, 0.1285049055366962, 0.0661933620325674, 0.029469095712734008, 0.12858385256955354, 0.05907002450558348, 0.08688020429483685, 0.15808187380474595]"
AT55FHUTTF5DM,"[6.263800621032715, 6.263800621032715, 9.107991218566895, 7.685895919799805, 19.485374450683594, 0.8939447999000549, 9.976568222045898, 6.263800621032715, 6.7919511795043945, 9.082623481750488, -0.5281501412391663, -0.5281501412391663, 7.685895919799805, 11.398662567138672, 9.976568222045898, 6.263800621032715, 6.263800621032715, -0.5281501412391663, 9.976568222045898, 0.8939447999000549, 6.263800621032715, 5.369855880737305, 6.263800621032715, 0.0, 6.263800621032715, 0.8939447999000549, 0.8939447999000549, 7.685895919799805, 7.685895919799805, 9.107991218566895, 9.107991218566895, 9.976568222045898, 0.8939447999000549, -1.4220948219299316, 9.107991218566895, 7.685895919799805, -2.8441896438598633, 0.0, 9.976568222045898, 9.976568222045898, 0.11706107308256208, 0.12283235175528502, 0.13145663826605897, 0.15037580096669834, 0.0410971246101149, 0.05948801815887867, 0.13492904061074457, 0.16553031584888928, 0.16616486188178514, 0.05339849315426451, 0.1355028030054207, 0.14478982161169887, 0.0772339151620767, 0.12200424928406038, 0.1012605650354102, 0.045895805776146596, 0.05292001178510244, 0.18326953650713573, 0.1256153716332651, 0.06329312663632106, 0.04506665409002235, 0.04856301787567068, 0.11635491061749599, 0.06554851690018328, 0.10762959718370878, 0.05052184238844769, 0.03935354103397987, 0.1780292855183861, 0.03560280922817601, 0.10334014735088809, 0.15577532805078637, 0.08708190486921986, 0.12047661893668102, 0.04681551875717506, 0.06348285239433178, 0.1358168888817342, 0.06638212276403742, 0.13699750865508073, 0.16796464589539872, 0.06958720051419204]"
AT9SW0VOLAKQD,"[8.271415710449219, 8.271415710449219, 4.135707855224609, 0.0, 8.271415710449219, 0.0, 8.271415710449219, 4.135707855224609, 0.0, 8.271415710449219, 4.135707855224609, 8.271415710449219, 4.135707855224609, 8.271415710449219, 8.271415710449219, 8.271415710449219, 8.271415710449219, 4.135707855224609, 8.271415710449219, 0.0, 8.271415710449219, 4.135707855224609, 8.271415710449219, 4.135707855224609, 8.271415710449219, 0.0, 0.0, 4.135707855224609, 4.135707855224609, 0.0, 0.0, 8.271415710449219, 4.135707855224609, 0.0, 0.0, 4.135707855224609, 4.135707855224609, 8.271415710449219, 8.271415710449219, 8.271415710449219, 0.13604978540498144, 0.08785145715419593, 0.04393874481843655, 0.10138376046959593, 0.07940824995941785, 0.040265092482971374, 0.12571771066386847, 0.05913762874353382, 0.04026472622567705, 0.1120744801574005, 0.0623798155656657, 0.08960694212134018, 0.16987818128049958, 0.07945164375029656, 0.12408792779959504, 0.06931124782906208, 0.034999237908344284, 0.04817438659697921, 0.03999759667715392, 0.14454047400155573, 0.10958891365832907, 0.04061187244700883, 0.04943142984276015, 0.17847672659561772, 0.0659684094680935, 0.1608621562841528, 0.07964828606759082, 0.14813586125921394, 0.15184464143175863, 0.16130086020054113, 0.040016786909075924, 0.1588909709744373, 0.06434308738154752, 0.1682396926941867, 0.143697280005893, 0.15624140930137173, 0.1224311952857783, 0.07562294231087698, 0.17152520013228234, 0.0675310890783879]"
ATCQ2K4QG03T4,"[14.849588394165039, 8.749006271362305, 6.257579326629639, 8.10152816772461, 13.337120056152344, 4.567882061004639, 13.337120056152344, 4.362066745758057, 2.6216206550598145, 7.857214450836182, 4.362066745758057, 10.715499877929688, 8.10152816772461, 13.337120056152344, 13.337120056152344, 11.647422790527344, 8.749006271362305, 14.849588394165039, 13.337120056152344, 0.5363671779632568, 13.337120056152344, 2.6216206550598145, 13.337120056152344, 0.0, 13.337120056152344, 0.5363671779632568, 0.5363671779632568, 4.923306941986084, 12.981695175170898, 4.567882061004639, 4.923306941986084, 10.08327865600586, 2.8735437393188477, 1.4885227680206299, 3.3591628074645996, 6.056404113769531, 3.178220272064209, 5.235593795776367, 13.337120056152344, 14.849588394165039, 0.10514964598548615, 0.09487946661518941, 0.05162105620332012, 0.08992092558465253, 0.15874148688544557, 0.14992841672215726, 0.11075036607221406, 0.1482770448515779, 0.10704531071961476, 0.11166627946248114, 0.08625328652784373, 0.022459271879014524, 0.051472578349999375, 0.08043915339321817, 0.0688715620416883, 0.14110110334504117, 0.16492172769184915, 0.15576106799671358, 0.046313645745581465, 0.034223300923366416, 0.13114563106809252, 0.16663752771566678, 0.141556582932014, 0.1463679363540382, 0.03471510994798214, 0.10417619509594175, 0.022477531778960686, 0.028179791726001355, 0.10419118385407065, 0.10383675807639295, 0.1437174421226236, 0.1217219565180983, 0.10164440863679076, 0.06070524169446086, 0.13895097262955908, 0.13671747530804712, 0.05653399638551385, 0.12037720255314516, 0.1451095382461692, 0.056085496367412814]"
ATECU14VUIOJ0,"[0.024893280118703842, 0.13916485011577606, 0.8587687015533447, 0.07996287196874619, 0.07857714593410492, 0.35751304030418396, 0.8587687015533447, 0.6948837637901306, 0.35751304030418396, 0.5012556910514832, 0.6948837637901306, 1.000643014907837, 0.3593812584877014, 0.13916485011577606, 0.7389048337936401, 0.8587687015533447, 0.5012556910514832, -0.002709547057747841, 0.25727182626724243, 0.35751304030418396, 0.10749147832393646, 0.33737075328826904, 0.8118649125099182, 0.0, 0.8587687015533447, 0.35751304030418396, 0.33737075328826904, 0.8956508040428162, -0.08530771732330322, -0.5435445308685303, -0.002709547057747841, 0.25727182626724243, 0.3795235753059387, 0.0, 0.3991461396217346, 0.7880974411964417, 0.1437426209449768, -0.1594431847333908, 0.13916485011577606, 0.13916485011577606, 0.14144169019878466, 0.11824053457110317, 0.12203817955725828, 0.13355020642324794, 0.08385459891535604, 0.009872724087713029, 0.10946048171117413, 0.14622407624047518, 0.10163191514174, 0.14541596740058604, 0.12659561009259238, 0.11139242916089866, 0.05820021811549973, 0.03017978604848913, 0.04791537245730552, 0.13828292550493446, 0.03234656419930541, 0.05884548298181453, 0.0787548264437807, 0.049658743186245344, 0.10805777197794666, 0.05205824262179966, 0.004513190335956158, 0.09071318202735851, 0.0417151683651696, 0.0868057459373338, 0.020622587522394372, 0.12514302721717624, 0.1159610287995565, 0.14466807250418048, 0.09716067903160008, 0.12364253927848395, 0.03713360691800884, 0.06979788782283658, 0.028618933462595652, 0.07395323821083707, 0.049473231285268086, 0.10380495051963737, 0.13377297813102937, 0.07212675577171476]"
ATEX4XVEQYN7B,"[0.3824526071548462, 0.3824526071548462, 0.14196260273456573, 0.3824526071548462, 0.3824526071548462, -0.049263693392276764, 0.3824526071548462, 0.24048998951911926, 0.24048998951911926, 0.33318889141082764, 0.24048998951911926, 0.14196260273456573, 0.3824526071548462, 0.3824526071548462, 0.3824526071548462, 0.3824526071548462, 0.1912263035774231, 0.3824526071548462, 0.3824526071548462, 0.0, 0.3824526071548462, 0.24048998951911926, 0.1912263035774231, 0.0, 0.1912263035774231, 0.0, 0.0, -0.049263693392276764, 0.1912263035774231, -0.049263693392276764, 0.14196260273456573, 0.3824526071548462, 0.0, 0.24048998951911926, 0.0, 0.24048998951911926, 0.43171629309654236, -0.049263693392276764, 0.33318889141082764, 0.3824526071548462, 0.11194656973260964, 0.11373473504245273, 0.07369773455045261, 0.061990362317741195, 0.08654547227673423, 0.08899648871615526, 0.1452481553797133, 0.13780304100549512, 0.11963460097116811, 0.04719483733195541, 0.04465702730769899, 0.10916226041789023, 0.048994319627338925, 0.1046497729482166, 0.16382030062478692, 0.14787375110441037, 0.0896511659446662, 0.016235692947234395, 0.16361767759443988, 0.04487486260501633, 0.12602127521549977, 0.11690188133164436, 0.08247000719937395, 0.07353187521152174, 0.1543594238922358, 0.10612776127659262, 0.06261368611560132, 0.1531237790759832, 0.11164166153329695, 0.0412374517633219, 0.08580995213543165, 0.09585332761569773, 0.08663300582950514, 0.07088648176838638, 0.12343685521545664, 0.036296298823906066, 0.0848683906611928, 0.11060731338205855, 0.1172726978059642, 0.09071587115156536]"
ATQWHIT4GCWFU,"[4.510097980499268, 1.6010440587997437, 1.6010440587997437, 1.6010440587997437, 1.6010440587997437, 0.0, 1.6010440587997437, 4.510097980499268, 0.0, 6.111142158508301, 1.6010440587997437, 1.6010440587997437, 1.6010440587997437, 1.6010440587997437, 4.510097980499268, 1.6010440587997437, 1.6010440587997437, 1.6010440587997437, 1.6010440587997437, 2.9090542793273926, 1.6010440587997437, 4.510097980499268, 1.6010440587997437, 0.0, 1.6010440587997437, 0.0, 1.6010440587997437, 1.6010440587997437, 1.6010440587997437, 1.6010440587997437, 1.6010440587997437, 1.6010440587997437, 0.0, 0.0, 1.6010440587997437, 1.6010440587997437, 1.6010440587997437, 1.6010440587997437, 4.510097980499268, 1.6010440587997437, 0.044390581888055766, 0.07929945864463456, 0.07889495326882236, 0.08345289819698223, 0.11348536416656015, 0.08709859326960841, 0.0567262814199463, 0.08246077835994613, 0.05019854866755931, 0.14337888705845156, 0.14889808504379634, 0.10171255656766376, 0.04891803152542735, 0.15245636314193114, 0.08246501445795452, 0.03266960527250856, 0.08034521280575885, 0.14471912054899314, 0.16685646982608124, 0.07770812051813843, 0.03494738481976079, 0.0784512431895155, 0.09641904602242989, 0.08063211437557537, 0.11256999656629399, 0.10358800116231323, 0.12084502179030512, 0.04791389407381558, 0.09968044716796928, 0.14231027382652367, 0.17288668318206976, 0.0688513196274953, 0.16463060472910365, 0.041489799400322665, 0.06001348665558648, 0.1340444641214366, 0.11670716127643181, 0.057995846463224345, 0.06106750831701896, 0.10910428522601065]"
AU3V1LSV81SGH,"[8.386476516723633, 5.621697902679443, 4.962968826293945, 5.90499210357666, 8.386476516723633, 0.0, 8.386476516723633, 5.246262073516846, 0.0, 4.962968826293945, 2.4814844131469727, 14.545061111450195, 5.621697902679443, 8.386476516723633, 5.621697902679443, 5.621697902679443, 5.621697902679443, 5.90499210357666, 11.895220756530762, 0.0, 8.386476516723633, 4.962968826293945, 8.386476516723633, 2.4814844131469727, 8.386476516723633, 0.0, 2.4814844131469727, 11.036317825317383, 2.4814844131469727, 2.4814844131469727, 3.14021372795105, 4.962968826293945, 0.0, 0.0, 2.4814844131469727, 4.962968826293945, 4.962968826293945, 4.962968826293945, 8.386476516723633, 8.386476516723633, 0.13282471388272257, 0.16530071721389866, 0.1421836945416458, 0.16756520122453053, 0.10230353089890125, 0.13383006708336082, 0.02675502138193309, 0.14743298332498753, 0.06633427395370996, 0.07256232180761761, 0.07225776120204065, 0.16155628132821415, 0.15963919097597626, 0.0821593071513381, 0.08535886211393147, 0.09425223235556339, 0.1513476492666159, 0.06530976213122963, 0.15694270449203962, 0.06400831806181012, 0.12296641644095256, 0.10657165588818565, 0.07212386122732406, 0.0703447062864938, 0.06377432367725205, 0.15298990043153154, 0.1568753292261372, 0.08743335804337383, 0.03919324485086887, 0.046583558774102994, 0.12651073754620085, 0.05742373552629139, 0.07133265968599725, 0.1595229144056189, 0.03426794179377685, 0.0364328061863331, 0.13404704135082696, 0.03912415326141425, 0.07670612193382004, 0.12760103652854837]"
AUAC7GPINCR54,"[8.840039253234863, 9.693890571594238, 7.805149078369141, 9.83476448059082, 7.513762474060059, 0.0, 7.513762474060059, 0.0, 7.805149078369141, 0.0, 0.0, -0.678618311882019, 9.518657684326172, 8.840039253234863, 9.280999183654785, 7.829869270324707, 0.0, -0.678618311882019, 7.126530647277832, 0.0, 8.840039253234863, 6.478872299194336, 7.126530647277832, 0.0, 8.840039253234863, 0.0, 0.0, 7.805149078369141, -0.678618311882019, 7.805149078369141, 2.2048497200012207, 8.192380905151367, 0.0, 0.0, 9.518657684326172, 5.800253391265869, 0.0, 7.805149078369141, 7.513762474060059, 8.840039253234863, 0.10681881804288265, 0.024494623849091797, 0.054237826249838854, 0.1484659966144863, 0.024943710806206273, 0.028227627513748153, 0.12125523144504724, 0.12563598469132728, 0.05270749428113843, 0.1015015386888065, 0.07269771439600511, 0.09144438487730797, 0.013483568272812753, 0.08120552251195332, 0.12884671854040827, 0.08391996272402877, 0.08376235406123088, 0.09164189230453296, 0.05663970262470681, 0.04542802101571963, 0.08608478128858962, 0.11391793531476654, 0.1461603809053909, 0.15782684124299923, 0.11479566763173282, 0.03357223669097915, 0.05429535741857768, 0.08396640208308696, 0.15007604782382597, 0.07613056596988745, 0.0900294909016099, 0.15395275350246512, 0.031967151544151584, 0.14220576731441836, 0.1541032365256187, 0.13575933576313245, 0.08348151679023971, 0.027676755576886543, 0.03289871385708087, 0.05418993951105874]"
AUBJHP5EYBWWT,"[0.9121994972229004, 1.8243989944458008, 0.0, 1.8243989944458008, 0.9121994972229004, 0.0, 0.9121994972229004, 0.0, 0.9121994972229004, 0.9121994972229004, 0.0, 0.9121994972229004, 0.9121994972229004, 0.9121994972229004, 0.9121994972229004, 0.9121994972229004, 0.9121994972229004, 0.9121994972229004, 0.9121994972229004, 0.9121994972229004, 0.9121994972229004, 0.9121994972229004, 0.9121994972229004, 0.0, 0.9121994972229004, 0.0, 0.0, 0.9121994972229004, 0.9121994972229004, 0.9121994972229004, 0.0, 0.9121994972229004, 0.0, 0.0, 0.9121994972229004, 0.0, 0.9121994972229004, 0.9121994972229004, 0.9121994972229004, 0.9121994972229004, 0.10628343186672203, 0.1154278998827528, 0.06781105976620419, 0.11774231960453693, 0.0432896981536045, 0.032571331099827835, 0.06650771282299703, 0.06436827332347345, 0.06531624534896448, 0.14711024707549067, 0.13803783356418411, 0.16000117967650482, 0.12921346899254188, 0.05447102472258104, 0.0500703247522335, 0.06142784606124892, 0.11979828181164896, 0.1318274282172491, 0.16257676234332816, 0.14651779632293446, 0.09377998005905853, 0.0469163708450819, 0.08800605635143549, 0.1621532647996264, 0.09412577070977705, 0.07375832726338015, 0.15446106865762668, 0.13847318569923442, 0.112354704452041, 0.056634337159326156, 0.1109438587813258, 0.09685230986931959, 0.029947514562541255, 0.06620608580555332, 0.061489708745231644, 0.15442948689410202, 0.17139235628420665, 0.14426338061583888, 0.13398107615625351, 0.1614510345465205]"
AUPNID1GKJB34,"[2.3345787525177, 2.3345787525177, 0.893936038017273, 2.144134521484375, 2.3345787525177, 0.893936038017273, 2.3345787525177, 1.084380030632019, 1.6510097980499268, 1.4406425952911377, 1.294746994972229, 1.9337677955627441, 1.6790380477905273, 2.3345787525177, 1.084380030632019, 2.3345787525177, 2.54494571685791, 2.3345787525177, 2.3345787525177, 0.893936038017273, 1.9337677955627441, 0.40081101655960083, 3.3943333625793457, 0.0, 3.7342617511749268, 0.893936038017273, 0.893936038017273, 1.9337677955627441, 1.084380030632019, 0.893936038017273, 1.9337677955627441, 3.7786242961883545, 0.893936038017273, 0.40081101655960083, 2.144134521484375, 2.54494571685791, 0.1904439926147461, 0.0, 3.1839661598205566, 2.54494571685791, 0.1482724184105753, 0.04930974093620514, 0.14607185532511574, 0.03504150702683541, 0.11809248476126274, 0.14432150946137826, 0.04295820884440795, 0.03438813722172224, 0.17843823245869578, 0.17723410870359327, 0.1130061718715996, 0.049289930430610564, 0.11134021412672876, 0.11835674082174247, 0.08588679847044609, 0.11235031822386247, 0.08457470173928358, 0.03647859965688685, 0.08346266054224771, 0.14954225833330764, 0.04937408705980484, 0.05338045242568827, 0.18009089967960565, 0.04474871709276871, 0.17686409859940458, 0.07914020826361724, 0.11973456500282935, 0.077875416179738, 0.10267177044892219, 0.04870602600747566, 0.1678453831056476, 0.09199157130893494, 0.14127204712822514, 0.10063507720946283, 0.14488465696105152, 0.07720091251516793, 0.13283675783557872, 0.11981164928290149, 0.09240096540927184, 0.14426122148584825]"
AUQ0Y1LUWQAN2,"[15.386065483093262, 13.587397575378418, 15.386065483093262, 10.541543006896973, 13.587397575378418, 8.742875099182129, 15.386065483093262, 0.0, 1.0899667739868164, 15.076696395874023, 2.888634443283081, 15.386065483093262, 15.076696395874023, 15.386065483093262, 13.587397575378418, 13.587397575378418, 15.076696395874023, 10.541543006896973, 15.386065483093262, 0.7805982828140259, 15.386065483093262, 5.934490203857422, 13.27802848815918, 4.8445234298706055, 15.076696395874023, 0.0, 1.0899667739868164, 13.587397575378418, 8.43350601196289, 7.652907848358154, 10.541543006896973, 15.386065483093262, 0.0, 0.0, 1.0899667739868164, 5.934490203857422, 5.934490203857422, 13.587397575378418, 19.921222686767578, 15.076696395874023, 0.13687544564248807, 0.057945388486646134, 0.16950860029108655, 0.042347075665602175, 0.15875397230303243, 0.1147865864424198, 0.15095443526013075, 0.13021403810625248, 0.08514190150670932, 0.03714241123648865, 0.16555058253033392, 0.07907396223302239, 0.10082809267880449, 0.07190042191813188, 0.17779375624385352, 0.16315266393074665, 0.17040168056765492, 0.034639490663678704, 0.04786760835811226, 0.13011818051637875, 0.1553133100930123, 0.10790769623075856, 0.04403623748601249, 0.15131668350929353, 0.15922259666258534, 0.16999179517011756, 0.12733116160357522, 0.04431508030146926, 0.04388310063683358, 0.1151421977331357, 0.11524158041813835, 0.10535096943717372, 0.09859778706281208, 0.034938257610294364, 0.03289158389759536, 0.17076988683412644, 0.0983857892954605, 0.03560965201491859, 0.10328751296610812, 0.15916644147537107]"
AUS96J3A7A9MK,"[0.0, 0.0, 0.0, 0.0, 0.0, 0.0, 0.0, 0.0, 0.0, 0.0, 0.0, 0.0, 0.0, 0.0, 0.0027842882554978132, 0.0, 0.0027842882554978132, 0.0, 0.0, 0.0, 0.0, 0.0, 0.0, 0.0, 0.0, 0.0, 0.0, 0.0, 0.0, 0.0, 0.0, 0.0, 0.0, 0.0, 0.0, 0.0, 0.0, 0.0, 0.0, 0.0, 0.03295263417076867, 0.07944480614089422, 0.12662219147513504, 0.12740612480671298, 0.055617492772382975, 0.10114631157247571, 0.030913210892050444, 0.024593498967732066, 0.1661007503385444, 0.035208571921063275, 0.08608635290868039, 0.10655532567485022, 0.05724823600335183, 0.11062307858977091, 0.16420466619272422, 0.08464613291068562, 0.05846932374259539, 0.06612973392606979, 0.13491014346085986, 0.033802482579019126, 0.12247199815928266, 0.0729505423810475, 0.038206873002408846, 0.16693285082046475, 0.06110729052258271, 0.15263528012137148, 0.13236372246643038, 0.1279380361687946, 0.141269208245473, 0.13342237778733984, 0.08055801300585384, 0.07853963467037299, 0.056179384230154804, 0.13969025837636848, 0.12525414881354555, 0.09592713753530022, 0.11731908545720597, 0.13738949703681633, 0.08060478146876154, 0.0940948995134472]"
AUX122XW8ONG6,"[6.034845352172852, 2.3052361011505127, 4.511380195617676, 1.237449288368225, 6.419331073760986, 1.0972810983657837, 6.278244972229004, 0.77363520860672, 1.8611778020858765, 5.546897888183594, 0.705477237701416, 4.853950023651123, 1.8416485786437988, 4.159404277801514, 1.7903562784194946, 3.697425603866577, 3.3538174629211426, 1.7458314895629883, 4.663333892822266, 0.1824403554201126, 3.248326301574707, 3.3688995838165283, 5.091768264770508, 0.8271639943122864, 2.3801345825195312, 0.0, 0.9179742336273193, 2.600144624710083, 3.956385612487793, 1.0144846439361572, 1.3970576524734497, 5.044244766235352, 0.0, 0.0, 1.9803928136825562, 4.399560451507568, 2.8805205821990967, 3.280148983001709, 6.034845352172852, 3.9944868087768555, 0.04575681368389668, 0.14021420241931698, 0.049140792746482455, 0.029706852272168835, 0.06745907668565534, 0.0645499116013653, 0.06690327621958737, 0.0535215595712386, 0.07876944358714418, 0.06399465985545426, 0.1487954381739266, 0.13579306794984305, 0.13811809578424553, 0.10162316383881032, 0.1062926597581652, 0.1449097927829634, 0.11687419520336655, 0.13128484902882806, 0.11739096241333788, 0.12285878988920756, 0.1590048364807708, 0.025309563874893158, 0.09814366710437827, 0.04279180486921012, 0.0196695976558502, 0.1287671306594128, 0.13230030542590204, 0.10401513631740077, 0.13126575107628646, 0.023516159599229376, 0.1033605605153594, 0.011520890002098936, 0.11321811178667303, 0.15333324002981644, 0.02158572513953794, 0.08430706664118, 0.0705723774578193, 0.021212128282116, 0.07756108934082813, 0.05677450759879332]"
AUYOTOM5XVNL,"[0.0, 0.0, 0.0, 0.0, 0.6629862785339355, 0.0, 0.6629862785339355, 0.0, 0.0, 0.0, 0.0, 0.0, 0.0, 0.6629862785339355, 0.6629862785339355, 0.0, 0.0, 0.6629862785339355, 0.0, 0.0, 0.0, 0.0, 0.0, 0.0, 0.0, 0.0, 0.0, 0.0, 0.0, 0.0, 0.6629862785339355, 0.0, 0.0, 0.0, 0.0, 0.0, 0.0, 0.0, 0.0, 0.0, 0.1707584066404774, 0.12000111320565691, 0.12655269256555968, 0.10134638132754276, 0.08541554522697856, 0.13218420381908236, 0.09886480491241195, 0.15724925493381106, 0.1313152418199976, 0.10980163586403097, 0.06806918448472257, 0.1681841585464273, 0.11819119773620182, 0.031920911615204, 0.06842129392952133, 0.1049261766011148, 0.05096426772387485, 0.03432844990838798, 0.08346649046013238, 0.10323544526333878, 0.1344199923944972, 0.12251350049724352, 0.06069186198224965, 0.0854668711228839, 0.06570794073143418, 0.03916406842225635, 0.0401309993562072, 0.1435332731063138, 0.04819729435846973, 0.0736131299772687, 0.123436498890221, 0.10341331027529241, 0.12857722418982204, 0.1347974453927489, 0.15485901866910964, 0.16274660012215258, 0.1234567549977161, 0.09492932468991772, 0.056239479456938385, 0.14436769203011554]"
AV10T680T0UWB,"[4.663430690765381, 3.94827938079834, 2.0821449756622314, 2.0821449756622314, 3.5166049003601074, 1.8072810173034668, 6.7335968017578125, 0.9353194236755371, 0.43167445063591003, 3.764096260070801, 2.1702022552490234, 4.583985328674316, 2.197575092315674, 4.231756210327148, 6.01844596862793, 1.0147641897201538, 7.632930755615234, 4.583985328674316, 2.2496471405029297, 1.834653615951538, 4.231756210327148, 0.43167445063591003, 1.834653615951538, 0.0, 7.641543388366699, 0.9353194236755371, 1.8072810173034668, 3.8688347339630127, 2.3543853759765625, 0.49503225088119507, 2.0821449756622314, 4.231756210327148, 0.9353194236755371, 0.0, 1.0147641897201538, 3.8688347339630127, 1.3916934728622437, 0.07944473624229431, 7.113198757171631, 2.629249334335327, 0.10544873074927609, 0.12860926607887627, 0.10556988604860033, 0.14938136454447418, 0.13395910139612768, 0.09185570690669577, 0.07841689659673007, 0.16866089004998852, 0.0892809483921326, 0.0870688875384038, 0.15847903800563634, 0.0744170532021168, 0.15189028786023032, 0.03198876034243167, 0.10292951267724439, 0.028823645713966197, 0.05049904451943722, 0.0290189210102651, 0.1540212192966511, 0.08222308554524788, 0.1167881241843927, 0.0682954461642054, 0.138996567917428, 0.14403016675036437, 0.12436456273385237, 0.13619667179897182, 0.1537508517789006, 0.06386999381832396, 0.17159832593561425, 0.11833296071233779, 0.04838187983016986, 0.05459190818105765, 0.09239259184953409, 0.13575956334962203, 0.10911151663212611, 0.14215148148604953, 0.11093867055036083, 0.12437691133337364, 0.1683486296459717, 0.023477264457420377]"
AV19Z8ZCIQM4G,"[1.792019248008728, 0.521659255027771, 0.521659255027771, 1.792019248008728, 0.521659255027771, 0.521659255027771, 0.521659255027771, 0.0, 0.521659255027771, 0.521659255027771, 2.540719747543335, 0.521659255027771, 1.2703598737716675, 0.521659255027771, 0.521659255027771, 0.521659255027771, 0.521659255027771, 1.2703598737716675, 1.792019248008728, 0.521659255027771, 0.521659255027771, 0.521659255027771, 0.521659255027771, 0.0, 0.521659255027771, 0.0, 1.792019248008728, 1.792019248008728, 0.521659255027771, 1.2703598737716675, 1.792019248008728, 1.792019248008728, 0.0, 0.0, 1.792019248008728, 1.792019248008728, 0.521659255027771, 0.521659255027771, 0.521659255027771, 0.521659255027771, 0.14691092305059655, 0.040080962338268564, 0.061933597064616576, 0.14548753165958483, 0.015843123065686884, 0.10049594843615202, 0.11463799504425687, 0.15537925645895723, 0.16206321978816401, 0.15424648954616546, 0.029828030819411697, 0.06680713557562638, 0.15540551631948146, 0.05021697412248319, 0.0897517551605795, 0.047767014941660114, 0.1185282542016378, 0.01802177445400168, 0.08914921246682084, 0.054183195069787554, 0.14259975296195232, 0.08975893025156641, 0.06836413542837834, 0.12085087596582215, 0.07061852004944154, 0.07031661147274773, 0.16241015521569918, 0.0839217924968391, 0.0302850426960886, 0.12015612051375078, 0.016724454895653475, 0.11516816826314168, 0.046811380216641156, 0.12829853890555823, 0.10175585234358128, 0.06132212995779912, 0.04675421677197714, 0.1510161970046888, 0.11218110585729614, 0.10205642000405903]"
AVC2FIYKB6VHF,"[0.0, 0.0, 0.0, 0.0, 0.0, 0.0, 0.0, 0.0, 0.0, 0.0, 0.0, 0.0, 0.0, 0.0, 0.0, 0.0, 0.0, 0.0, 0.0, 0.0, 0.0, 0.0, 0.0, 0.0, 0.0, 0.0, 0.0, 0.0, 0.0, 0.0, 0.0, 0.0, 0.0, 0.0, 0.0, 0.0, 0.0, 0.0, 0.0, 0.0, 0.12110562673198835, 0.09190317313013154, 0.09850488866558908, 0.052059421205288454, 0.1172107660043947, 0.10240097726942382, 0.11996161822822629, 0.1326356277961582, 0.06051929791868343, 0.0739477151645865, 0.04008485124825249, 0.11354916775836903, 0.060984477183283065, 0.11633209387665071, 0.16346718774212093, 0.0327467600994426, 0.025284928446101886, 0.10131585379528096, 0.027985293141960944, 0.04964986903895133, 0.07435345752247759, 0.15454972465273298, 0.08407211525651533, 0.054676544726038986, 0.12392146668821832, 0.13050157399340748, 0.07637686768001814, 0.1086826111934941, 0.06918827068303014, 0.027694516846245115, 0.12694776997894325, 0.1504484453042465, 0.16964809427870223, 0.13613963368398926, 0.15728414271173288, 0.11378938184383053, 0.054829657340714176, 0.023008440273335734, 0.05869959173391557, 0.07533755643911007]"
AVXT2TB9ZHYRF,"[6.57116174697876, 6.57116174697876, 6.57116174697876, 6.57116174697876, 6.57116174697876, 0.0, 6.57116174697876, 8.593354225158691, 6.57116174697876, 6.57116174697876, 0.0, 0.0, 6.57116174697876, 8.593354225158691, 6.57116174697876, 6.57116174697876, 6.57116174697876, 0.0, 6.57116174697876, 0.0, 6.57116174697876, 8.593354225158691, 6.57116174697876, 0.0, 6.57116174697876, 0.0, 0.0, 8.593354225158691, 6.57116174697876, 6.57116174697876, 6.57116174697876, 6.57116174697876, 0.0, 0.0, 6.57116174697876, 6.57116174697876, 0.0, 0.0, 8.593354225158691, 6.57116174697876, 0.052914872473779385, 0.16312878152396768, 0.07032468952079944, 0.14732008479824335, 0.04871574410820121, 0.05864083539213577, 0.1558366426639172, 0.10095384577077399, 0.12010111696117397, 0.1606297196445601, 0.1678670553847323, 0.028993108989825295, 0.10373725751087197, 0.06522207452244168, 0.05251212321382695, 0.1424028519147571, 0.15103536332213838, 0.06960204437400873, 0.15909947624892778, 0.04562432817823007, 0.12302280479909743, 0.06437677801044843, 0.039234910967769286, 0.05832376965449128, 0.0465954127811857, 0.16623100560215684, 0.12605775955274665, 0.15962375962371553, 0.09412135384239777, 0.12445936308568668, 0.10551382886654392, 0.10436547549353596, 0.12734573757484755, 0.13048700885076742, 0.06000425853365154, 0.027323430922656478, 0.03736572440033898, 0.07608473431833133, 0.030016905697941014, 0.14243400096997963]"
AVZFCI6JTP4PU,"[-1.0629749298095703, -1.0629749298095703, 0.0, 0.5473209023475647, -1.5795197486877441, 0.0, -2.390087842941284, -2.126840591430664, 0.5473209023475647, -1.8735427856445312, 0.0, -1.0629749298095703, 0.5473209023475647, 0.5473209023475647, -1.0629749298095703, -1.0629749298095703, -1.0629749298095703, 0.5473209023475647, -1.0629749298095703, 0.5473209023475647, -1.3569978475570679, -1.8735427856445312, -1.0629749298095703, 0.0, -1.0629749298095703, 0.0, 0.0, -1.0629749298095703, 0.0, 0.5473209023475647, -0.5165449380874634, -2.390087842941284, 0.0, 0.0, 0.5473209023475647, -0.5165449380874634, -1.0629749298095703, 0.5473209023475647, -1.5795197486877441, -1.0629749298095703, 0.1335000523155056, 0.12372265784712863, 0.15837783909842382, 0.07983306605985153, 0.046100048098140646, 0.055779080654355585, 0.0628164276984952, 0.07826492916891724, 0.15663201133854254, 0.10037101273690169, 0.11945876676483515, 0.12908799854395347, 0.07485641277296584, 0.11528775762058657, 0.0298664170809902, 0.1555188031993289, 0.15525751466654486, 0.13597453875873838, 0.08400705219515715, 0.10820190943740884, 0.031448397272460224, 0.15472783579569427, 0.05778084678214715, 0.16601623121498485, 0.14743942429149054, 0.036315119017869865, 0.09828582737399098, 0.1018874033076492, 0.09201972583952628, 0.10298889341891408, 0.0592486625818691, 0.059940620556488466, 0.06303903096945855, 0.038899986002388844, 0.061356464024543846, 0.1305859504058233, 0.0561106810529098, 0.11406890221562507, 0.1240973529085563, 0.1164755968588379]"
AW4KF8E06AY28,"[0.6968651413917542, 0.39062556624412537, 0.39062556624412537, 0.39062556624412537, 0.39062556624412537, 0.0, 0.4882510304450989, 0.09762545675039291, 0.0, 0.39062556624412537, 0.0, 0.39062556624412537, 0.39062556624412537, 0.4882510304450989, 0.29300010204315186, 0.19525091350078583, 0.5992396473884583, 0.39062556624412537, 0.6968651413917542, 0.0, 0.4882510304450989, -0.09774919599294662, 0.29300010204315186, 0.09762545675039291, 0.4882510304450989, 0.0, 0.0, 0.39062556624412537, 0.29300010204315186, 0.20861409604549408, 0.39062556624412537, 0.19525091350078583, 0.29300010204315186, 0.0, 0.39062556624412537, 0.39062556624412537, 0.39062556624412537, 0.29300010204315186, 0.6968651413917542, 0.4882510304450989, 0.11422052537529366, 0.05078954449549865, 0.019034623532188853, 0.10280500073141136, 0.02726300802834375, 0.13711879117028106, 0.029869070679408225, 0.0903404322454982, 0.04708909028526493, 0.1546940736931156, 0.14243802446898113, 0.15937484161183424, 0.11924641752747707, 0.047116788485025395, 0.07549296216579339, 0.1477115259744768, 0.12642291384645987, 0.016486460452475638, 0.058236679675641584, 0.09429692112374138, 0.12407779377247485, 0.05625746189120176, 0.071737454484199, 0.13277513777630312, 0.09133391520423575, 0.05939625942729746, 0.038249559047812534, 0.0768910339585063, 0.09178202892536252, 0.10700450182732728, 0.1190132037324415, 0.12330156174690698, 0.09173525413368797, 0.029181786167314188, 0.11067538398820813, 0.0771868497623875, 0.13799558022736538, 0.14199969111670582, 0.09060804252672151, 0.16217334238905073]"
AWXM25EMPKYKW,"[12.596091270446777, 8.28177261352539, 5.75399112701416, 5.75399112701416, 12.596091270446777, 3.226209878921509, 14.125481605529785, 16.526792526245117, 3.226209878921509, 8.671452522277832, 0.0, 5.055562973022461, 8.28177261352539, 24.749414443969727, 8.447964668273926, 13.735800743103027, 3.615889310836792, 12.596091270446777, 14.734192848205566, 0.38967955112457275, 12.596091270446777, 24.749414443969727, 9.678629875183105, 0.0, 6.143671035766602, 0.0, 0.0, 24.749414443969727, 9.678629875183105, 5.75399112701416, 6.143671035766602, 9.456442832946777, 0.0, 0.0, 5.75399112701416, 9.811162948608398, 5.055562973022461, 0.0, 24.749414443969727, 16.263582229614258, 0.15573453175230295, 0.08287266645665552, 0.14166821333355567, 0.1411497446301966, 0.12227659181758335, 0.03915487098723201, 0.14102812892055633, 0.05836617128140365, 0.05312388134161639, 0.04441748230603508, 0.04901532444276698, 0.11573501036553495, 0.041303936415439266, 0.15397783626899436, 0.053548803726895924, 0.14955253711387448, 0.09334265483901685, 0.15253536622545694, 0.07664248164725686, 0.12914108643558403, 0.05559759758096997, 0.1800493280824939, 0.09356723689454423, 0.09537948733544632, 0.0966769997147911, 0.07015651890467854, 0.04221922458495778, 0.17957916482063357, 0.10108187854832401, 0.09219103460178582, 0.11044444773907768, 0.04694563072109723, 0.13785637558749786, 0.0890317329322176, 0.08092718410115224, 0.1584887350832561, 0.04606889257932283, 0.15075861320130018, 0.16918189418791604, 0.17856588124696038]"
AX0ZEGHH0H525,"[-0.40264400839805603, -0.20132200419902802, -0.20132200419902802, -0.6039659976959229, 0.0, 0.0, -0.20132200419902802, 0.0, 0.0, -0.20132200419902802, 0.0, -0.40264400839805603, -0.20132200419902802, -0.20132200419902802, -0.40264400839805603, 0.0, 0.0, -0.20132200419902802, -0.40264400839805603, 0.0, 0.0, -0.20132200419902802, -0.20132200419902802, 0.0, -0.20132200419902802, 0.0, 0.0, 0.0, 0.0, -0.20132200419902802, 0.0, -0.20132200419902802, 0.0, 0.0, -0.40264400839805603, -0.20132200419902802, -0.20132200419902802, 0.0, -0.20132200419902802, -0.20132200419902802, 0.10966260322353386, 0.09564560945986242, 0.14901322287292817, 0.16596158153425575, 0.02903192453434946, 0.04000067383665327, 0.11588979580007273, 0.11229666311155363, 0.10719875858036067, 0.15510322059797718, 0.03500196038654342, 0.12572442438823794, 0.06262598772888377, 0.15889057212404578, 0.1679355304941738, 0.09489047624535445, 0.1567421003394062, 0.11132941743715419, 0.16781244901346887, 0.028471271828405535, 0.03798621994522842, 0.053668749405789175, 0.019901414172420594, 0.14196385422505065, 0.07799838424432615, 0.1140870728427979, 0.11478267003435141, 0.059875584423697656, 0.04629216458475597, 0.10785505839966497, 0.13401763935344568, 0.049611458850870475, 0.04980601464988545, 0.10366795902618016, 0.11830397923329232, 0.04331863778043498, 0.04324050464269039, 0.09782583299786306, 0.1478858737609019, 0.0688820250127434]"
AX19QD7S32O5W,"[1.4465765953063965, 1.4465765953063965, 0.7232882976531982, 0.7232882976531982, 1.4465765953063965, 0.0, 1.4465765953063965, 0.7232882976531982, 0.0, 0.7232882976531982, 1.4465765953063965, 1.4465765953063965, 0.7232882976531982, 0.7232882976531982, 0.7232882976531982, 1.4465765953063965, 1.4465765953063965, 0.7232882976531982, 0.7232882976531982, 0.0, 0.7232882976531982, 1.4465765953063965, 0.7232882976531982, 0.0, 1.4465765953063965, 0.0, 0.7232882976531982, 0.7232882976531982, 0.7232882976531982, 0.7232882976531982, 0.7232882976531982, 1.4465765953063965, 0.0, 0.0, 0.7232882976531982, 0.7232882976531982, 0.7232882976531982, 0.7232882976531982, 1.4465765953063965, 0.7232882976531982, 0.029205258528323726, 0.1300998887777025, 0.13931038416531558, 0.06975579528068522, 0.14613064877238116, 0.046771360861649916, 0.06246102653414007, 0.07347371998214074, 0.07067212569562326, 0.15528826513138796, 0.15578892664626753, 0.09284638320370592, 0.12578017021264318, 0.07936599576041274, 0.1399091250871596, 0.0636844523459737, 0.09161247902307788, 0.1675652877480887, 0.03040678715780634, 0.03821903440799465, 0.08183875624161342, 0.11716803649518856, 0.10733614477593287, 0.13944643345600086, 0.11705273503690278, 0.10890545035635649, 0.10865641513085969, 0.10064388390808397, 0.10939353284043349, 0.11717848680525329, 0.0817630813349032, 0.1097229038695312, 0.1366188993095632, 0.036269788851962324, 0.09109733266741311, 0.035406251831227746, 0.15430049177537797, 0.12886312099248395, 0.11551228703107036, 0.05143820088074739]"
AX461TIEKR7CJ,"[23.7447452545166, 22.996816635131836, 11.598705291748047, 12.447240829467773, 22.82691192626953, 0.0, 24.749448776245117, 11.888521194458008, 0.47766435146331787, 24.749448776245117, 0.0, 23.69759750366211, 10.459920883178711, 24.546131134033203, 24.117658615112305, 23.20718765258789, 24.749448776245117, 23.955116271972656, 23.477449417114258, 0.0, 24.325984954833984, 12.469762802124023, 23.477449417114258, 0.0, 24.523609161376953, 0.0, 0.0, 11.818852424621582, 11.598705291748047, 0.0, 12.076369285583496, 24.749448776245117, 11.598705291748047, 0.0, 12.076369285583496, 11.818852424621582, 23.267080307006836, 23.955116271972656, 23.69759750366211, 22.996816635131836, 0.17377428996097805, 0.11406893900276137, 0.12566064612290734, 0.04685030369294231, 0.04805399143632775, 0.09528576021070484, 0.06714381637109026, 0.04852488352814128, 0.1553673712227685, 0.07565585218563446, 0.15905780363124317, 0.07103031658034124, 0.11940651740048636, 0.17302701800198442, 0.15043428566048606, 0.13774551494568343, 0.09044419330008031, 0.11943039965287515, 0.12024598569170324, 0.0914627010846078, 0.038705816811757, 0.04446924256552317, 0.12947088202435086, 0.10485136655855437, 0.08732748533669205, 0.15099973295274105, 0.04105033498601458, 0.08005490906277432, 0.15104556432320082, 0.17079974693409516, 0.1194643465819173, 0.06575690718423094, 0.0975021298697168, 0.1587428434829893, 0.13094226269508338, 0.08847863958305847, 0.1467119491455165, 0.1552073509150839, 0.09568933256468783, 0.04767873775017571]"
AX5SY5C2R0LRV,"[23.867502212524414, 24.7493839263916, 6.26357364654541, 14.10226058959961, 24.7493839263916, 4.5994873046875, 23.867502212524414, 24.7493839263916, 1.200035810470581, 23.289480209350586, 3.9440619945526123, 23.16808319091797, 20.82085418701172, 22.120193481445312, 24.245920181274414, 24.7493839263916, 21.313859939575195, 16.967681884765625, 20.72507095336914, 4.5994873046875, 24.7493839263916, 14.867325782775879, 18.82685661315918, 4.135807991027832, 20.935441970825195, 3.399451971054077, 4.5994873046875, 24.7493839263916, 5.203557968139648, 3.399451971054077, 5.270195960998535, 24.7493839263916, 3.9595305919647217, 0.0, 1.6827106475830078, 21.590866088867188, 17.70404052734375, 17.21499252319336, 24.7493839263916, 17.582643508911133, 0.13479087037876888, 0.03798820956929852, 0.04077552457237447, 0.10079007211632457, 0.11481628951509817, 0.12957629664526954, 0.12793685268984703, 0.07482158677234123, 0.08936016228263785, 0.040755160728370945, 0.14669387607756554, 0.17940941471798452, 0.09948203753657281, 0.12368265561700603, 0.17811526665878327, 0.03926376073160868, 0.11693372110516026, 0.11817574425631008, 0.17587174862011037, 0.17938505613347086, 0.11550809003721103, 0.13951286309588704, 0.0637936657914904, 0.03242784289743215, 0.17179252838777706, 0.12154539982943921, 0.08608935129641593, 0.03444529774517689, 0.057619817402534856, 0.033468788202685826, 0.08036762904242585, 0.16098253425048661, 0.1031914539551198, 0.06871703710666231, 0.12227272077116058, 0.13047524037314692, 0.1448814673924715, 0.10628630320027137, 0.09715275652345665, 0.161564925764944]"
AXCURT4DMJ5X,"[7.780390739440918, 7.780390739440918, 7.780390739440918, 7.780390739440918, 7.780390739440918, 7.780390739440918, 11.471723556518555, 0.45138075947761536, 7.780390739440918, 0.0, 0.0, 7.780390739440918, 7.780390739440918, 7.780390739440918, 19.25211524963379, 7.780390739440918, 7.780390739440918, 0.0, 7.780390739440918, 0.0, 7.780390739440918, 15.560781478881836, 7.780390739440918, 0.0, 7.780390739440918, 0.0, 0.0, 7.780390739440918, 0.45138075947761536, 15.560781478881836, 0.45138075947761536, 7.780390739440918, 0.0, 0.0, 7.780390739440918, 16.012161254882812, 7.780390739440918, 7.780390739440918, 8.231771469116211, 7.780390739440918, 0.17152337177192012, 0.16487600718063206, 0.06414629910432952, 0.1409241985854347, 0.035219530871592346, 0.12143494942349613, 0.05844704614828105, 0.10955239838649354, 0.13868879837755876, 0.04438839684622532, 0.14541311541060814, 0.11232016614976237, 0.10707066690339473, 0.11882297214209805, 0.09882640621261297, 0.172008868463485, 0.09400035700804728, 0.03048330966959707, 0.029388657825514506, 0.12524435435794537, 0.11731455083756315, 0.15896456342875037, 0.09993277390074526, 0.0983970638659418, 0.15430081942736995, 0.13452708479074013, 0.11528051410359175, 0.027591149530675745, 0.06669352588646471, 0.03516261882636161, 0.15185290474354, 0.04536402998809753, 0.0656857518634491, 0.15173359743259698, 0.15679074942963359, 0.034163576001490004, 0.07447560365009892, 0.08235004619112088, 0.07612806856968035, 0.16890683525567596]"
AXDHA80LYRYSE,"[2.6710338592529297, 2.6710338592529297, 3.460735321044922, 0.7897014617919922, 7.705565929412842, 0.0, 5.907020568847656, 0.0, 0.0, 2.6710338592529297, 0.0, 2.6710338592529297, 5.152512550354004, 3.460735321044922, 5.152512550354004, 2.6710338592529297, 2.6710338592529297, 0.0, 2.6710338592529297, 0.0, 7.941823482513428, 2.6710338592529297, 2.6710338592529297, 2.6710338592529297, 2.6710338592529297, 0.0, 0.0, 2.6710338592529297, 0.0, 0.0, 0.0, 4.215243339538574, 0.0, 0.0, 0.9907649755477905, 3.425541877746582, 2.6710338592529297, 2.6710338592529297, 6.897785186767578, 2.6710338592529297, 0.13180539999038965, 0.07006442774383058, 0.028144840419581357, 0.05516056650472827, 0.1586788305087777, 0.03422695908261628, 0.14899775435887785, 0.08353685643348316, 0.08529600480477449, 0.040656201589696975, 0.0872373428328078, 0.07853358930007012, 0.04048317633732042, 0.15887109775466118, 0.14530946360409064, 0.03832622964624106, 0.11641771814424998, 0.16291434175062308, 0.09043164277395693, 0.14016050609135705, 0.08613518102479324, 0.06903702647340938, 0.1103614682452861, 0.06205560876852951, 0.09200122348623378, 0.1596664168552833, 0.14968689908949048, 0.14054985676244244, 0.11152579235153963, 0.04100138381265481, 0.07451177934907575, 0.07578104753900929, 0.053317110787108365, 0.030566104127121477, 0.0959636432031386, 0.02492082995692542, 0.07689616307346378, 0.044059978864619966, 0.1140526243450799, 0.10668723317668961]"
AXF86QVFWFE4L,"[1.7439473867416382, 1.7439473867416382, 1.7439473867416382, 1.7439473867416382, 1.7439473867416382, 0.8719736933708191, 1.7439473867416382, 0.8719736933708191, 0.8719736933708191, 1.7439473867416382, 1.7439473867416382, 1.7439473867416382, 1.7439473867416382, 1.7439473867416382, 1.7439473867416382, 1.7439473867416382, 1.7439473867416382, 1.7439473867416382, 1.7439473867416382, 0.8719736933708191, 1.7439473867416382, 1.7439473867416382, 1.7439473867416382, 0.0, 1.7439473867416382, 0.0, 1.7439473867416382, 1.7439473867416382, 1.7439473867416382, 0.8719736933708191, 1.7439473867416382, 1.7439473867416382, 0.0, 0.0, 1.7439473867416382, 1.7439473867416382, 1.7439473867416382, 1.7439473867416382, 1.7439473867416382, 1.7439473867416382, 0.034613600124724704, 0.1288654692476071, 0.16378105103733415, 0.10639887313078103, 0.10032060452017326, 0.05929287928145333, 0.1300517411386278, 0.10328488645358981, 0.15011579737973962, 0.07258088524740162, 0.15965838518058342, 0.03233795754854616, 0.04415511610902416, 0.08516545286567703, 0.1069798129813234, 0.11251802041141992, 0.03568041483256135, 0.17025339762205474, 0.12834828087187905, 0.09332287723453311, 0.1281725549619408, 0.03426891675125903, 0.14564343947684902, 0.07915738233179433, 0.08646278933419778, 0.13896025343474303, 0.15301272375794617, 0.08997446787141522, 0.06513216480204898, 0.1462033766161891, 0.04022209050669631, 0.13616763016968697, 0.14671995920779826, 0.13226423383173333, 0.11665597667052345, 0.06482530866325575, 0.0381701258849324, 0.028465312584851188, 0.1627814315442291, 0.16945489982572637]"
AXIGAHX96N522,"[14.849610328674316, 14.849610328674316, 14.849610328674316, 14.696362495422363, 14.849610328674316, 4.0226850509643555, 14.849610328674316, 14.849610328674316, 7.4759626388549805, 14.849610328674316, 8.045185089111328, 14.849610328674316, 14.698219299316406, 14.849610328674316, 14.849610328674316, 14.849610328674316, 14.849610328674316, 13.22138786315918, 14.849610328674316, 4.0226850509643555, 14.849610328674316, 14.849610328674316, 14.849610328674316, 4.962962627410889, 14.849610328674316, 4.0226850509643555, 6.172240257263184, 14.849610328674316, 14.849610328674316, 13.64820384979248, 14.849610328674316, 14.849610328674316, 7.112703323364258, 0.0, 14.849610328674316, 14.849610328674316, 6.513039588928223, 9.925925254821777, 14.849610328674316, 14.849610328674316, 0.08345618838120415, 0.14611465217073127, 0.1135145108042253, 0.14399564162610023, 0.03061760420538603, 0.11650803128165697, 0.10601116440272468, 0.16035990412181383, 0.1468631490626816, 0.12648274424465422, 0.16036836777868724, 0.07150780165157884, 0.11683627809766871, 0.09873761280908104, 0.039493294704704834, 0.07785519120485469, 0.04140894910881587, 0.022075935196462004, 0.15638110194602559, 0.08603311195856612, 0.08338754474248594, 0.07891381642068594, 0.05670518738086793, 0.13224157166786257, 0.09116360777185205, 0.14287629678014466, 0.12323931484271416, 0.09258646293720617, 0.0986500523724733, 0.08529460264330138, 0.039638013438343854, 0.02225111053425031, 0.14166347828059045, 0.09783485943262776, 0.13714146364824933, 0.0549480155680928, 0.09835475792240672, 0.1443313450179332, 0.07022565533631177, 0.049393126302258505]"
AXIU0T1YPFUBX,"[3.308640241622925, 3.308640241622925, 3.308640241622925, 0.0, 3.308640241622925, 0.0, 9.07390022277832, 0.0, 0.0, 3.308640241622925, 0.0, 3.308640241622925, 9.07390022277832, 3.308640241622925, 3.308640241622925, 9.07390022277832, 3.308640241622925, 0.0, 9.07390022277832, 0.0, 9.07390022277832, 3.308640241622925, 3.308640241622925, 3.308640241622925, 9.07390022277832, 0.0, 0.0, 3.308640241622925, 0.0, 0.0, 0.0, 9.07390022277832, 0.0, 0.0, 0.0, 9.07390022277832, 3.308640241622925, 3.308640241622925, 9.07390022277832, 3.308640241622925, 0.10929135311248343, 0.15281929709023487, 0.0698490380685559, 0.05680755894647788, 0.12190006485657717, 0.10038342173469846, 0.1712548209428364, 0.1326054318131701, 0.07336799334533227, 0.09229465160748031, 0.07180754129847318, 0.06094005574737861, 0.13851639200130245, 0.05770115086709391, 0.0928820067536814, 0.0790600955586553, 0.09185961505493262, 0.05501559675112734, 0.03653092766738557, 0.04664613506516211, 0.08843532109826566, 0.09153822296244325, 0.10035681210733428, 0.08739473041204424, 0.16817628292341946, 0.08281141306075605, 0.06436511979456533, 0.08865269821602463, 0.06678623920978659, 0.032210738365672835, 0.13583759262457365, 0.1575107493557208, 0.16717419547977802, 0.11333110137815394, 0.0981994737136325, 0.09871149182486579, 0.09917475569318888, 0.17781217663774218, 0.17080985089121972, 0.09353296148109905]"
AXQAIG2XT292S,"[-1.1204098463058472, -1.1204098463058472, -0.7291697859764099, -1.0934576988220215, -1.1204098463058472, 0.0, -2.389960289001465, -0.7561219930648804, -0.3642879128456116, -2.930142879486084, -0.7291697859764099, -1.1204098463058472, -1.0934576988220215, -1.0934576988220215, -1.1204098463058472, -1.1204098463058472, -1.1204098463058472, -1.0934576988220215, -1.1204098463058472, -0.3642879128456116, -2.045595645904541, -2.389960289001465, -1.1204098463058472, 0.0, -1.1204098463058472, 0.0, -0.7291697859764099, -1.1204098463058472, -0.7291697859764099, -1.0934576988220215, -0.7291697859764099, -2.389960289001465, 0.0, 0.0, -1.0934576988220215, -1.073534369468689, -1.1204098463058472, -1.0934576988220215, -1.1204098463058472, -1.1204098463058472, 0.051032669346812796, 0.0548088038693667, 0.1473943717018238, 0.055511274027228996, 0.01645177247741801, 0.06855473797904382, 0.03960615819049724, 0.1276173784576024, 0.08455172229307654, 0.13363181893672785, 0.04995667949542134, 0.09277734268774537, 0.1204981222202724, 0.07504459580627927, 0.032087542266240124, 0.04359161094976301, 0.13757209901502887, 0.05242868472787313, 0.09772033264781449, 0.0642038381445727, 0.04286663106860743, 0.013432272690334162, 0.1250698713981053, 0.1363590810514875, 0.04130533313048125, 0.12223490661278764, 0.03804648713169287, 0.09959446077383262, 0.14507848422732147, 0.13920076497204373, 0.11749384739712185, 0.10832764652970174, 0.020737741110490038, 0.1427286264101057, 0.1333446303463417, 0.14850627588991838, 0.1386628242002482, 0.14566204536859578, 0.12344909071591054, 0.0507716668438175]"
AXRLM8I2VTIMV,"[9.249594688415527, 7.933768272399902, 0.7297609448432922, 2.0455877780914307, 12.276396751403809, 0.0, 9.249594688415527, 4.552949905395508, 4.696645259857178, 9.835660934448242, 3.2371232509613037, 8.663529396057129, 0.7297609448432922, 9.835660934448242, 1.4595218896865845, 8.5198335647583, 8.5198335647583, 5.282711029052734, 10.565422058105469, 0.7297609448432922, 2.6316535472869873, 1.3158267736434937, 7.471993446350098, 0.5860658884048462, 6.598537445068359, 0.0, 0.0, 6.012471675872803, 0.7297609448432922, 0.7297609448432922, 3.966884136199951, 10.565422058105469, 0.0, 0.0, 4.696645259857178, 4.696645259857178, 4.552949905395508, 2.0455877780914307, 9.249594688415527, 8.5198335647583, 0.06483788867091961, 0.16138469754653256, 0.07093580276820544, 0.1216220102433362, 0.12696535785136018, 0.03516396982778985, 0.13039947552357967, 0.08693404328189233, 0.13347863204411375, 0.12298156102383148, 0.16530877708575784, 0.027126953518560783, 0.16557302873020888, 0.1711885421584852, 0.11472851617662973, 0.12664105302629464, 0.07209442999507715, 0.13061507712873574, 0.08561264455387697, 0.12765310282135167, 0.10997959264651054, 0.028629780119630018, 0.1597413922931814, 0.04565918184348739, 0.0875216271572669, 0.1662081668202327, 0.09211395141565762, 0.1341824890286816, 0.05939718730956426, 0.1408910710838353, 0.06242387664150501, 0.15766572001797077, 0.08848423805522906, 0.07609300072702668, 0.052199195765212446, 0.09119927708253069, 0.10980799738497271, 0.10028704857517062, 0.09801443196004486, 0.15498819591361016]"
AXZPSRWKSDO27,"[2.221871852874756, 1.6185541152954102, 0.0, -0.10456652194261551, 6.205163955688477, 0.0, 9.98567008972168, 3.2371082305908203, 0.0, 4.691176414489746, 1.6185541152954102, 4.691176414489746, 0.0, 1.5139875411987305, 4.691176414489746, 1.6185541152954102, 6.309730529785156, -0.10456652194261551, 1.5139875411987305, 0.0, -0.10456652194261551, 0.0, 0.0, 0.0, 1.6185541152954102, 0.0, 0.0, 0.0, 1.5139875411987305, 0.0, 0.0, 6.309730529785156, 0.0, 0.0, -0.10456652194261551, 0.0, 1.6185541152954102, 0.0, 3.2371082305908203, 1.6185541152954102, 0.03686076467981388, 0.07685551640810039, 0.036494229645245714, 0.0546178262824567, 0.03665737008218423, 0.15518562873749184, 0.0633784749832055, 0.0693985180673819, 0.02218579916718933, 0.03715369994460626, 0.055151105351747776, 0.1028661225342444, 0.13230753501829468, 0.12584421595458178, 0.05905173436642943, 0.15944728164103206, 0.1223495168281267, 0.09818684787775447, 0.11395836181337857, 0.04160274383311257, 0.03961729474007172, 0.09413518710276593, 0.11266222350142158, 0.1302007414941739, 0.07269623937099248, 0.06375091582396913, 0.03191716179520023, 0.11698697208089605, 0.15792912256571923, 0.09981896064749707, 0.13102443662352095, 0.13067780353175223, 0.10773092831794627, 0.03776281041080164, 0.03140725555993528, 0.05167626193101817, 0.04843249401579765, 0.09332605678639848, 0.15395441365253992, 0.1523757517649661]"
AY8XPOPF0OVO5,"[8.478189468383789, 6.673080921173096, 2.7681500911712646, -1.0889158248901367, 8.057600975036621, 1.7583822011947632, 8.172140121459961, -0.01341407373547554, 5.04844331741333, 5.518975734710693, 6.492164134979248, 1.9858769178390503, 8.744837760925293, 4.755908012390137, 8.465418815612793, 10.457284927368164, 8.79324722290039, 3.088305950164795, 3.7061452865600586, 5.919467449188232, 9.603387832641602, 4.4757466316223145, 4.732940673828125, 0.0, 4.823374271392822, 0.7151532769203186, 0.7151532769203186, 2.14174747467041, 3.3948495388031006, -3.114985466003418, 3.4180150032043457, 6.48751163482666, 0.7151532769203186, 0.0, 6.016979217529297, 3.156168222427368, -0.02588767744600773, 6.091672420501709, 10.701213836669922, 8.01626968383789, 0.06503038089288886, 0.12626544046200053, 0.07163883589958046, 0.03278793185429546, 0.12532586486887215, 0.08196755706027106, 0.06180353257218679, 0.08025679392746654, 0.1417766209253094, 0.13181738434348766, 0.06794836538821325, 0.07581160822267961, 0.16797355462906405, 0.15882496040265048, 0.12569545998941647, 0.09120149774583876, 0.04228803441238337, 0.06806573330482947, 0.1578750453712545, 0.11603578551144485, 0.15361478242607488, 0.16628398401230188, 0.026675199225339785, 0.06122927560639787, 0.09986148896073471, 0.03693365366310781, 0.14584594558483674, 0.0565838406031631, 0.06205435474042274, 0.16854175581327213, 0.11904550011208023, 0.11740023467519216, 0.14448447759898922, 0.1508101310604808, 0.05812762531972145, 0.13437620792839294, 0.10008498450285894, 0.10231957139295453, 0.06779355069130535, 0.13539293101108613]"
AYKOSAJTP5AVS,"[0.31649914383888245, 0.31649914383888245, 0.6329982876777649, 0.31649914383888245, 0.31649914383888245, 0.0, 0.31649914383888245, 0.0, 0.0, 0.0, 0.0, 0.31649914383888245, 0.6329982876777649, 0.31649914383888245, 0.6329982876777649, 0.6329982876777649, 0.31649914383888245, 0.6329982876777649, 0.6329982876777649, 0.0, 0.31649914383888245, 0.0, 0.6329982876777649, 0.0, 0.0, 0.0, 0.31649914383888245, 0.31649914383888245, 0.955223023891449, 0.31649914383888245, 0.6329982876777649, 0.6329982876777649, 0.31649914383888245, 0.0, 0.6329982876777649, 0.0, 0.0, 0.0, 0.4776115119457245, 0.31649914383888245, 0.06752506617444416, 0.05366413932594836, 0.07717267434777617, 0.03348020170401971, -0.013754049109387514, 0.09067413137286773, 0.0737128877820531, 0.13062697425980715, 0.08841505712280853, -0.013249041024423312, 0.024265423740241397, 0.10283144999159613, -0.0031670493811563035, 0.09477476156454051, 0.02754543467957339, 0.08666379700289523, -0.013225776903938518, 0.10900990360981533, 0.10256455403433351, 0.1088055537051786, 0.005599459336217292, 0.11210374316770498, 0.07959192216413262, 0.11388979147859979, 0.07694472935821996, 0.10482027479177398, 0.05766830644812629, 0.0023398383696853478, 0.09855848680363602, 0.020583153566172425, -0.005052197549446819, 0.11451224828205257, 0.09569305134467661, 0.09048310506337479, 0.1237530310284448, 0.06994336971039182, 0.06435412767907737, 0.0855638625253769, 0.062123902461880806, 0.09883136342385496]"
AYNTULRNAIPNY,"[5.5811872482299805, 5.958444595336914, 6.577208042144775, 6.159320831298828, 5.622276306152344, 0.38154345750808716, 4.962656497955322, 1.6218565702438354, 5.361474514007568, 2.2764225006103516, 3.6544291973114014, 3.989511013031006, 2.9877231121063232, 2.1930525302886963, 5.960357666015625, 4.978714942932129, 2.6099863052368164, 2.5580005645751953, 1.364811897277832, 1.0642964839935303, 5.201101303100586, 5.398197650909424, 0.7020268440246582, 0.0, 7.643825531005859, 0.38154345750808716, 1.574275016784668, 5.78393030166626, 2.380727767944336, 5.851970672607422, 5.766330242156982, 5.245619297027588, 0.8384743928909302, 0.0, 5.649501800537109, 6.149543762207031, 0.24318364262580872, 5.530616283416748, 5.780618667602539, 7.724257469177246, 0.004134858500660057, 0.11036047259722419, 0.09289193787602794, 0.09371962005622678, 0.14446012649283715, 0.02580720546793636, 0.04370821072131831, 0.1080800707873257, 0.15078853601168177, 0.06866909605829537, 0.021882114804169208, 0.11043360616393826, 0.026264135179467202, 0.12890073142551206, 0.02291390766788836, 0.063862192522557, 0.15315156414108103, 0.009329043303677273, 0.11090499289132973, 0.11357749271585384, 0.073756165096435, 0.1336221078312291, 0.10659462472365713, 0.05441201390364641, 0.052068414192227144, 0.07281842210827488, 0.08566519711448566, 0.12294862064189076, 0.11210708104632208, 0.15657570015909106, 0.0987918208627767, 0.056971243024085766, 0.13998366163010606, 0.048369542668328463, 0.10794445938846498, 0.13475115330256474, 0.07739740526467305, 0.06803645290989144, 0.02603991185215989, 0.025621449817210276]"
AYORX1AK30JMB,"[8.82742977142334, 6.5838446617126465, 2.706895112991333, 6.5838446617126465, 7.618717670440674, 0.0, 7.618717670440674, 1.9384747743606567, 3.8769495487213135, 6.5838446617126465, 1.9384747743606567, 6.5838446617126465, 6.5838446617126465, 6.352190017700195, 7.618717670440674, 6.5838446617126465, 7.850372314453125, 7.618717670440674, 7.850372314453125, 3.8769495487213135, 6.5838446617126465, 5.81542444229126, 7.850372314453125, 0.0, 6.5838446617126465, 0.0, 1.9384747743606567, 6.5838446617126465, 2.706895112991333, 6.5838446617126465, 2.475240468978882, 7.850372314453125, 0.0, 0.0, 6.5838446617126465, 2.706895112991333, 5.81542444229126, 6.5838446617126465, 7.850372314453125, 7.850372314453125, 0.14719846529084013, 0.04783943895579453, 0.04249432677155719, 0.0951193182066034, 0.04102246460878296, 0.0917316797636692, 0.15614569051771357, 0.02747431999291903, 0.07531927443948468, 0.10753027366581086, 0.11694961366845626, 0.1620358999116901, 0.1584044279415773, 0.06373825062444033, 0.1464061117889516, 0.08458002844908706, 0.1652463468987352, 0.1371688085235347, 0.17168894798735668, 0.04961515587060108, 0.14961100700085755, 0.09536658013717049, 0.07209829147246802, 0.1731487519010786, 0.15312405643825172, 0.039084768001633824, 0.14718255012581657, 0.16450511883289531, 0.03652068786462383, 0.12803808125038094, 0.08624877206386743, 0.05539417684082627, 0.15605629611759694, 0.07009524167682682, 0.14723714446016103, 0.17181335096452227, 0.06129690905913854, 0.07235994990985772, 0.09774813238699583, 0.04559906288519108]"
AYY463Q7V3LTU,"[-0.8554328083992004, 0.8719653487205505, 0.8719653487205505, -3.2728400230407715, -5.000237941741943, 0.8719653487205505, 2.0806686878204346, 0.0, 0.8719653487205505, 0.8719653487205505, 0.8719653487205505, 0.8719653487205505, -3.2728400230407715, -7.417645454406738, 3.289372444152832, 0.8719653487205505, -2.064136505126953, 3.289372444152832, -6.20894193649292, 0.8719653487205505, 0.8719653487205505, 0.8719653487205505, -0.8554328083992004, 0.0, -3.2728400230407715, 0.0, 0.8719653487205505, -3.2728400230407715, -2.064136505126953, -8.289610862731934, -3.2728400230407715, -2.064136505126953, 0.0, 0.0, 0.8719653487205505, -3.2728400230407715, 0.8719653487205505, 0.8719653487205505, 2.0806686878204346, -2.064136505126953, 0.1773438461903701, 0.1590688691816854, 0.04139961597691183, 0.07576111664048946, 0.17445924576717867, 0.051358831049759655, 0.038981958607253946, 0.15047751633499265, 0.13180029985805436, 0.16284456401040884, 0.13515015904772998, 0.1482915331159244, 0.11111691890041173, 0.12856528671523879, 0.04998671965845855, 0.06383955474974594, 0.12337551379444886, 0.07840173146575198, 0.03196800363927534, 0.050147544201876046, 0.07506119263070947, 0.06003098742364316, 0.03867725367355631, 0.049634614934974744, 0.11044934325588349, 0.06637957848765177, 0.15303409514615895, 0.11985546065455203, 0.10221836891925688, 0.09469317211072835, 0.08424829767301516, 0.17202362500716623, 0.07722610813446242, 0.1031350784202226, 0.06536247017875638, 0.15509945207424622, 0.05135836671422698, 0.056170185101932786, 0.1368835384073088, 0.16753277482545348]"
AZ4T3DDT8L9EQ,"[0.5363128185272217, 0.5363128185272217, 0.5363128185272217, 0.678037703037262, 0.5363128185272217, 0.5363128185272217, 0.5363128185272217, 0.5363128185272217, 0.0, 0.0, 0.5363128185272217, 0.5363128185272217, 0.5363128185272217, 0.5363128185272217, 0.5363128185272217, 0.5363128185272217, 0.5363128185272217, 0.5363128185272217, 0.5363128185272217, 0.5363128185272217, 0.5363128185272217, 0.0, 0.5363128185272217, 0.0, 0.5363128185272217, 0.5363128185272217, 0.5363128185272217, 0.5363128185272217, 0.5363128185272217, 0.5363128185272217, 0.5363128185272217, 0.5363128185272217, 0.5363128185272217, 0.0, 0.5363128185272217, 0.678037703037262, 0.0, 0.0, 0.5363128185272217, 0.5363128185272217, 0.10843035372526698, 0.12397687670132762, 0.13145429521624308, 0.08398374447215504, 0.126474437917577, 0.08374563080240867, 0.13923985204077077, 0.16551311148820896, 0.15305076584013633, 0.03536727329425562, 0.1260552131383593, 0.08758269938974686, 0.1618740780280429, 0.11312753769436405, 0.1472983297703821, 0.07129428715793729, 0.12394110494743782, 0.052269636592837065, 0.029997289905456716, 0.11028426686613436, 0.14361510901475225, 0.06496344083645675, 0.053300278932209226, 0.09525905860488834, 0.14253175914834523, 0.02030130162368028, 0.10543589920176247, 0.06104224235413439, 0.04495738605864517, 0.08245809896878387, 0.06791615803164879, 0.037942102676982885, 0.10267864058477053, 0.08254904118198049, 0.16291870562609082, 0.14687522760354926, 0.08954805573591308, 0.1300447178841271, 0.03188529481863135, 0.1643391115506704]"
AZ520NWW40I9B,"[10.438335418701172, 13.656706809997559, 2.843862295150757, 2.4194583892822266, 13.656706809997559, 0.1761172115802765, 6.152519702911377, 4.622161388397217, 0.08805860579013824, 6.152519702911377, 1.2661828994750977, 6.652409553527832, 2.843862295150757, 6.152519702911377, 12.480810165405273, 8.194994926452637, 5.816174507141113, 0.8543516397476196, 11.026284217834473, -0.5879483819007874, 8.305575370788574, 4.210330009460449, 12.732414245605469, 3.3967158794403076, 6.152519702911377, 0.0, 0.0, 5.474285125732422, 2.8968262672424316, 3.9790215492248535, 1.0122532844543457, 6.740468502044678, 3.30865740776062, 0.0, -0.4998897612094879, 4.798278331756592, 4.710219860076904, 6.793431758880615, 12.003442764282227, 6.152519702911377, 0.04315115004570827, 0.1133746729105768, 0.1264623265378327, 0.1595803121185743, 0.17372151281681397, 0.10386648178035372, 0.05570592593694913, 0.13283504769785234, 0.14065744736019387, 0.051725832888457356, 0.13635534929969803, 0.11596218094927113, 0.11525989362585991, 0.10671720004129323, 0.13609615845233947, 0.11107750960835285, 0.07355668222130674, 0.03950159345130395, 0.08719294207039742, 0.07842336113846618, 0.02450831126560205, 0.1520145911280577, 0.05294230508391334, 0.1060069533013106, 0.07780221370529851, 0.027575573284954687, 0.026093331515315104, 0.12147021289893514, 0.13310571873894017, 0.1078121626361215, 0.09493994842428534, 0.02382854342961404, 0.11237542524027046, 0.15766947386826866, 0.02808931599321622, 0.05279673882241828, 0.03874712450994107, 0.15694330324095868, 0.10138024266246923, 0.09429377656857456]"
AZCOSCQG73JZ1,"[0.27248936891555786, 0.0, 0.27248936891555786, 0.0, 0.5449787378311157, 0.0, 0.5449787378311157, 0.0, 0.0, 0.5449787378311157, 0.27248936891555786, 0.27248936891555786, 0.27248936891555786, 0.27248936891555786, 0.27248936891555786, 0.27248936891555786, 0.5449787378311157, 0.0, 0.5449787378311157, 0.0, 0.5449787378311157, 0.5449787378311157, 0.27248936891555786, 0.0, 0.27248936891555786, 0.27248936891555786, 0.0, 0.27248936891555786, 0.0, 0.0, 0.27248936891555786, 0.27248936891555786, 0.0, 0.0, 0.0, 0.5449787378311157, 0.27248936891555786, 0.27248936891555786, 0.5449787378311157, 0.5449787378311157, 0.08543939647713372, 0.11990052368521793, 0.12690675076473495, 0.06000108865447042, 0.15793920860710084, 0.13183733241798828, 0.044108557679911065, 0.16417285248895405, 0.03597542506838172, 0.17122669667032284, 0.09892995662227012, 0.05619796473851215, 0.07403724919825475, 0.05776245815480661, 0.06313727035198954, 0.054951026402711385, 0.15611951551580516, 0.10718898791651148, 0.08734706375571, 0.05352369652789315, 0.17818857801012777, 0.13223265702716025, 0.10458925663516837, 0.12000584645154899, 0.11714767025683583, 0.12400948568380499, 0.17326830037094487, 0.0778961229526592, 0.1019354962111189, 0.13650112274464052, 0.16689163900292547, 0.045818840662121434, 0.10924755813946446, 0.17972264796119153, 0.1694259144568782, 0.12227577848553617, 0.149300097240026, 0.03431559431320149, 0.12719731748548432, 0.06049689253756679]"
AZD3ON9ZMEGL6,"[1.3687587976455688, 2.3050241470336914, 1.6584738492965698, 2.229402542114258, 2.3146018981933594, 1.2931374311447144, 2.3050241470336914, -1.0001554489135742, 1.6488958597183228, 1.3687587976455688, 2.3689143657684326, 5.771877765655518, 2.3784921169281006, 2.3784921169281006, 1.3687587976455688, 1.3687587976455688, 1.3591808080673218, 2.3689143657684326, 1.3687587976455688, 1.6488958597183228, 1.3687587976455688, 0.7327518463134766, 1.7085540294647217, 0.0, 1.3687587976455688, 0.0, 1.6488958597183228, 0.6487404108047485, 2.3689143657684326, 0.9458432197570801, 1.6584738492965698, 1.3687587976455688, 0.0, 0.0, 2.3689143657684326, 2.5947389602661133, 1.4527702331542969, 2.3689143657684326, 1.3687587976455688, 1.3687587976455688, 0.09496528885301143, 0.09392499032740523, 0.07693244138650839, 0.11761039379707665, 0.14426150249708827, 0.07277087336513369, 0.05012752173583634, 0.10988992035874408, 0.033004085770777715, 0.07384651569138968, 0.056278284992673844, 0.14486659686612474, 0.06477078681937415, 0.12690285787416253, 0.03219788657044082, 0.13567454180089672, 0.16036241046746158, 0.12443072971930777, 0.10450088969759021, 0.02588303824666313, 0.11782790662201265, 0.08564625186348614, 0.031108281209792695, 0.10515794784032881, 0.09217917106687697, 0.07421890750391064, 0.12092526616790511, 0.053648488885047654, 0.16171804264900363, 0.10053835589958403, 0.11385797806248057, 0.08905309631646709, 0.05472670981313854, 0.07284402361415311, 0.1476018989402768, 0.12105731603598668, 0.0477280698131922, 0.14953073481342005, 0.11938436172094669, 0.022138533906164073]"
AZFYUPGEE6KLW,"[7.4337382316589355, 4.739069938659668, 4.259054660797119, 3.0847439765930176, 7.4337382316589355, 2.1687428951263428, 8.438837051391602, 0.4359859228134155, 2.6047286987304688, 5.744168758392334, 2.6047286987304688, 4.259054660797119, 3.823068857192993, 5.744168758392334, 8.918851852416992, 4.695040702819824, 6.517736911773682, 5.2993974685668945, 8.918851852416992, 2.1687428951263428, 4.259054660797119, 4.259054660797119, 7.4337382316589355, 1.6543259620666504, 4.259054660797119, 0.0, 2.1687428951263428, 4.259054660797119, 2.6047286987304688, 0.4359859228134155, 2.6047286987304688, 8.438837051391602, 0.0, 0.0, 2.6047286987304688, 4.259054660797119, 3.823068857192993, 4.259054660797119, 8.918851852416992, 8.438837051391602, 0.10820327710790277, 0.10384438035287474, 0.13420407016463082, 0.05042501928998906, 0.0791645061430168, 0.07329230858156531, 0.08916912044322386, 0.03254357323579346, 0.142763389767112, 0.09953700355708298, 0.05798731526274183, 0.12712721604658644, 0.09216010665760684, 0.03149294651602498, 0.1233446152175051, 0.1209588036947859, 0.08456822285820145, 0.022078253362790814, 0.040664175527486295, 0.1563570575384731, 0.08107607125544095, 0.05284069375138348, 0.16208128725513524, 0.12071239972398186, 0.04020864801955647, 0.11120761459957881, 0.14260495966916018, 0.16113196991874557, 0.14169567681320971, 0.13149018048697708, 0.13700742944447675, 0.08943233978739033, 0.07420770791896439, 0.10225553391781408, 0.04858127892790698, 0.12256514709130978, 0.13043266480472193, 0.07534394498734555, 0.04599929728473841, 0.04620482627160278]"
AZJMUP77WBQZQ,"[0.0, 0.0, 0.0, 0.6478357315063477, 6.793018817901611, 0.0, 6.793018817901611, 0.0, 0.6478357315063477, 6.793018817901611, 0.0, 6.145183086395264, 0.0, 0.6478357315063477, 0.0, 0.0, 6.793018817901611, 0.0, 0.6478357315063477, 0.0, 0.0, 0.0, 0.0, 0.0, 0.0, 0.0, 0.0, 0.0, 0.0, 0.0, 0.0, 6.145183086395264, 0.0, 0.0, 0.0, 0.0, 0.0, 0.0, 0.6478357315063477, 0.6478357315063477, 0.15148053429562097, 0.13908619829878321, 0.10660484263429486, 0.09289827744588054, 0.11775574303778354, 0.12410164030657672, 0.1575963032740118, 0.12136241822752748, 0.09287225526869973, 0.08748369969463674, 0.09983145079339349, 0.037370722247382394, 0.16133000382539134, 0.11563137055312109, 0.037558384022975094, 0.14384846093272904, 0.1465842446289417, 0.10122336478660023, 0.03647802509801538, 0.028688472740547293, 0.06593850946169262, 0.1708606758343569, 0.14778093831459904, 0.16725246383362025, 0.14830214830891966, 0.12621213061686448, 0.08506437444720746, 0.15039221767156194, 0.11830023788596616, 0.08728574411769284, 0.07830362483748299, 0.0664007331866135, 0.045233433236910016, 0.14023796502316255, 0.09542674024851103, 0.14063518292621616, 0.03762054511303783, 0.1277494251650557, 0.12747166597418852, 0.07734847091313808]"
AZRD4IZU6TBFV,"[2.365494728088379, 2.365494728088379, 1.1387741565704346, 1.7521343231201172, 2.365494728088379, 0.5363653898239136, 2.365494728088379, 1.1387741565704346, 0.6133602261543274, 1.8291292190551758, 1.7521343231201172, 2.365494728088379, 2.365494728088379, 2.365494728088379, 2.365494728088379, 2.365494728088379, 2.365494728088379, 2.365494728088379, 2.365494728088379, 1.1497255563735962, 2.365494728088379, 1.2157689332962036, 1.7521343231201172, 0.0, 2.365494728088379, 0.5363653898239136, 1.1387741565704346, 1.7521343231201172, 1.7521343231201172, 1.7521343231201172, 1.1387741565704346, 2.365494728088379, 0.5363653898239136, 0.0, 2.365494728088379, 1.1387741565704346, 1.8291292190551758, 1.8291292190551758, 2.365494728088379, 2.365494728088379, 0.06410608339717858, 0.10538554572648343, 0.13484214928734867, 0.03647667758743676, 0.030842285820436962, 0.13942617586748143, 0.15824517759172244, 0.09882193583618978, 0.0704665041167955, 0.058917205110922535, 0.16772045483107043, 0.0424251748442776, 0.09486817281952808, 0.03075652342694764, 0.0648637663499778, 0.14952510387708087, 0.11130614033357925, 0.14132801698327907, 0.02666034396298131, 0.13192150971090164, 0.06209387709355844, 0.11451653799365913, 0.026390094231167338, 0.16404230009866458, 0.03600198240462051, 0.16415474133968766, 0.16718923083865447, 0.15949554176390232, 0.0433090296104446, 0.05863994030168184, 0.14897529601319154, 0.029491052587138366, 0.11607661504819472, 0.03120856020505176, 0.13203664363727857, 0.14710752673901203, 0.10717903582752115, 0.1358466752309265, 0.09981838131266015, 0.15206610396418022]"
